CPID;ChrgSessID;ChrgTime;EVID;LOC;MaxCHACPower;MaxCHDCPower;MaxDischACPower;MaxDischDCPower;PluginTime;PlugoutTime;PowerCH;SOCEnd;SOCStart;SwID;Time
20210402T011733; 1557.910;679:09:02;5f5cb08bef270700062e9f22;P2D2L2;22.0;46.0;;;20210401T234732;20210430T065634;328.6600000000001;100.0;100.0;1.8.5;20210401T234732
20210401T234733; 1545.110
20210402T000233; 1548.530
20210402T001733; 1552.260
20210402T003233; 1555.620
20210402T004733; 1557.180
20210402T010233; 1557.910
20210402T011733; 1557.910
20210402T013233; 1557.910
20210402T014733; 1557.910
20210402T020233; 1557.910
20210402T021733; 1557.910
20210402T023233; 1557.910
20210402T024733; 1557.910
20210402T030233; 1557.910
20210402T031733; 1557.920
20210402T033233; 1557.920
20210402T034733; 1557.920
20210402T040233; 1557.920
20210402T041733; 1557.920
20210402T043233; 1557.920
20210402T044733; 1557.920
20210402T050233; 1557.920
20210402T051733; 1557.920
20210402T053233; 1557.930
20210402T054733; 1557.930
20210402T060233; 1557.930
20210402T061733; 1557.930
20210402T063233; 1557.930
20210402T064733; 1557.930
20210402T070233; 1557.930
20210402T071733; 1557.930
20210402T073233; 1557.930
20210402T074733; 1557.930
20210402T080233; 1557.940
20210402T081733; 1557.940
20210402T083233; 1557.940
20210402T084733; 1557.940
20210402T090233; 1558.080
20210402T091733; 1558.300
20210402T093233; 1558.300
20210402T094733; 1558.300
20210402T100233; 1558.300
20210402T101733; 1558.300
20210402T103233; 1558.300
20210402T104733; 1558.300
20210402T110233; 1558.300
20210402T111733; 1558.300
20210402T113233; 1558.310
20210402T114733; 1558.310
20210402T120233; 1558.310
20210402T121733; 1558.310
20210402T123233; 1558.310
20210402T124733; 1558.310
20210402T130233; 1558.310
20210402T131733; 1558.310
20210402T133233; 1558.310
20210402T134733; 1558.320
20210402T140233; 1558.320
20210402T141733; 1558.320
20210402T143233; 1558.320
20210402T144733; 1558.320
20210402T150233; 1558.320
20210402T151733; 1558.320
20210402T153233; 1558.320
20210402T154733; 1558.320
20210402T160233; 1558.320
20210402T161733; 1558.330
20210402T163233; 1558.330
20210402T164733; 1558.330
20210402T170233; 1558.330
20210402T171733; 1558.330
20210402T173233; 1558.330
20210402T174733; 1558.330
20210402T180233; 1558.330
20210402T181733; 1558.330
20210402T183233; 1558.340
20210402T184733; 1558.340
20210402T190233; 1558.340
20210402T191733; 1558.340
20210402T193233; 1558.340
20210402T194733; 1558.340
20210402T200233; 1558.340
20210402T201733; 1558.340
20210402T203233; 1558.340
20210402T204733; 1558.340
20210402T210233; 1558.350
20210402T211733; 1558.350
20210402T213233; 1558.350
20210402T214733; 1558.350
20210402T220233; 1558.350
20210402T221733; 1558.350
20210402T223233; 1558.350
20210402T224733; 1558.350
20210402T230233; 1558.350
20210402T231733; 1558.350
20210402T233233; 1558.360
20210402T234733; 1558.360
20210403T000233; 1558.360
20210403T001733; 1558.360
20210403T003233; 1558.360
20210403T004733; 1558.360
20210403T010233; 1558.360
20210403T011733; 1558.360
20210403T013233; 1558.360
20210403T014733; 1558.370
20210403T020233; 1558.370
20210403T021733; 1558.370
20210403T023233; 1558.370
20210403T024733; 1558.370
20210403T030233; 1558.370
20210403T031733; 1558.370
20210403T033233; 1558.370
20210403T034733; 1558.370
20210403T040233; 1558.370
20210403T041733; 1558.380
20210403T043233; 1558.380
20210403T044733; 1558.380
20210403T050233; 1558.380
20210403T051733; 1558.380
20210403T053233; 1558.380
20210403T054733; 1558.380
20210403T060233; 1558.380
20210403T061733; 1558.380
20210403T063233; 1558.380
20210403T064733; 1558.390
20210403T070233; 1558.390
20210403T071733; 1558.390
20210403T073233; 1558.390
20210403T074733; 1558.390
20210403T080233; 1558.390
20210403T081733; 1558.390
20210403T083233; 1558.390
20210403T084733; 1558.390
20210403T090233; 1558.400
20210403T091733; 1558.400
20210403T093233; 1558.400
20210403T094733; 1558.400
20210403T100233; 1558.400
20210403T101733; 1558.400
20210403T103233; 1558.400
20210403T104733; 1558.400
20210403T110233; 1558.400
20210403T111733; 1558.400
20210403T113233; 1558.410
20210403T114733; 1558.410
20210403T120233; 1558.410
20210403T121733; 1558.410
20210403T123233; 1558.410
20210403T124733; 1558.410
20210403T130233; 1558.410
20210403T131733; 1558.410
20210403T133233; 1558.410
20210403T134733; 1558.420
20210403T140233; 1558.420
20210403T141733; 1558.420
20210403T143233; 1558.420
20210403T144733; 1558.420
20210403T150233; 1558.420
20210403T151733; 1558.420
20210403T153233; 1558.420
20210403T154733; 1558.420
20210403T160233; 1558.420
20210403T161733; 1558.430
20210403T163233; 1558.430
20210403T164733; 1558.430
20210403T170233; 1558.430
20210403T171733; 1558.430
20210403T173233; 1558.430
20210403T174733; 1558.430
20210403T180233; 1558.430
20210403T181733; 1558.430
20210403T183233; 1558.430
20210403T184733; 1558.440
20210403T190233; 1558.440
20210403T191733; 1558.440
20210403T193233; 1558.440
20210403T194733; 1558.440
20210403T200233; 1558.440
20210403T201733; 1558.440
20210403T203233; 1558.440
20210403T204733; 1558.440
20210403T210233; 1558.450
20210403T211733; 1558.450
20210403T213233; 1558.450
20210403T214733; 1558.450
20210403T220233; 1558.450
20210403T221733; 1558.450
20210403T223233; 1558.450
20210403T224733; 1558.450
20210403T230233; 1558.450
20210403T231733; 1558.450
20210403T233233; 1558.460
20210403T234733; 1558.460
20210404T000233; 1558.460
20210404T001733; 1558.460
20210404T003233; 1558.460
20210404T004733; 1558.460
20210404T010233; 1558.460
20210404T011733; 1558.460
20210404T013233; 1558.460
20210404T014733; 1558.460
20210404T020233; 1558.470
20210404T021733; 1558.470
20210404T023233; 1558.470
20210404T024733; 1558.470
20210404T030233; 1558.470
20210404T031733; 1558.470
20210404T033233; 1558.470
20210404T034733; 1558.470
20210404T040233; 1558.470
20210404T041733; 1558.480
20210404T043233; 1558.480
20210404T044733; 1558.480
20210404T050233; 1558.480
20210404T051733; 1558.480
20210404T053233; 1558.480
20210404T054733; 1558.480
20210404T060233; 1558.480
20210404T061733; 1558.480
20210404T063233; 1558.480
20210404T064733; 1558.490
20210404T070233; 1558.490
20210404T071733; 1558.490
20210404T073233; 1558.490
20210404T074733; 1558.490
20210404T080233; 1558.490
20210404T081733; 1558.490
20210404T083233; 1558.490
20210404T084733; 1558.490
20210404T090233; 1558.490
20210404T091733; 1558.730
20210404T093233; 1558.860
20210404T094733; 1558.990
20210404T100233; 1559.130
20210404T101733; 1559.260
20210404T103233; 1559.390
20210404T104733; 1559.520
20210404T110233; 1559.660
20210404T111733; 1559.790
20210404T113233; 1559.920
20210404T114733; 1560.050
20210404T120233; 1560.190
20210404T121733; 1560.320
20210404T123233; 1560.450
20210404T124733; 1560.580
20210404T130233; 1560.720
20210404T131733; 1560.850
20210404T133233; 1560.980
20210404T134733; 1561.110
20210404T140233; 1561.250
20210404T141733; 1561.380
20210404T143233; 1561.510
20210404T144733; 1561.640
20210404T150233; 1561.770
20210404T151733; 1561.850
20210404T153233; 1561.850
20210404T154733; 1561.850
20210404T160233; 1561.850
20210404T161733; 1561.850
20210404T163233; 1561.850
20210404T164733; 1561.850
20210404T170233; 1561.850
20210404T171733; 1561.850
20210404T173233; 1561.860
20210404T174733; 1561.860
20210404T180233; 1561.860
20210404T181733; 1561.860
20210404T183233; 1561.860
20210404T184733; 1561.860
20210404T190233; 1561.860
20210404T191733; 1561.860
20210404T193233; 1561.860
20210404T194733; 1561.860
20210404T200233; 1561.870
20210404T201733; 1561.870
20210404T203233; 1561.870
20210404T204733; 1561.870
20210404T210233; 1561.870
20210404T211733; 1561.870
20210404T213233; 1561.870
20210404T214733; 1561.870
20210404T220233; 1561.870
20210404T221733; 1561.880
20210404T223233; 1561.880
20210404T224733; 1561.880
20210404T230233; 1561.880
20210404T231733; 1561.880
20210404T233233; 1561.880
20210404T234733; 1561.880
20210405T000233; 1561.880
20210405T001733; 1561.880
20210405T003233; 1561.880
20210405T004733; 1561.890
20210405T010233; 1561.890
20210405T011733; 1561.890
20210405T013233; 1561.890
20210405T014733; 1561.890
20210405T020233; 1561.890
20210405T021733; 1561.890
20210405T023233; 1561.890
20210405T024733; 1561.890
20210405T030233; 1561.900
20210405T031733; 1561.900
20210405T033233; 1561.900
20210405T034733; 1561.900
20210405T040233; 1561.900
20210405T041733; 1561.900
20210405T043233; 1561.900
20210405T044733; 1561.900
20210405T050233; 1561.900
20210405T051733; 1561.900
20210405T053233; 1561.910
20210405T054733; 1561.910
20210405T060233; 1561.910
20210405T061733; 1561.910
20210405T063233; 1561.910
20210405T064733; 1561.910
20210405T070233; 1561.910
20210405T071733; 1561.910
20210405T073233; 1561.910
20210405T074733; 1561.910
20210405T080233; 1561.920
20210405T081733; 1561.920
20210405T083233; 1561.920
20210405T084733; 1561.920
20210405T090233; 1561.920
20210405T091733; 1561.920
20210405T093233; 1561.920
20210405T094733; 1561.920
20210405T100233; 1561.920
20210405T101733; 1561.930
20210405T103233; 1561.930
20210405T104733; 1561.930
20210405T110233; 1561.930
20210405T111733; 1561.930
20210405T113233; 1561.930
20210405T114733; 1561.930
20210405T120233; 1561.930
20210405T121733; 1561.930
20210405T123233; 1561.930
20210405T124733; 1561.940
20210405T130233; 1561.940
20210405T131733; 1561.940
20210405T133233; 1561.940
20210405T134733; 1561.940
20210405T140233; 1561.940
20210405T141733; 1561.940
20210405T143233; 1561.940
20210405T144733; 1561.940
20210405T150233; 1561.950
20210405T151733; 1561.950
20210405T153233; 1561.950
20210405T154733; 1561.950
20210405T160233; 1561.950
20210405T161733; 1561.950
20210405T163233; 1561.950
20210405T164733; 1561.950
20210405T170233; 1561.950
20210405T171733; 1561.950
20210405T173233; 1561.960
20210405T174733; 1561.960
20210405T180233; 1561.960
20210405T181733; 1561.960
20210405T183233; 1561.960
20210405T184733; 1561.960
20210405T190233; 1561.960
20210405T191733; 1561.960
20210405T193233; 1561.960
20210405T194733; 1561.960
20210405T200233; 1561.970
20210405T201733; 1561.970
20210405T203233; 1561.970
20210405T204733; 1561.970
20210405T210233; 1561.970
20210405T211733; 1561.970
20210405T213233; 1561.970
20210405T214733; 1561.970
20210405T220233; 1561.970
20210405T221733; 1561.980
20210405T223233; 1561.980
20210405T224733; 1561.980
20210405T230233; 1561.980
20210405T231733; 1562.090
20210405T233233; 1562.090
20210405T234733; 1562.090
20210406T000233; 1562.090
20210406T001733; 1562.090
20210406T003233; 1562.100
20210406T004733; 1562.100
20210406T010233; 1562.100
20210406T011733; 1562.100
20210406T013233; 1562.100
20210406T014733; 1562.100
20210406T020233; 1562.100
20210406T021733; 1562.100
20210406T023233; 1562.100
20210406T024733; 1562.110
20210406T030233; 1562.110
20210406T031733; 1562.110
20210406T033233; 1562.110
20210406T034733; 1562.110
20210406T040233; 1562.110
20210406T041733; 1562.110
20210406T043233; 1562.110
20210406T044733; 1562.110
20210406T050233; 1562.110
20210406T051733; 1562.120
20210406T053233; 1562.120
20210406T054733; 1562.120
20210406T060233; 1562.120
20210406T061733; 1562.120
20210406T063233; 1562.120
20210406T064733; 1562.120
20210406T070233; 1562.120
20210406T071733; 1562.120
20210406T073233; 1562.120
20210406T074733; 1562.130
20210406T080233; 1562.130
20210406T081733; 1562.130
20210406T083233; 1562.130
20210406T084733; 1562.130
20210406T090233; 1562.130
20210406T091733; 1562.130
20210406T093233; 1562.130
20210406T094733; 1562.130
20210406T100233; 1562.140
20210406T101733; 1562.140
20210406T103233; 1562.140
20210406T104733; 1562.140
20210406T110233; 1562.140
20210406T111733; 1562.250
20210406T113233; 1562.660
20210406T114733; 1563.060
20210406T120233; 1563.460
20210406T121733; 1563.900
20210406T123233; 1564.410
20210406T124733; 1565.000
20210406T130233; 1565.680
20210406T131733; 1566.480
20210406T133233; 1567.380
20210406T134733; 1568.290
20210406T140233; 1569.210
20210406T141733; 1570.120
20210406T143233; 1570.910
20210406T144733; 1571.010
20210406T150233; 1571.010
20210406T151733; 1571.010
20210406T153233; 1571.010
20210406T154733; 1571.010
20210406T160233; 1571.010
20210406T161733; 1571.010
20210406T163233; 1571.010
20210406T164733; 1571.020
20210406T170233; 1571.020
20210406T171733; 1571.020
20210406T173233; 1571.020
20210406T174733; 1571.020
20210406T180233; 1571.020
20210406T181733; 1571.020
20210406T183233; 1571.020
20210406T184733; 1571.020
20210406T190233; 1571.020
20210406T191733; 1571.030
20210406T193233; 1571.030
20210406T194733; 1571.030
20210406T200233; 1571.030
20210406T201733; 1571.030
20210406T203233; 1571.030
20210406T204733; 1571.030
20210406T210233; 1571.030
20210406T211733; 1571.030
20210406T213233; 1571.040
20210406T214733; 1571.040
20210406T220233; 1571.040
20210406T221733; 1571.040
20210406T223233; 1571.040
20210406T224733; 1571.040
20210406T230233; 1571.040
20210406T231733; 1571.040
20210406T233233; 1571.040
20210406T234733; 1571.050
20210407T000233; 1571.050
20210407T001733; 1571.050
20210407T003233; 1571.050
20210407T004733; 1571.050
20210407T010233; 1571.050
20210407T011733; 1571.050
20210407T013233; 1571.050
20210407T014733; 1571.050
20210407T020233; 1571.050
20210407T021733; 1571.060
20210407T023233; 1571.060
20210407T024733; 1571.060
20210407T030233; 1571.060
20210407T031733; 1571.060
20210407T033233; 1571.060
20210407T034733; 1571.060
20210407T040233; 1571.060
20210407T041733; 1571.060
20210407T043233; 1571.070
20210407T044733; 1571.070
20210407T050233; 1571.070
20210407T051733; 1571.070
20210407T053233; 1571.070
20210407T054733; 1571.070
20210407T060233; 1571.070
20210407T061733; 1571.070
20210407T063233; 1571.070
20210407T064733; 1571.070
20210407T070233; 1571.080
20210407T071733; 1575.840
20210407T073233; 1581.120
20210407T074733; 1586.140
20210407T080233; 1591.370
20210407T081733; 1596.570
20210407T083233; 1601.740
20210407T084733; 1606.420
20210407T090233; 1609.720
20210407T091733; 1611.040
20210407T093233; 1611.680
20210407T094733; 1611.820
20210407T100233; 1611.820
20210407T101733; 1611.820
20210407T103233; 1611.820
20210407T104733; 1611.820
20210407T110233; 1611.820
20210407T111733; 1611.830
20210407T113233; 1611.830
20210407T114733; 1611.830
20210407T120233; 1611.830
20210407T121733; 1611.830
20210407T123233; 1611.830
20210407T124733; 1611.830
20210407T130233; 1611.830
20210407T131733; 1611.830
20210407T133233; 1611.830
20210407T134733; 1611.840
20210407T140233; 1611.840
20210407T141733; 1611.840
20210407T143233; 1611.840
20210407T144733; 1611.840
20210407T150233; 1611.840
20210407T151733; 1611.840
20210407T153233; 1611.840
20210407T154733; 1611.840
20210407T160233; 1611.850
20210407T161733; 1611.850
20210407T163233; 1611.850
20210407T164733; 1611.850
20210407T170233; 1611.850
20210407T171733; 1611.850
20210407T173233; 1611.850
20210407T174733; 1611.850
20210407T180233; 1611.850
20210407T181733; 1611.850
20210407T183233; 1611.860
20210407T184733; 1611.860
20210407T190233; 1611.860
20210407T191733; 1611.860
20210407T193233; 1611.860
20210407T194733; 1612.150
20210407T200233; 1612.150
20210407T201733; 1612.150
20210407T203233; 1612.160
20210407T204733; 1612.160
20210407T210233; 1612.160
20210407T211733; 1612.160
20210407T213233; 1612.160
20210407T214733; 1612.160
20210407T220233; 1612.160
20210407T221733; 1612.160
20210407T223233; 1612.160
20210407T224733; 1612.160
20210407T230233; 1612.170
20210407T231733; 1612.170
20210407T233233; 1612.170
20210407T234733; 1612.170
20210408T000233; 1612.170
20210408T001733; 1612.170
20210408T003233; 1612.170
20210408T004733; 1612.170
20210408T010233; 1612.170
20210408T011733; 1612.170
20210408T013233; 1612.180
20210408T014733; 1612.180
20210408T020233; 1612.180
20210408T021733; 1612.180
20210408T023233; 1612.180
20210408T024733; 1612.180
20210408T030233; 1612.180
20210408T031733; 1612.180
20210408T033233; 1612.180
20210408T034733; 1612.190
20210408T040233; 1612.190
20210408T041733; 1612.190
20210408T043233; 1612.190
20210408T044733; 1612.190
20210408T050233; 1612.190
20210408T051733; 1612.190
20210408T053233; 1612.190
20210408T054733; 1612.190
20210408T060233; 1612.190
20210408T061733; 1612.200
20210408T063233; 1612.200
20210408T064733; 1612.200
20210408T070233; 1612.200
20210408T071733; 1612.200
20210408T073233; 1612.200
20210408T074733; 1612.200
20210408T080233; 1612.200
20210408T081733; 1612.200
20210408T083233; 1612.200
20210408T084733; 1612.210
20210408T090233; 1612.210
20210408T091733; 1612.210
20210408T093233; 1612.210
20210408T094733; 1612.210
20210408T100233; 1612.210
20210408T101733; 1612.210
20210408T103233; 1612.210
20210408T104733; 1612.210
20210408T110233; 1612.220
20210408T111733; 1612.220
20210408T113233; 1612.220
20210408T114733; 1612.220
20210408T120233; 1612.220
20210408T121733; 1612.220
20210408T123233; 1612.220
20210408T124733; 1612.220
20210408T130233; 1612.220
20210408T131733; 1612.220
20210408T133233; 1612.230
20210408T134733; 1612.230
20210408T140233; 1612.230
20210408T141733; 1612.230
20210408T143233; 1612.230
20210408T144733; 1612.230
20210408T150233; 1612.230
20210408T151733; 1612.230
20210408T153233; 1612.230
20210408T154733; 1612.230
20210408T160233; 1612.240
20210408T161733; 1612.240
20210408T163233; 1612.240
20210408T164733; 1612.240
20210408T170233; 1612.240
20210408T171733; 1612.240
20210408T173233; 1612.240
20210408T174733; 1612.240
20210408T180233; 1612.240
20210408T181733; 1612.250
20210408T183233; 1612.250
20210408T184733; 1612.250
20210408T190233; 1612.250
20210408T191733; 1612.250
20210408T193233; 1612.250
20210408T194733; 1612.250
20210408T200233; 1612.250
20210408T201733; 1612.250
20210408T203233; 1612.250
20210408T204733; 1612.260
20210408T210233; 1612.260
20210408T211733; 1612.260
20210408T213233; 1612.260
20210408T214733; 1612.260
20210408T220233; 1612.260
20210408T221733; 1612.260
20210408T223233; 1612.260
20210408T224733; 1612.260
20210408T230233; 1612.270
20210408T231733; 1612.270
20210408T233233; 1612.270
20210408T234733; 1612.270
20210409T000233; 1612.270
20210409T001733; 1612.270
20210409T003233; 1612.270
20210409T004733; 1612.270
20210409T010233; 1612.270
20210409T011733; 1612.270
20210409T013233; 1612.280
20210409T014733; 1612.280
20210409T020233; 1612.280
20210409T021733; 1612.280
20210409T023233; 1612.280
20210409T024733; 1612.280
20210409T030233; 1612.280
20210409T031733; 1612.280
20210409T033233; 1612.280
20210409T034733; 1612.280
20210409T040233; 1612.290
20210409T041733; 1612.290
20210409T043233; 1612.290
20210409T044733; 1612.290
20210409T050233; 1612.290
20210409T051733; 1612.290
20210409T053233; 1612.290
20210409T054733; 1612.290
20210409T060233; 1612.290
20210409T061733; 1612.300
20210409T063233; 1612.300
20210409T064733; 1612.300
20210409T070233; 1612.300
20210409T071733; 1612.300
20210409T073233; 1612.300
20210409T074733; 1612.300
20210409T080233; 1612.300
20210409T081733; 1612.300
20210409T083233; 1612.300
20210409T084733; 1612.310
20210409T090233; 1612.310
20210409T091733; 1612.310
20210409T093233; 1612.310
20210409T094733; 1612.310
20210409T100233; 1612.310
20210409T101733; 1612.310
20210409T103233; 1612.310
20210409T104733; 1612.310
20210409T110233; 1612.310
20210409T111733; 1612.320
20210409T113233; 1612.320
20210409T114733; 1612.320
20210409T120233; 1612.320
20210409T121733; 1612.320
20210409T123233; 1612.320
20210409T124733; 1612.320
20210409T130233; 1612.320
20210409T131733; 1612.320
20210409T133233; 1612.330
20210409T134733; 1612.330
20210409T140233; 1612.330
20210409T141733; 1612.330
20210409T143233; 1612.330
20210409T144733; 1612.330
20210409T150233; 1612.330
20210409T151733; 1612.330
20210409T153233; 1612.330
20210409T154733; 1612.330
20210409T160233; 1612.340
20210409T161733; 1612.340
20210409T163233; 1612.340
20210409T164733; 1612.340
20210409T170233; 1612.340
20210409T171733; 1612.340
20210409T173233; 1612.340
20210409T174733; 1612.340
20210409T180233; 1612.340
20210409T181733; 1612.340
20210409T183233; 1612.350
20210409T184733; 1612.350
20210409T190233; 1612.350
20210409T191733; 1612.350
20210409T193233; 1612.350
20210409T194733; 1612.350
20210409T200233; 1612.350
20210409T201733; 1612.350
20210409T203233; 1612.350
20210409T204733; 1612.360
20210409T210233; 1612.360
20210409T211733; 1612.360
20210409T213233; 1612.360
20210409T214733; 1612.360
20210409T220233; 1612.360
20210409T221733; 1612.360
20210409T223233; 1612.360
20210409T224733; 1612.360
20210409T230233; 1612.360
20210409T231733; 1612.370
20210409T233233; 1612.370
20210409T234733; 1612.370
20210410T000233; 1612.370
20210410T001733; 1612.370
20210410T003233; 1612.370
20210410T004733; 1612.370
20210410T010233; 1612.370
20210410T011733; 1612.370
20210410T013233; 1612.380
20210410T014733; 1612.380
20210410T020233; 1612.380
20210410T021733; 1612.380
20210410T023233; 1612.380
20210410T024733; 1612.380
20210410T030233; 1612.380
20210410T031733; 1612.380
20210410T033233; 1612.380
20210410T034733; 1612.380
20210410T040233; 1612.390
20210410T041733; 1612.390
20210410T043233; 1612.390
20210410T044733; 1612.390
20210410T050233; 1612.390
20210410T051733; 1612.390
20210410T053233; 1612.390
20210410T054733; 1612.390
20210410T060233; 1612.390
20210410T061733; 1612.390
20210410T063233; 1612.400
20210410T064733; 1612.400
20210410T070233; 1612.400
20210410T071733; 1612.400
20210410T073233; 1612.400
20210410T074733; 1612.400
20210410T080233; 1612.400
20210410T081733; 1612.400
20210410T083233; 1612.400
20210410T084733; 1612.410
20210410T090233; 1612.410
20210410T091733; 1612.410
20210410T093233; 1612.410
20210410T094733; 1612.410
20210410T100233; 1612.410
20210410T101733; 1612.410
20210410T103233; 1612.410
20210410T104733; 1612.410
20210410T110233; 1612.410
20210410T111733; 1612.420
20210410T113233; 1612.420
20210410T114733; 1612.420
20210410T120233; 1612.420
20210410T121733; 1612.420
20210410T123233; 1612.420
20210410T124733; 1612.420
20210410T130233; 1612.420
20210410T131733; 1612.420
20210410T133233; 1612.420
20210410T134733; 1612.430
20210410T140233; 1612.430
20210410T141733; 1612.430
20210410T143233; 1612.430
20210410T144733; 1612.430
20210410T150233; 1612.430
20210410T151733; 1612.430
20210410T153233; 1612.430
20210410T154733; 1612.430
20210410T160233; 1612.440
20210410T161733; 1612.440
20210410T163233; 1612.440
20210410T164733; 1612.440
20210410T170233; 1612.440
20210410T171733; 1612.440
20210410T173233; 1612.440
20210410T174733; 1612.440
20210410T180233; 1612.440
20210410T181733; 1612.440
20210410T183233; 1612.450
20210410T184733; 1612.450
20210410T190233; 1612.450
20210410T191733; 1612.450
20210410T193233; 1612.450
20210410T194733; 1612.450
20210410T200233; 1612.450
20210410T201733; 1612.450
20210410T203233; 1612.450
20210410T204733; 1612.460
20210410T210233; 1612.460
20210410T211733; 1612.460
20210410T213233; 1612.460
20210410T214733; 1612.460
20210410T220233; 1612.460
20210410T221733; 1612.460
20210410T223233; 1612.460
20210410T224733; 1612.460
20210410T230233; 1612.460
20210410T231733; 1612.470
20210410T233233; 1612.470
20210410T234733; 1612.470
20210411T000233; 1612.470
20210411T001733; 1612.470
20210411T003233; 1612.470
20210411T004733; 1612.470
20210411T010233; 1612.470
20210411T011733; 1612.470
20210411T013233; 1612.470
20210411T014733; 1612.480
20210411T020233; 1612.480
20210411T021733; 1612.480
20210411T023233; 1612.480
20210411T024733; 1612.480
20210411T030233; 1612.480
20210411T031733; 1612.480
20210411T033233; 1612.480
20210411T034733; 1612.480
20210411T040233; 1612.490
20210411T041733; 1612.490
20210411T043233; 1612.490
20210411T044733; 1612.490
20210411T050233; 1612.490
20210411T051733; 1612.490
20210411T053233; 1612.490
20210411T054733; 1612.490
20210411T060233; 1612.490
20210411T061733; 1612.490
20210411T063233; 1612.500
20210411T064733; 1612.500
20210411T070233; 1612.500
20210411T071733; 1612.500
20210411T073233; 1612.500
20210411T074733; 1612.500
20210411T080233; 1612.500
20210411T081733; 1612.500
20210411T083233; 1612.500
20210411T084733; 1612.510
20210411T090233; 1612.510
20210411T091733; 1612.510
20210411T093233; 1612.510
20210411T094733; 1612.510
20210411T100233; 1612.510
20210411T101733; 1612.510
20210411T103233; 1612.510
20210411T104733; 1612.510
20210411T110233; 1612.510
20210411T111733; 1612.520
20210411T113233; 1612.520
20210411T114733; 1612.520
20210411T120233; 1612.520
20210411T121733; 1612.520
20210411T123233; 1612.520
20210411T124733; 1612.520
20210411T130233; 1612.520
20210411T131733; 1612.520
20210411T133233; 1612.520
20210411T134733; 1612.530
20210411T140233; 1612.530
20210411T141733; 1612.530
20210411T143233; 1612.530
20210411T144733; 1612.530
20210411T150233; 1612.530
20210411T151733; 1612.530
20210411T153233; 1612.530
20210411T154733; 1612.530
20210411T160233; 1612.540
20210411T161733; 1612.540
20210411T163233; 1612.540
20210411T164733; 1612.540
20210411T170233; 1612.540
20210411T171733; 1612.540
20210411T173233; 1612.540
20210411T174733; 1612.540
20210411T180233; 1612.540
20210411T181733; 1612.540
20210411T183233; 1612.550
20210411T184733; 1612.550
20210411T190233; 1612.550
20210411T191733; 1612.550
20210411T193233; 1612.550
20210411T194733; 1612.550
20210411T200233; 1612.550
20210411T201733; 1612.550
20210411T203233; 1612.550
20210411T204733; 1612.550
20210411T210233; 1612.560
20210411T211733; 1612.560
20210411T213233; 1612.560
20210411T214733; 1612.560
20210411T220233; 1612.560
20210411T221733; 1612.560
20210411T223233; 1612.560
20210411T224733; 1612.560
20210411T230233; 1612.560
20210411T231733; 1612.570
20210411T233233; 1612.570
20210411T234733; 1612.570
20210412T000233; 1612.570
20210412T001733; 1612.570
20210412T003233; 1612.570
20210412T004733; 1612.570
20210412T010233; 1612.570
20210412T011733; 1612.570
20210412T013233; 1612.570
20210412T014733; 1612.580
20210412T020233; 1612.580
20210412T021733; 1612.580
20210412T023233; 1612.580
20210412T024733; 1612.580
20210412T030233; 1612.580
20210412T031733; 1612.580
20210412T033233; 1612.580
20210412T034733; 1612.580
20210412T040233; 1612.590
20210412T041733; 1612.590
20210412T043233; 1612.590
20210412T044733; 1612.590
20210412T050233; 1612.590
20210412T051733; 1612.590
20210412T053233; 1612.590
20210412T054733; 1612.590
20210412T060233; 1612.590
20210412T061733; 1612.590
20210412T063233; 1612.760
20210412T064733; 1613.310
20210412T070233; 1614.070
20210412T071733; 1614.980
20210412T073233; 1615.890
20210412T074733; 1616.800
20210412T080233; 1617.710
20210412T081733; 1618.630
20210412T083233; 1619.540
20210412T084733; 1620.450
20210412T090233; 1621.360
20210412T091733; 1622.040
20210412T093233; 1622.050
20210412T094733; 1622.050
20210412T100233; 1622.050
20210412T101733; 1622.050
20210412T103233; 1622.050
20210412T104733; 1622.050
20210412T110233; 1622.050
20210412T111733; 1622.050
20210412T113233; 1622.050
20210412T114733; 1622.050
20210412T120233; 1622.060
20210412T121733; 1622.060
20210412T123233; 1622.060
20210412T124733; 1622.060
20210412T130233; 1622.060
20210412T131733; 1622.060
20210412T133233; 1622.060
20210412T134733; 1622.060
20210412T140233; 1622.060
20210412T141733; 1622.070
20210412T143233; 1622.070
20210412T144733; 1622.070
20210412T150233; 1622.070
20210412T151733; 1622.070
20210412T153233; 1622.070
20210412T154733; 1622.070
20210412T160233; 1622.070
20210412T161733; 1622.070
20210412T163233; 1622.070
20210412T164733; 1622.080
20210412T170233; 1622.080
20210412T171733; 1622.080
20210412T173233; 1622.080
20210412T174733; 1622.080
20210412T180233; 1622.080
20210412T181733; 1622.080
20210412T183233; 1622.080
20210412T184733; 1622.080
20210412T190233; 1622.080
20210412T191733; 1622.090
20210412T193233; 1622.090
20210412T194733; 1622.090
20210412T200233; 1622.090
20210412T201733; 1622.090
20210412T203233; 1622.090
20210412T204733; 1622.090
20210412T210233; 1622.090
20210412T211733; 1622.090
20210412T213233; 1622.100
20210412T214733; 1622.100
20210412T220233; 1622.100
20210412T221733; 1622.100
20210412T223233; 1622.100
20210412T224733; 1622.100
20210412T230233; 1622.100
20210412T231733; 1622.100
20210412T233233; 1622.100
20210412T234733; 1622.100
20210413T000233; 1622.110
20210413T001733; 1622.110
20210413T003233; 1622.110
20210413T004733; 1622.110
20210413T010233; 1622.110
20210413T011733; 1622.110
20210413T013233; 1622.110
20210413T014733; 1622.110
20210413T020233; 1622.110
20210413T021733; 1622.120
20210413T023233; 1622.120
20210413T024733; 1622.120
20210413T030233; 1622.120
20210413T031733; 1622.120
20210413T033233; 1622.120
20210413T034733; 1622.120
20210413T040233; 1622.120
20210413T041733; 1622.120
20210413T043233; 1622.120
20210413T044733; 1622.130
20210413T050233; 1622.130
20210413T051733; 1622.130
20210413T053233; 1622.130
20210413T054733; 1622.130
20210413T060233; 1622.130
20210413T061733; 1622.130
20210413T063233; 1622.130
20210413T064733; 1622.130
20210413T070233; 1622.140
20210413T071733; 1622.140
20210413T073233; 1622.320
20210413T074733; 1627.480
20210413T080233; 1632.470
20210413T081733; 1637.640
20210413T083233; 1642.780
20210413T084733; 1647.830
20210413T090233; 1651.810
20210413T091733; 1653.720
20210413T093233; 1654.520
20210413T094733; 1654.840
20210413T100233; 1654.840
20210413T101733; 1654.850
20210413T103233; 1654.850
20210413T104733; 1654.850
20210413T110233; 1654.850
20210413T111733; 1654.850
20210413T113233; 1655.000
20210413T114733; 1655.910
20210413T120233; 1656.830
20210413T121733; 1657.750
20210413T123233; 1658.660
20210413T124733; 1659.110
20210413T130233; 1659.130
20210413T131733; 1659.130
20210413T133233; 1659.130
20210413T134733; 1659.130
20210413T140233; 1659.140
20210413T141733; 1659.140
20210413T143233; 1659.140
20210413T144733; 1659.140
20210413T150233; 1659.140
20210413T151733; 1659.140
20210413T153233; 1659.140
20210413T154733; 1659.140
20210413T160233; 1659.140
20210413T161733; 1659.140
20210413T163233; 1659.150
20210413T164733; 1659.150
20210413T170233; 1659.150
20210413T171733; 1659.150
20210413T173233; 1659.150
20210413T174733; 1659.150
20210413T180233; 1659.150
20210413T181733; 1659.150
20210413T183233; 1659.150
20210413T184733; 1659.160
20210413T190233; 1659.160
20210413T191733; 1659.160
20210413T193233; 1659.160
20210413T194733; 1659.160
20210413T200233; 1659.160
20210413T201733; 1659.160
20210413T203233; 1659.160
20210413T204733; 1659.160
20210413T210233; 1659.160
20210413T211733; 1659.170
20210413T213233; 1659.170
20210413T214733; 1659.170
20210413T220233; 1659.170
20210413T221733; 1659.170
20210413T223233; 1659.170
20210413T224733; 1659.170
20210413T230233; 1659.170
20210413T231733; 1659.170
20210413T233233; 1659.170
20210413T234733; 1659.180
20210414T000233; 1659.180
20210414T001733; 1659.180
20210414T003233; 1659.180
20210414T004733; 1659.180
20210414T010233; 1659.180
20210414T011733; 1659.180
20210414T013233; 1659.180
20210414T014733; 1659.180
20210414T020233; 1659.190
20210414T021733; 1659.190
20210414T023233; 1659.190
20210414T024733; 1659.190
20210414T030233; 1659.190
20210414T031733; 1659.190
20210414T033233; 1659.190
20210414T034733; 1659.190
20210414T040233; 1659.190
20210414T041733; 1659.190
20210414T043233; 1659.200
20210414T044733; 1659.200
20210414T050233; 1659.200
20210414T051733; 1659.200
20210414T053233; 1661.210
20210414T054733; 1666.380
20210414T060233; 1671.480
20210414T061733; 1676.660
20210414T063233; 1681.820
20210414T064733; 1686.980
20210414T070233; 1691.860
20210414T071733; 1695.610
20210414T073233; 1697.240
20210414T074733; 1697.970
20210414T080233; 1698.210
20210414T081733; 1698.210
20210414T083233; 1698.220
20210414T084733; 1698.220
20210414T090233; 1698.220
20210414T091733; 1698.220
20210414T093233; 1698.220
20210414T094733; 1698.220
20210414T100233; 1698.220
20210414T101733; 1698.220
20210414T103233; 1698.220
20210414T104733; 1698.230
20210414T110233; 1698.230
20210414T111733; 1698.230
20210414T113233; 1698.230
20210414T114733; 1698.230
20210414T120233; 1698.230
20210414T121733; 1698.230
20210414T123233; 1698.230
20210414T124733; 1698.230
20210414T130233; 1698.230
20210414T131733; 1698.240
20210414T133233; 1698.240
20210414T134733; 1698.470
20210414T140233; 1699.390
20210414T141733; 1700.310
20210414T143233; 1701.220
20210414T144733; 1702.140
20210414T150233; 1703.050
20210414T151733; 1703.970
20210414T153233; 1704.890
20210414T154733; 1705.760
20210414T160233; 1705.970
20210414T161733; 1705.970
20210414T163233; 1705.980
20210414T164733; 1705.980
20210414T170233; 1705.980
20210414T171733; 1705.980
20210414T173233; 1705.980
20210414T174733; 1705.980
20210414T180233; 1705.980
20210414T181733; 1705.980
20210414T183233; 1705.980
20210414T184733; 1705.980
20210414T190233; 1705.990
20210414T191733; 1705.990
20210414T193233; 1705.990
20210414T194733; 1705.990
20210414T200233; 1705.990
20210414T201733; 1705.990
20210414T203233; 1705.990
20210414T204733; 1705.990
20210414T210233; 1705.990
20210414T211733; 1706.000
20210414T213233; 1706.000
20210414T214733; 1706.000
20210414T220233; 1706.000
20210414T221733; 1706.000
20210414T223233; 1706.000
20210414T224733; 1706.000
20210414T230233; 1706.000
20210414T231733; 1706.000
20210414T233233; 1706.000
20210414T234733; 1706.010
20210415T000233; 1706.010
20210415T001733; 1706.010
20210415T003233; 1706.010
20210415T004733; 1706.010
20210415T010233; 1706.010
20210415T011733; 1706.010
20210415T013233; 1706.010
20210415T014733; 1706.010
20210415T020233; 1706.020
20210415T021733; 1706.020
20210415T023233; 1706.020
20210415T024733; 1706.020
20210415T030233; 1706.020
20210415T031733; 1706.020
20210415T033233; 1706.020
20210415T034733; 1706.020
20210415T040233; 1706.020
20210415T041733; 1706.020
20210415T043233; 1706.030
20210415T044733; 1706.030
20210415T050233; 1706.030
20210415T051733; 1706.030
20210415T053233; 1706.030
20210415T054733; 1706.030
20210415T060233; 1706.030
20210415T061733; 1706.030
20210415T063233; 1706.030
20210415T064733; 1706.040
20210415T070233; 1706.040
20210415T071733; 1706.040
20210415T073233; 1706.040
20210415T074733; 1706.040
20210415T080233; 1706.040
20210415T081733; 1706.040
20210415T083233; 1706.040
20210415T084733; 1706.040
20210415T090233; 1707.130
20210415T091733; 1711.090
20210415T093233; 1714.730
20210415T094733; 1719.020
20210415T100233; 1723.370
20210415T101733; 1725.690
20210415T103233; 1726.540
20210415T104733; 1726.810
20210415T110233; 1726.810
20210415T111733; 1726.810
20210415T113233; 1726.810
20210415T114733; 1726.820
20210415T120233; 1726.820
20210415T121733; 1726.820
20210415T123233; 1726.820
20210415T124733; 1726.820
20210415T130233; 1726.820
20210415T131733; 1726.820
20210415T133233; 1726.820
20210415T134733; 1726.820
20210415T140233; 1726.820
20210415T141733; 1726.830
20210415T143233; 1726.830
20210415T144733; 1726.830
20210415T150233; 1726.830
20210415T151733; 1726.830
20210415T153233; 1726.830
20210415T154733; 1726.830
20210415T160233; 1726.830
20210415T161733; 1726.830
20210415T163233; 1726.840
20210415T164733; 1726.840
20210415T170233; 
20210415T171733; 1726.840
20210415T173233; 1726.840
20210415T174733; 1726.840
20210415T180233; 1726.840
20210415T181733; 1726.840
20210415T183233; 1726.840
20210415T184733; 1726.840
20210415T190233; 1726.850
20210415T191733; 1726.850
20210415T193233; 1726.850
20210415T194733; 1726.850
20210415T200233; 1726.850
20210415T201733; 1726.850
20210415T203233; 1726.850
20210415T204733; 1727.280
20210415T210233; 1727.280
20210415T211733; 1727.280
20210415T213233; 1727.280
20210415T214733; 1727.280
20210415T220233; 1727.280
20210415T221733; 1727.280
20210415T223233; 1727.280
20210415T224733; 1727.280
20210415T230233; 1727.290
20210415T231733; 1727.290
20210415T233233; 1727.290
20210415T234733; 1727.290
20210416T000233; 1727.290
20210416T001733; 1727.290
20210416T003233; 1727.290
20210416T004733; 1727.290
20210416T010233; 1727.290
20210416T011733; 1727.290
20210416T013233; 1727.300
20210416T014733; 1727.300
20210416T020233; 1727.300
20210416T021733; 1727.300
20210416T023233; 1727.300
20210416T024733; 1727.300
20210416T030233; 1727.300
20210416T031733; 1727.300
20210416T033233; 1727.300
20210416T034733; 1727.310
20210416T040233; 1727.310
20210416T041733; 1727.310
20210416T043233; 1727.310
20210416T044733; 1727.310
20210416T050233; 1727.310
20210416T051733; 1727.310
20210416T053233; 1727.310
20210416T054733; 1727.310
20210416T060233; 1727.310
20210416T061733; 1727.320
20210416T063233; 1727.720
20210416T064733; 1728.630
20210416T070233; 1729.530
20210416T071733; 1730.430
20210416T073233; 1731.340
20210416T074733; 1732.250
20210416T080233; 1733.150
20210416T081733; 1734.050
20210416T083233; 1734.960
20210416T084733; 1735.820
20210416T090233; 1735.920
20210416T091733; 1739.330
20210416T093233; 1743.330
20210416T094733; 1746.800
20210416T100233; 1748.250
20210416T101733; 1748.610
20210416T103233; 1748.620
20210416T104733; 1748.620
20210416T110233; 1748.620
20210416T111733; 1748.620
20210416T113233; 1748.620
20210416T114733; 1748.620
20210416T120233; 1748.620
20210416T121733; 1748.620
20210416T123233; 1748.620
20210416T124733; 1748.630
20210416T130233; 1748.630
20210416T131733; 1748.630
20210416T133233; 1748.630
20210416T134733; 1748.630
20210416T140233; 1748.630
20210416T141733; 1748.630
20210416T143233; 1748.630
20210416T144733; 1748.630
20210416T150233; 1748.630
20210416T151733; 1748.640
20210416T153233; 1748.640
20210416T154733; 1748.640
20210416T160233; 1748.640
20210416T161733; 1748.640
20210416T163233; 1748.640
20210416T164733; 1748.640
20210416T170233; 1748.640
20210416T171733; 1748.640
20210416T173233; 1748.650
20210416T174733; 1748.650
20210416T180233; 1748.650
20210416T181733; 1748.650
20210416T183233; 1748.650
20210416T184733; 1748.650
20210416T190233; 1748.650
20210416T191733; 1748.650
20210416T193233; 1748.650
20210416T194733; 1748.650
20210416T200233; 1748.660
20210416T201733; 1749.110
20210416T203233; 1749.110
20210416T204733; 1749.110
20210416T210233; 1749.110
20210416T211733; 1749.110
20210416T213233; 1749.110
20210416T214733; 1749.110
20210416T220233; 1749.110
20210416T221733; 1749.110
20210416T223233; 1749.120
20210416T224733; 1749.120
20210416T230233; 1749.120
20210416T231733; 1749.120
20210416T233233; 1749.120
20210416T234733; 1749.120
20210417T000233; 1749.120
20210417T001733; 1749.120
20210417T003233; 1749.120
20210417T004733; 1749.130
20210417T010233; 1749.130
20210417T011733; 1749.130
20210417T013233; 1749.130
20210417T014733; 1749.130
20210417T020233; 1749.130
20210417T021733; 1749.130
20210417T023233; 1749.130
20210417T024733; 1749.130
20210417T030233; 1749.130
20210417T031733; 1749.140
20210417T033233; 1749.140
20210417T034733; 1749.140
20210417T040233; 1749.140
20210417T041733; 1749.140
20210417T043233; 1749.430
20210417T044733; 1749.430
20210417T050233; 1749.430
20210417T051733; 1749.430
20210417T053233; 1749.430
20210417T054733; 1749.430
20210417T060233; 1749.440
20210417T061733; 1749.440
20210417T063233; 1749.440
20210417T064733; 1749.440
20210417T070233; 1749.440
20210417T071733; 1749.440
20210417T073233; 1749.440
20210417T074733; 1749.440
20210417T080233; 1749.440
20210417T081733; 1749.440
20210417T083233; 1749.450
20210417T084733; 1749.450
20210417T090233; 1749.450
20210417T091733; 1749.450
20210417T093233; 1749.450
20210417T094733; 1749.450
20210417T100233; 1749.450
20210417T101733; 1749.450
20210417T103233; 1749.450
20210417T104733; 1749.460
20210417T110233; 1749.460
20210417T111733; 1749.460
20210417T113233; 1749.460
20210417T114733; 1749.460
20210417T120233; 1749.460
20210417T121733; 1749.460
20210417T123233; 1749.460
20210417T124733; 1749.460
20210417T130233; 1749.460
20210417T131733; 1749.470
20210417T133233; 1749.470
20210417T134733; 1749.470
20210417T140233; 1749.470
20210417T141733; 1749.470
20210417T143233; 1749.470
20210417T144733; 1749.470
20210417T150233; 1749.470
20210417T151733; 1749.470
20210417T153233; 1749.470
20210417T154733; 1749.480
20210417T160233; 1749.480
20210417T161733; 1749.480
20210417T163233; 1749.480
20210417T164733; 1749.480
20210417T170233; 1749.480
20210417T171733; 1749.480
20210417T173233; 1749.480
20210417T174733; 1749.480
20210417T180233; 1749.490
20210417T181733; 1749.490
20210417T183233; 1749.490
20210417T184733; 1749.490
20210417T190233; 1749.490
20210417T191733; 1749.490
20210417T193233; 1749.490
20210417T194733; 1749.490
20210417T200233; 1749.490
20210417T201733; 1749.490
20210417T203233; 1749.500
20210417T204733; 1749.500
20210417T210233; 1749.500
20210417T211733; 1749.500
20210417T213233; 1749.500
20210417T214733; 1749.500
20210417T220233; 1749.500
20210417T221733; 1749.500
20210417T223233; 1749.500
20210417T224733; 1749.500
20210417T230233; 1749.510
20210417T231733; 1749.510
20210417T233233; 1749.510
20210417T234733; 1749.510
20210418T000233; 1749.510
20210418T001733; 1749.510
20210418T003233; 1749.510
20210418T004733; 1749.510
20210418T010233; 1749.510
20210418T011733; 1749.520
20210418T013233; 1749.520
20210418T014733; 1749.520
20210418T020233; 1749.520
20210418T021733; 1749.520
20210418T023233; 1749.520
20210418T024733; 1749.520
20210418T030233; 1749.520
20210418T031733; 1749.520
20210418T033233; 1749.520
20210418T034733; 1749.530
20210418T040233; 1749.530
20210418T041733; 1749.530
20210418T043233; 1749.530
20210418T044733; 1749.530
20210418T050233; 1749.530
20210418T051733; 1749.530
20210418T053233; 1749.530
20210418T054733; 1749.530
20210418T060233; 1749.540
20210418T061733; 1749.540
20210418T063233; 1749.540
20210418T064733; 1749.540
20210418T070233; 1749.540
20210418T071733; 1749.540
20210418T073233; 1749.540
20210418T074733; 1749.540
20210418T080233; 1749.540
20210418T081733; 1749.540
20210418T083233; 1749.550
20210418T084733; 1749.550
20210418T090233; 1749.550
20210418T091733; 1749.550
20210418T093233; 1749.550
20210418T094733; 1749.550
20210418T100233; 1749.550
20210418T101733; 1749.550
20210418T103233; 1749.550
20210418T104733; 1749.550
20210418T110233; 1749.560
20210418T111733; 1749.560
20210418T113233; 1749.560
20210418T114733; 1749.560
20210418T120233; 1749.560
20210418T121733; 1749.560
20210418T123233; 1749.560
20210418T124733; 1749.560
20210418T130233; 1749.560
20210418T131733; 1749.570
20210418T133233; 1749.570
20210418T134733; 1749.570
20210418T140233; 1749.570
20210418T141733; 1749.570
20210418T143233; 1749.570
20210418T144733; 1749.570
20210418T150233; 1749.570
20210418T151733; 1749.570
20210418T153233; 1749.570
20210418T154733; 1749.580
20210418T160233; 1749.580
20210418T161733; 1749.580
20210418T163233; 1749.580
20210418T164733; 1749.580
20210418T170233; 1749.580
20210418T171733; 1749.580
20210418T173233; 1749.580
20210418T174733; 1749.580
20210418T180233; 1749.590
20210418T181733; 1749.590
20210418T183233; 1749.590
20210418T184733; 1749.590
20210418T190233; 1749.590
20210418T191733; 1749.590
20210418T193233; 1749.590
20210418T194733; 1749.590
20210418T200233; 1749.590
20210418T201733; 1749.590
20210418T203233; 1749.600
20210418T204733; 1749.600
20210418T210233; 1749.600
20210418T211733; 1749.600
20210418T213233; 1749.600
20210418T214733; 1749.600
20210418T220233; 1749.600
20210418T221733; 1749.600
20210418T223233; 1749.600
20210418T224733; 1749.600
20210418T230233; 1749.610
20210418T231733; 1749.610
20210418T233233; 1749.610
20210418T234733; 1749.610
20210419T000233; 1749.610
20210419T001733; 1749.610
20210419T003233; 1749.610
20210419T004733; 1749.610
20210419T010233; 1749.610
20210419T011733; 1749.620
20210419T013233; 1749.620
20210419T014733; 1749.620
20210419T020233; 1749.620
20210419T021733; 1749.620
20210419T023233; 1749.620
20210419T024733; 1749.620
20210419T030233; 1749.620
20210419T031733; 1749.620
20210419T033233; 1749.620
20210419T034733; 1749.630
20210419T040233; 1749.630
20210419T041733; 1749.630
20210419T043233; 1749.630
20210419T044733; 1749.630
20210419T050233; 1749.630
20210419T051733; 1749.630
20210419T053233; 1749.630
20210419T054733; 1749.630
20210419T060233; 1749.640
20210419T061733; 1749.640
20210419T063233; 1749.640
20210419T064733; 1749.640
20210419T070233; 1749.640
20210419T071733; 1749.640
20210419T073233; 1749.640
20210419T074733; 1749.640
20210419T080233; 1749.640
20210419T081733; 1749.640
20210419T083233; 1749.650
20210419T084733; 1749.650
20210419T090233; 1749.650
20210419T091733; 1749.650
20210419T093233; 1749.650
20210419T094733; 1749.650
20210419T100233; 1749.650
20210419T101733; 1749.650
20210419T103233; 1749.650
20210419T104733; 1749.650
20210419T110233; 1749.660
20210419T111733; 1749.660
20210419T113233; 1749.660
20210419T114733; 1749.660
20210419T120233; 1749.660
20210419T121733; 1749.660
20210419T123233; 1749.660
20210419T124733; 1749.660
20210419T130233; 1749.660
20210419T131733; 1749.670
20210419T133233; 1749.670
20210419T134733; 1749.670
20210419T140233; 1750.330
20210419T141733; 1751.250
20210419T143233; 1752.180
20210419T144733; 1753.100
20210419T150233; 1754.020
20210419T151733; 1754.940
20210419T153233; 1755.850
20210419T154733; 1756.780
20210419T160233; 1757.700
20210419T161733; 1758.480
20210419T163233; 1758.610
20210419T164733; 1758.610
20210419T170233; 1758.610
20210419T171733; 1758.610
20210419T173233; 1758.610
20210419T174733; 1758.610
20210419T180233; 1758.610
20210419T181733; 1758.610
20210419T183233; 1758.620
20210419T184733; 1758.620
20210419T190233; 1758.620
20210419T191733; 1758.620
20210419T193233; 1758.620
20210419T194733; 1758.620
20210419T200233; 1758.620
20210419T201733; 1758.620
20210419T203233; 1758.620
20210419T204733; 1758.620
20210419T210233; 1758.630
20210419T211733; 1758.630
20210419T213233; 1758.630
20210419T214733; 1758.630
20210419T220233; 1758.630
20210419T221733; 1758.630
20210419T223233; 1758.630
20210419T224733; 1758.630
20210419T230233; 1758.630
20210419T231733; 1758.640
20210419T233233; 1758.640
20210419T234733; 1758.640
20210420T000233; 1758.640
20210420T001733; 1758.640
20210420T003233; 1758.640
20210420T004733; 1758.640
20210420T010233; 1758.640
20210420T011733; 1758.640
20210420T013233; 1758.640
20210420T014733; 1758.650
20210420T020233; 1758.650
20210420T021733; 1758.650
20210420T023233; 1758.650
20210420T024733; 1758.650
20210420T030233; 1758.650
20210420T031733; 1758.650
20210420T033233; 1758.650
20210420T034733; 1758.650
20210420T040233; 1758.650
20210420T041733; 1758.660
20210420T043233; 1758.660
20210420T044733; 1758.660
20210420T050233; 1758.660
20210420T051733; 1758.660
20210420T053233; 1758.660
20210420T054733; 1758.660
20210420T060233; 1758.660
20210420T061733; 1758.660
20210420T063233; 1758.670
20210420T064733; 1758.670
20210420T070233; 1758.670
20210420T071733; 1758.670
20210420T073233; 1758.670
20210420T074733; 1758.670
20210420T080233; 1758.670
20210420T081733; 1758.670
20210420T083233; 1758.670
20210420T084733; 1758.670
20210420T090233; 1758.680
20210420T091733; 1758.680
20210420T093233; 1760.900
20210420T094733; 1766.150
20210420T100233; 1771.360
20210420T101733; 1776.470
20210420T103233; 1781.040
20210420T104733; 1783.830
20210420T110233; 1784.890
20210420T111733; 1785.390
20210420T113233; 1785.390
20210420T114733; 1785.460
20210420T120233; 1786.370
20210420T121733; 1787.290
20210420T123233; 1788.200
20210420T124733; 1789.120
20210420T130233; 1790.030
20210420T131733; 1790.940
20210420T133233; 1791.830
20210420T134733; 1792.120
20210420T140233; 1792.150
20210420T141733; 1792.150
20210420T143233; 1792.150
20210420T144733; 1792.150
20210420T150233; 1792.150
20210420T151733; 1792.150
20210420T153233; 1792.150
20210420T154733; 1792.150
20210420T160233; 1794.880
20210420T161733; 1800.180
20210420T163233; 1805.490
20210420T164733; 1810.640
20210420T170233; 1813.650
20210420T171733; 1814.610
20210420T173233; 1814.920
20210420T174733; 1814.920
20210420T180233; 1814.920
20210420T181733; 1814.920
20210420T183233; 1814.930
20210420T184733; 1814.930
20210420T190233; 1814.930
20210420T191733; 1814.930
20210420T193233; 1814.930
20210420T194733; 1814.930
20210420T200233; 1814.930
20210420T201733; 1814.930
20210420T203233; 1814.930
20210420T204733; 1814.930
20210420T210233; 1814.940
20210420T211733; 1814.940
20210420T213233; 1814.940
20210420T214733; 1814.940
20210420T220233; 1814.940
20210420T221733; 1814.940
20210420T223233; 1814.940
20210420T224733; 1814.940
20210420T230233; 1814.940
20210420T231733; 1814.940
20210420T233233; 1814.950
20210420T234733; 1814.950
20210421T000233; 1814.950
20210421T001733; 1814.950
20210421T003233; 1814.950
20210421T004733; 1814.950
20210421T010233; 1814.950
20210421T011733; 1814.950
20210421T013233; 1814.950
20210421T014733; 1814.960
20210421T020233; 1814.960
20210421T021733; 1814.960
20210421T023233; 1814.960
20210421T024733; 1814.960
20210421T030233; 1814.960
20210421T031733; 1814.960
20210421T033233; 1815.410
20210421T034733; 1815.420
20210421T040233; 1815.420
20210421T041733; 1815.420
20210421T043233; 1815.420
20210421T044733; 1815.420
20210421T050233; 1815.420
20210421T051733; 1815.420
20210421T053233; 1815.420
20210421T054733; 1815.420
20210421T060233; 1815.430
20210421T061733; 1815.430
20210421T063233; 1815.430
20210421T064733; 1815.430
20210421T070233; 1815.430
20210421T071733; 1815.430
20210421T073233; 1815.430
20210421T074733; 1815.430
20210421T080233; 1815.430
20210421T081733; 1815.430
20210421T083233; 1815.440
20210421T084733; 1815.440
20210421T090233; 1815.440
20210421T091733; 1815.440
20210421T093233; 1815.440
20210421T094733; 1815.440
20210421T100233; 1815.440
20210421T101733; 1815.440
20210421T103233; 1815.440
20210421T104733; 1815.440
20210421T110233; 1815.450
20210421T111733; 1815.450
20210421T113233; 1815.450
20210421T114733; 1815.450
20210421T120233; 1815.450
20210421T121733; 1815.450
20210421T123233; 1815.450
20210421T124733; 1815.450
20210421T130233; 1815.450
20210421T131733; 1815.460
20210421T133233; 1815.460
20210421T134733; 1815.460
20210421T140233; 1815.460
20210421T141733; 1815.460
20210421T143233; 1815.920
20210421T144733; 1816.840
20210421T150233; 1817.760
20210421T151733; 1818.670
20210421T153233; 1819.590
20210421T154733; 1820.510
20210421T160233; 1821.430
20210421T161733; 1822.350
20210421T163233; 1823.270
20210421T164733; 1824.180
20210421T170233; 1824.960
20210421T171733; 1825.140
20210421T173233; 1825.280
20210421T174733; 1825.400
20210421T180233; 1825.400
20210421T181733; 1825.400
20210421T183233; 1827.900
20210421T184733; 1831.600
20210421T190233; 1833.730
20210421T191733; 1834.580
20210421T193233; 1834.590
20210421T194733; 1834.590
20210421T200233; 1834.590
20210421T201733; 1834.590
20210421T203233; 1834.590
20210421T204733; 1834.600
20210421T210233; 1834.600
20210421T211733; 1834.600
20210421T213233; 1834.600
20210421T214733; 1834.600
20210421T220233; 1834.600
20210421T221733; 1834.600
20210421T223233; 1834.600
20210421T224733; 1834.600
20210421T230233; 1834.610
20210421T231733; 1834.610
20210421T233233; 1834.610
20210421T234733; 1834.610
20210422T000233; 1834.610
20210422T001733; 1834.610
20210422T003233; 1834.610
20210422T004733; 1834.610
20210422T010233; 1834.610
20210422T011733; 1834.610
20210422T013233; 1834.620
20210422T014733; 1834.620
20210422T020233; 1834.620
20210422T021733; 1834.620
20210422T023233; 1834.620
20210422T024733; 1834.620
20210422T030233; 1834.620
20210422T031733; 1834.620
20210422T033233; 1834.620
20210422T034733; 1834.630
20210422T040233; 1834.630
20210422T041733; 1834.630
20210422T043233; 1834.630
20210422T044733; 1834.630
20210422T050233; 1834.630
20210422T051733; 1834.630
20210422T053233; 1834.960
20210422T054733; 1835.240
20210422T060233; 1836.140
20210422T061733; 1837.050
20210422T063233; 1837.960
20210422T064733; 1838.860
20210422T070233; 1839.760
20210422T071733; 1840.300
20210422T073233; 1840.300
20210422T074733; 1840.300
20210422T080233; 1840.300
20210422T081733; 1840.300
20210422T083233; 1840.300
20210422T084733; 1840.300
20210422T090233; 1840.300
20210422T091733; 1840.300
20210422T093233; 1840.300
20210422T094733; 1840.310
20210422T100233; 1840.310
20210422T101733; 1840.310
20210422T103233; 1840.310
20210422T104733; 1840.310
20210422T110233; 1840.310
20210422T111733; 1840.310
20210422T113233; 1840.310
20210422T114733; 1840.310
20210422T120233; 1840.320
20210422T121733; 1840.320
20210422T123233; 1840.320
20210422T124733; 1840.320
20210422T130233; 1840.320
20210422T131733; 1840.320
20210422T133233; 1840.320
20210422T134733; 1840.320
20210422T140233; 1840.320
20210422T141733; 1840.320
20210422T143233; 1840.330
20210422T144733; 1840.330
20210422T150233; 1840.330
20210422T151733; 1840.330
20210422T153233; 1840.330
20210422T154733; 1840.330
20210422T160233; 1840.330
20210422T161733; 1840.330
20210422T163233; 1840.330
20210422T164733; 1840.330
20210422T170233; 1840.340
20210422T171733; 1840.340
20210422T173233; 1840.340
20210422T174733; 1840.340
20210422T180233; 1840.340
20210422T181733; 1840.340
20210422T183233; 1840.340
20210422T184733; 1840.340
20210422T190233; 1840.340
20210422T191733; 1840.350
20210422T193233; 1840.350
20210422T194733; 1840.350
20210422T200233; 1840.350
20210422T201733; 1840.350
20210422T203233; 1840.350
20210422T204733; 1840.350
20210422T210233; 1840.350
20210422T211733; 1840.350
20210422T213233; 1840.350
20210422T214733; 1840.360
20210422T220233; 1840.360
20210422T221733; 1840.360
20210422T223233; 1840.360
20210422T224733; 1840.360
20210422T230233; 1840.360
20210422T231733; 1840.360
20210422T233233; 1840.360
20210422T234733; 1840.360
20210423T000233; 1840.370
20210423T001733; 1840.370
20210423T003233; 1840.370
20210423T004733; 1840.370
20210423T010233; 1840.370
20210423T011733; 1840.370
20210423T013233; 1840.370
20210423T014733; 1840.370
20210423T020233; 1840.370
20210423T021733; 1840.370
20210423T023233; 1840.380
20210423T024733; 1840.380
20210423T030233; 1840.380
20210423T031733; 1840.380
20210423T033233; 1840.380
20210423T034733; 1840.380
20210423T040233; 1840.380
20210423T041733; 1840.380
20210423T043233; 1840.380
20210423T044733; 1840.380
20210423T050233; 1840.390
20210423T051733; 1840.390
20210423T053233; 1840.390
20210423T054733; 1840.390
20210423T060233; 1840.390
20210423T061733; 1844.270
20210423T063233; 1849.270
20210423T064733; 1854.450
20210423T070233; 1859.540
20210423T071733; 1864.630
20210423T073233; 1868.880
20210423T074733; 1871.050
20210423T080233; 1871.940
20210423T081733; 1872.360
20210423T083233; 1872.360
20210423T084733; 1872.360
20210423T090233; 1872.360
20210423T091733; 1872.360
20210423T093233; 1872.360
20210423T094733; 1872.360
20210423T100233; 1872.360
20210423T101733; 1872.360
20210423T103233; 1872.370
20210423T104733; 1872.370
20210423T110233; 1872.370
20210423T111733; 1872.370
20210423T113233; 1872.370
20210423T114733; 1872.370
20210423T120233; 1872.370
20210423T121733; 1872.370
20210423T123233; 1872.370
20210423T124733; 1872.370
20210423T130233; 1872.380
20210423T131733; 1872.380
20210423T133233; 1872.380
20210423T134733; 1872.380
20210423T140233; 1872.380
20210423T141733; 1872.380
20210423T143233; 1872.380
20210423T144733; 1872.380
20210423T150233; 1872.380
20210423T151733; 1872.380
20210423T153233; 1872.390
20210423T154733; 1872.390
20210423T160233; 1872.390
20210423T161733; 1872.390
20210423T163233; 1872.390
20210423T164733; 1872.390
20210423T170233; 1872.390
20210423T171733; 1872.390
20210423T173233; 1872.390
20210423T174733; 1872.400
20210423T180233; 1872.400
20210423T181733; 1872.710
20210423T183233; 1872.830
20210423T184733; 1872.830
20210423T190233; 1872.830
20210423T191733; 1872.830
20210423T193233; 1872.830
20210423T194733; 1872.830
20210423T200233; 1872.830
20210423T201733; 1872.830
20210423T203233; 1872.830
20210423T204733; 1872.840
20210423T210233; 1872.840
20210423T211733; 1872.840
20210423T213233; 1872.840
20210423T214733; 1872.840
20210423T220233; 1872.840
20210423T221733; 1872.840
20210423T223233; 1872.840
20210423T224733; 1872.840
20210423T230233; 1872.840
20210423T231733; 1872.850
20210423T233233; 1872.850
20210423T234733; 1872.850
20210424T000233; 1872.850
20210424T001733; 1872.850
20210424T003233; 1872.850
20210424T004733; 1872.850
20210424T010233; 1872.850
20210424T011733; 1872.850
20210424T013233; 1872.860
20210424T014733; 1872.860
20210424T020233; 1872.860
20210424T021733; 1872.860
20210424T023233; 1872.860
20210424T024733; 1872.860
20210424T030233; 1872.860
20210424T031733; 1872.860
20210424T033233; 1872.860
20210424T034733; 1872.860
20210424T040233; 1872.870
20210424T041733; 1872.870
20210424T043233; 1872.870
20210424T044733; 1872.870
20210424T050233; 1872.870
20210424T051733; 1872.870
20210424T053233; 1872.870
20210424T054733; 1872.870
20210424T060233; 1872.870
20210424T061733; 1872.870
20210424T063233; 1872.880
20210424T064733; 1872.880
20210424T070233; 1872.880
20210424T071733; 1872.880
20210424T073233; 1872.880
20210424T074733; 1872.880
20210424T080233; 1872.880
20210424T081733; 1872.880
20210424T083233; 1872.880
20210424T084733; 1872.890
20210424T090233; 1872.890
20210424T091733; 1872.890
20210424T093233; 1872.890
20210424T094733; 1872.890
20210424T100233; 1872.890
20210424T101733; 1872.890
20210424T103233; 1872.890
20210424T104733; 1872.890
20210424T110233; 1872.890
20210424T111733; 1872.900
20210424T113233; 1872.900
20210424T114733; 1872.900
20210424T120233; 1872.900
20210424T121733; 1872.900
20210424T123233; 1872.900
20210424T124733; 1872.900
20210424T130233; 1872.900
20210424T131733; 1872.900
20210424T133233; 1872.900
20210424T134733; 1872.910
20210424T140233; 1872.910
20210424T141733; 1872.910
20210424T143233; 1872.910
20210424T144733; 1872.910
20210424T150233; 1872.910
20210424T151733; 1872.910
20210424T153233; 1872.910
20210424T154733; 1872.910
20210424T160233; 1872.920
20210424T161733; 1872.920
20210424T163233; 1872.920
20210424T164733; 1872.920
20210424T170233; 1872.920
20210424T171733; 1872.920
20210424T173233; 1872.920
20210424T174733; 1872.920
20210424T180233; 1872.920
20210424T181733; 1872.920
20210424T183233; 1872.930
20210424T184733; 1872.930
20210424T190233; 1872.930
20210424T191733; 1872.930
20210424T193233; 1872.930
20210424T194733; 1872.930
20210424T200233; 1872.930
20210424T201733; 1872.930
20210424T203233; 1872.930
20210424T204733; 1872.930
20210424T210233; 1872.940
20210424T211733; 1872.940
20210424T213233; 1872.940
20210424T214733; 1872.940
20210424T220233; 1872.940
20210424T221733; 1872.940
20210424T223233; 1872.940
20210424T224733; 1872.940
20210424T230233; 1872.940
20210424T231733; 1872.950
20210424T233233; 1872.950
20210424T234733; 1872.950
20210425T000233; 1872.950
20210425T001733; 1872.950
20210425T003233; 1872.950
20210425T004733; 1872.950
20210425T010233; 1872.950
20210425T011733; 1872.950
20210425T013233; 1872.950
20210425T014733; 1872.960
20210425T020233; 1872.960
20210425T021733; 1872.960
20210425T023233; 1873.260
20210425T024733; 1873.260
20210425T030233; 1873.260
20210425T031733; 1873.260
20210425T033233; 1873.260
20210425T034733; 1873.260
20210425T040233; 1873.260
20210425T041733; 1873.270
20210425T043233; 1873.270
20210425T044733; 1873.270
20210425T050233; 1873.270
20210425T051733; 1873.270
20210425T053233; 1873.270
20210425T054733; 1873.270
20210425T060233; 1873.270
20210425T061733; 1873.270
20210425T063233; 1873.280
20210425T064733; 1873.280
20210425T070233; 1873.280
20210425T071733; 1873.280
20210425T073233; 1873.280
20210425T074733; 1873.280
20210425T080233; 1873.280
20210425T081733; 1873.280
20210425T083233; 1873.280
20210425T084733; 1873.280
20210425T090233; 1873.290
20210425T091733; 1873.290
20210425T093233; 1873.290
20210425T094733; 1873.290
20210425T100233; 1873.290
20210425T101733; 1873.290
20210425T103233; 1873.290
20210425T104733; 1873.290
20210425T110233; 1873.290
20210425T111733; 1873.290
20210425T113233; 1873.300
20210425T114733; 1873.300
20210425T120233; 1873.300
20210425T121733; 1873.300
20210425T123233; 1873.300
20210425T124733; 1873.300
20210425T130233; 1873.300
20210425T131733; 1873.300
20210425T133233; 1873.300
20210425T134733; 1873.310
20210425T140233; 1873.310
20210425T141733; 1873.310
20210425T143233; 1873.310
20210425T144733; 1873.310
20210425T150233; 1873.310
20210425T151733; 1873.310
20210425T153233; 1873.310
20210425T154733; 1873.310
20210425T160233; 1873.310
20210425T161733; 1873.320
20210425T163233; 1873.320
20210425T164733; 1873.320
20210425T170233; 1873.320
20210425T171733; 1873.320
20210425T173233; 1873.320
20210425T174733; 1873.320
20210425T180233; 1873.320
20210425T181733; 1873.320
20210425T183233; 1873.320
20210425T184733; 1873.330
20210425T190233; 1873.330
20210425T191733; 1873.330
20210425T193233; 1873.330
20210425T194733; 1873.330
20210425T200233; 1873.330
20210425T201733; 1873.330
20210425T203233; 1873.330
20210425T204733; 1873.330
20210425T210233; 1873.340
20210425T211733; 1873.340
20210425T213233; 1873.340
20210425T214733; 1873.340
20210425T220233; 1873.340
20210425T221733; 1873.340
20210425T223233; 1873.340
20210425T224733; 1873.340
20210425T230233; 1873.340
20210425T231733; 1873.340
20210425T233233; 1873.350
20210425T234733; 1873.350
20210426T000233; 1873.350
20210426T001733; 1873.350
20210426T003233; 1873.350
20210426T004733; 1873.350
20210426T010233; 1873.350
20210426T011733; 1873.350
20210426T013233; 1873.350
20210426T014733; 1873.350
20210426T020233; 1873.360
20210426T021733; 1873.360
20210426T023233; 1873.360
20210426T024733; 1873.360
20210426T030233; 1873.360
20210426T031733; 1873.360
20210426T033233; 1873.360
20210426T034733; 1873.360
20210426T040233; 1873.360
20210426T041733; 1873.360
20210426T043233; 1873.370
20210426T044733; 1873.370
20210426T050233; 1873.370
20210426T051733; 1873.370
20210426T053233; 1873.370
20210426T054733; 1873.370
20210426T060233; 1873.370
20210426T061733; 1873.370
20210426T063233; 1873.370
20210426T064733; 1873.380
20210426T070233; 1873.380
20210426T071733; 1873.380
20210426T073233; 1873.380
20210426T074733; 1873.380
20210426T080233; 1873.380
20210426T081733; 1873.380
20210426T083233; 1873.380
20210426T084733; 1873.380
20210426T090233; 1873.380
20210426T091733; 1873.390
20210426T093233; 1873.390
20210426T094733; 1873.390
20210426T100233; 1873.390
20210426T101733; 1873.390
20210426T103233; 1873.390
20210426T104733; 1873.390
20210426T110233; 1873.390
20210426T111733; 1873.390
20210426T113233; 1873.390
20210426T114733; 1873.400
20210426T120233; 1873.400
20210426T121733; 1873.400
20210426T123233; 1873.400
20210426T124733; 1873.400
20210426T130233; 1873.400
20210426T131733; 1873.400
20210426T133233; 1873.400
20210426T134733; 1873.400
20210426T140233; 1873.410
20210426T141733; 1873.410
20210426T143233; 1873.410
20210426T144733; 1873.410
20210426T150233; 1873.410
20210426T151733; 1873.410
20210426T153233; 1873.410
20210426T154733; 1873.410
20210426T160233; 1873.410
20210426T161733; 1873.410
20210426T163233; 1873.420
20210426T164733; 1873.420
20210426T170233; 1873.420
20210426T171733; 1873.420
20210426T173233; 1873.420
20210426T174733; 1873.420
20210426T180233; 1873.420
20210426T181733; 1873.420
20210426T183233; 1873.420
20210426T184733; 1873.420
20210426T190233; 1873.430
20210426T191733; 1873.430
20210426T193233; 1873.430
20210426T194733; 1873.430
20210426T200233; 1873.430
20210426T201733; 1873.430
20210426T203233; 1873.430
20210426T204733; 1873.430
20210426T210233; 1873.430
20210426T211733; 1873.440
20210426T213233; 1873.440
20210426T214733; 1873.440
20210426T220233; 1873.440
20210426T221733; 1873.440
20210426T223233; 1873.440
20210426T224733; 1873.440
20210426T230233; 1873.440
20210426T231733; 1873.440
20210426T233233; 1873.440
20210426T234733; 1873.450
20210427T000233; 1873.450
20210427T001733; 1873.450
20210427T003233; 1873.450
20210427T004733; 1873.450
20210427T010233; 1873.450
20210427T011733; 1873.450
20210427T013233; 1873.450
20210427T014733; 1873.450
20210427T020233; 1873.460
20210427T021733; 1873.460
20210427T023233; 1873.460
20210427T024733; 1873.460
20210427T030233; 1873.460
20210427T031733; 1873.460
20210427T033233; 1873.460
20210427T034733; 1873.460
20210427T040233; 1873.460
20210427T041733; 1873.460
20210427T043233; 1873.470
20210427T044733; 1873.470
20210427T050233; 1873.470
20210427T051733; 1873.470
20210427T053233; 1873.470
20210427T054733; 1873.470
20210427T060233; 1873.470
20210427T061733; 1873.470
20210427T063233; 1873.470
20210427T064733; 1873.470
20210427T070233; 1873.480
20210427T071733; 1873.480
20210427T073233; 1873.480
20210427T074733; 1873.480
20210427T080233; 1873.480
20210427T081733; 1873.480
20210427T083233; 1873.480
20210427T084733; 1873.480
20210427T090233; 1873.480
20210427T091733; 1873.490
20210427T093233; 1873.490
20210427T094733; 1873.490
20210427T100233; 1873.490
20210427T101733; 1873.490
20210427T103233; 1873.490
20210427T104733; 1873.490
20210427T110233; 1873.490
20210427T111733; 1873.490
20210427T113233; 1873.490
20210427T114733; 1873.500
20210427T120233; 1873.500
20210427T121733; 1873.500
20210427T123233; 1873.500
20210427T124733; 1873.500
20210427T130233; 1873.500
20210427T131733; 1873.500
20210427T133233; 1873.500
20210427T134733; 1873.500
20210427T140233; 1873.500
20210427T141733; 1873.510
20210427T143233; 1873.510
20210427T144733; 1873.510
20210427T150233; 1873.510
20210427T151733; 1873.510
20210427T153233; 1873.510
20210427T154733; 1873.510
20210427T160233; 1873.510
20210427T161733; 1873.510
20210427T163233; 1873.520
20210427T164733; 1873.520
20210427T170233; 1873.520
20210427T171733; 1873.520
20210427T173233; 1873.520
20210427T174733; 1873.520
20210427T180233; 1873.520
20210427T181733; 1873.520
20210427T183233; 1873.520
20210427T184733; 1873.520
20210427T190233; 1873.530
20210427T191733; 1873.530
20210427T193233; 1873.530
20210427T194733; 1873.530
20210427T200233; 1873.530
20210427T201733; 1873.530
20210427T203233; 1873.530
20210427T204733; 1873.530
20210427T210233; 1873.530
20210427T211733; 1873.530
20210427T213233; 1873.540
20210427T214733; 1873.540
20210427T220233; 1873.540
20210427T221733; 1873.540
20210427T223233; 1873.540
20210427T224733; 1873.540
20210427T230233; 1873.540
20210427T231733; 1873.540
20210427T233233; 1873.540
20210427T234733; 1873.550
20210428T000233; 1873.550
20210428T001733; 1873.550
20210428T003233; 1873.550
20210428T004733; 1873.550
20210428T010233; 1873.550
20210428T011733; 1873.550
20210428T013233; 1873.550
20210428T014733; 1873.550
20210428T020233; 1873.550
20210428T021733; 1873.560
20210428T023233; 1873.560
20210428T024733; 1873.560
20210428T030233; 1873.560
20210428T031733; 1873.560
20210428T033233; 1873.560
20210428T034733; 1873.560
20210428T040233; 1873.560
20210428T041733; 1873.560
20210428T043233; 1873.570
20210428T044733; 1873.570
20210428T050233; 1873.570
20210428T051733; 1873.570
20210428T053233; 1873.570
20210428T054733; 1873.570
20210428T060233; 1873.570
20210428T061733; 1873.570
20210428T063233; 1873.570
20210428T064733; 1873.570
20210428T070233; 1873.580
20210428T071733; 1873.580
20210428T073233; 1873.580
20210428T074733; 1873.580
20210428T080233; 1873.580
20210428T081733; 1873.580
20210428T083233; 1873.580
20210428T084733; 1873.580
20210428T090233; 1873.580
20210428T091733; 1873.580
20210428T093233; 1873.590
20210428T094733; 1873.590
20210428T100233; 1873.590
20210428T101733; 1873.590
20210428T103233; 1873.590
20210428T104733; 1873.590
20210428T110233; 1873.590
20210428T111733; 1873.590
20210428T113233; 1873.590
20210428T114733; 1873.600
20210428T120233; 1873.600
20210428T121733; 1873.600
20210428T123233; 1873.600
20210428T124733; 1873.600
20210428T130233; 1873.600
20210428T131733; 1873.600
20210428T133233; 1873.600
20210428T134733; 1873.600
20210428T140233; 1873.600
20210428T141733; 1873.610
20210428T143233; 1873.610
20210428T144733; 1873.610
20210428T150233; 1873.610
20210428T151733; 1873.610
20210428T153233; 1873.610
20210428T154733; 1873.610
20210428T160233; 1873.610
20210428T161733; 1873.610
20210428T163233; 1873.610
20210428T164733; 1873.620
20210428T170233; 1873.620
20210428T171733; 1873.620
20210428T173233; 1873.620
20210428T174733; 1873.620
20210428T180233; 1873.620
20210428T181733; 1873.620
20210428T183233; 1873.620
20210428T184733; 1873.620
20210428T190233; 1873.630
20210428T191733; 1873.630
20210428T193233; 1873.630
20210428T194733; 1873.630
20210428T200233; 1873.630
20210428T201733; 1873.630
20210428T203233; 1873.630
20210428T204733; 1873.630
20210428T210233; 1873.630
20210428T211733; 1873.630
20210428T213233; 1873.640
20210428T214733; 1873.640
20210428T220233; 1873.640
20210428T221733; 1873.640
20210428T223233; 1873.640
20210428T224733; 1873.640
20210428T230233; 1873.640
20210428T231733; 1873.640
20210428T233233; 1873.640
20210428T234733; 1873.650
20210429T000233; 1873.650
20210429T001733; 1873.650
20210429T003233; 1873.650
20210429T004733; 1873.650
20210429T010233; 1873.650
20210429T011733; 1873.650
20210429T013233; 1873.650
20210429T014733; 1873.650
20210429T020233; 1873.650
20210429T021733; 1873.660
20210429T023233; 1873.660
20210429T024733; 1873.660
20210429T030233; 1873.660
20210429T031733; 1873.660
20210429T033233; 1873.660
20210429T034733; 1873.660
20210429T040233; 1873.660
20210429T041733; 1873.660
20210429T043233; 1873.660
20210429T044733; 1873.670
20210429T050233; 1873.670
20210429T051733; 1873.670
20210429T053233; 1873.670
20210429T054733; 1873.670
20210429T060233; 1873.670
20210429T061733; 1873.670
20210429T063233; 1873.670
20210429T064733; 1873.670
20210429T070233; 1873.680
20210429T071733; 1873.680
20210429T073233; 1873.680
20210429T074733; 1873.680
20210429T080233; 1873.680
20210429T081733; 1873.680
20210429T083233; 1873.680
20210429T084733; 1873.680
20210429T090233; 1873.680
20210429T091733; 1873.680
20210429T093233; 1873.690
20210429T094733; 1873.690
20210429T100233; 1873.690
20210429T101733; 1873.690
20210429T103233; 1873.690
20210429T104733; 1873.690
20210429T110233; 1873.690
20210429T111733; 1873.690
20210429T113233; 1873.690
20210429T114733; 1873.690
20210429T120233; 1873.700
20210429T121733; 1873.700
20210429T123233; 1873.700
20210429T124733; 1873.700
20210429T130233; 1873.700
20210429T131733; 1873.700
20210429T133233; 1873.700
20210429T134733; 1873.700
20210429T140233; 1873.700
20210429T141733; 1873.710
20210429T143233; 1873.710
20210429T144733; 1873.710
20210429T150233; 1873.710
20210429T151733; 1873.710
20210429T153233; 1873.710
20210429T154733; 1873.710
20210429T160233; 1873.710
20210429T161733; 1873.710
20210429T163233; 1873.710
20210429T164733; 1873.720
20210429T170233; 1873.720
20210429T171733; 1873.720
20210429T173233; 1873.720
20210429T174733; 1873.720
20210429T180233; 1873.720
20210429T181733; 1873.720
20210429T183233; 1873.720
20210429T184733; 1873.720
20210429T190233; 1873.730
20210429T191733; 1873.730
20210429T193233; 1873.730
20210429T194733; 1873.730
20210429T200233; 1873.730
20210429T201733; 1873.730
20210429T203233; 1873.730
20210429T204733; 1873.730
20210429T210233; 1873.730
20210429T211733; 1873.730
20210429T213233; 1873.740
20210429T214733; 1873.740
20210429T220233; 1873.740
20210429T221733; 1873.740
20210429T223233; 1873.740
20210429T224733; 1873.740
20210429T230233; 1873.740
20210429T231733; 1873.740
20210429T233233; 1873.740
20210429T234733; 1873.740
20210430T000233; 1873.750
20210430T001733; 1873.750
20210430T003233; 1873.750
20210430T004733; 1873.750
20210430T010233; 1873.750
20210430T011733; 1873.750
20210430T013233; 1873.750
20210430T014733; 1873.750
20210430T020233; 1873.750
20210430T021733; 1873.760
20210430T023233; 1873.760
20210430T024733; 1873.760
20210430T030233; 1873.760
20210430T031733; 1873.760
20210430T033233; 1873.760
20210430T034733; 1873.760
20210430T040233; 1873.760
20210430T041733; 1873.760
20210430T043233; 1873.760
20210430T044733; 1873.770
20210430T050233; 1873.770
20210430T051733; 1873.770
20210430T053233; 1873.770
20210430T054733; 1873.770
20210430T060233; 1873.770
20210430T061733; 1873.770
20210430T063233; 1873.770
20210430T064733; 1873.770
