1631309177.0;0.0
