LOC;Time;Start;End;Biomass;Lignite;Coal;Gas;HardCoal;Oil;Shale;Peat;Geothermal;HydroPumped;Hydro;Marine;Nuclear;OtherRES;Solar;Waste;WindOffShore;WindOnShore;SwID
ALL;20220102T120217;20190201T000000;20190201T001500;9.8510225669958;0.088152327221439;0;7.2461212976023;16.660789844852;0;0;0;0;0;3.5922073342736;0;18.119710860367;0.044076163610719;0;0;13.522566995769;30.505112834979;github.com/GreenCharge/PMC.gridmix
ALL;20220102T120217;20190201T001500;20190201T003000;9.8800938011592;0.088491659661077;0;7.1147294367506;15.910800407062;0;0;0;0;0;3.5883367992567;0;18.162913145436;0.044245829830538;0;0;13.795849741162;31.042874209106;github.com/GreenCharge/PMC.gridmix
ALL;20220102T120217;20190201T003000;20190201T004500;9.9959639445715;0.089690120633212;0;7.2110856989103;14.79886990448;0;0;0;0;0;3.6593569218351;0;18.413381765998;0.044845060316606;0;0;13.928875734338;31.481232342257;github.com/GreenCharge/PMC.gridmix
ALL;20220102T120217;20190201T004500;20190201T010000;10.080718302195;0.090694721567205;0;7.2918556140033;13.985126065663;0;0;0;0;0;3.6731362234718;0;18.615091601669;0.045347360783602;0;0;14.035008162525;31.80210411754;github.com/GreenCharge/PMC.gridmix
ALL;20220102T120217;20190201T010000;20190201T011500;10.203707102221;0.091759955955221;0;7.3591484676087;13.488713525418;0;0;0;0;0;3.725454211782;0;18.861258946596;0.045879977977611;0;0;13.956689300789;31.881996696642;github.com/GreenCharge/PMC.gridmix
ALL;20220102T120217;20190201T011500;20190201T013000;10.210830921869;0.091865325432915;0;7.3675990997198;12.622295714483;0;0;0;0;0;3.7205456800331;0;18.892104175279;0.045932662716458;0;0;14.620366542648;32.042625511001;github.com/GreenCharge/PMC.gridmix
ALL;20220102T120217;20190201T013000;20190201T014500;10.130853052478;0.091186796151917;0;7.3131810513838;11.945470295901;0;0;0;0;0;3.6611498654995;0;18.725208589796;0.045593398075959;0;0;15.706925637168;31.997446769708;github.com/GreenCharge/PMC.gridmix
ALL;20220102T120217;20190201T014500;20190201T020000;10.037510733493;0.090387309621729;0;7.267139693587;11.045329235775;0;0;0;0;0;3.6154923848692;0;18.556514665341;0.045193654810865;0;0;16.468567813079;32.494237809012;github.com/GreenCharge/PMC.gridmix
ALL;20220102T120217;20190201T020000;20190201T021500;10.081359938185;0.090904958865506;0;7.3087586927867;8.9268669605927;0;0;0;0;0;3.6134721149039;0;18.662788055088;0.045452479432753;0;0;17.781009954093;33.107586018817;github.com/GreenCharge/PMC.gridmix
ALL;20220102T120217;20190201T021500;20190201T023000;9.9269484157218;0.089633845740151;0;7.2065611975082;8.6586294984986;0;0;0;0;0;3.545018599023;0;18.397346838166;0.044816922870076;0;0;18.518352529915;33.236230000448;github.com/GreenCharge/PMC.gridmix
ALL;20220102T120217;20190201T023000;20190201T024500;9.8762133760798;0.089055125122451;0;7.160032059845;8.6027250868287;0;0;0;0;0;3.5176774423368;0;18.283017187639;0.044527562561225;0;0;18.723840056995;33.328880577077;github.com/GreenCharge/PMC.gridmix
ALL;20220102T120217;20190201T024500;20190201T030000;9.8921664735763;0.089118616879066;0;7.1651367970769;8.5732109437662;0;0;0;0;0;3.5068175741912;0;18.296052045272;0.044559308439533;0;0;18.674806167008;33.383833882898;github.com/GreenCharge/PMC.gridmix
ALL;20220102T120217;20190201T030000;20190201T031500;9.9494926920842;0.089393465337684;0;7.2408706923524;8.2241988110669;0;0;0;0;0;3.5042238412372;0;18.365887453627;0.044696732668842;0;0;18.553613730836;33.652170026371;github.com/GreenCharge/PMC.gridmix
ALL;20220102T120217;20190201T031500;20190201T033000;9.9228470766624;0.089194131026178;0;7.2425634393257;7.9917941399456;0;0;0;0;0;3.4874905231236;0;18.316014806226;0.044597065513089;0;0;18.57021807965;33.960665388217;github.com/GreenCharge/PMC.gridmix
ALL;20220102T120217;20190201T033000;20190201T034500;9.8883998043662;0.088924458672358;0;7.2206660441955;8.0032012805122;0;0;0;0;0;3.4636076652883;0;18.247298919568;0.044462229336179;0;0;18.847539015606;33.822417856031;github.com/GreenCharge/PMC.gridmix
ALL;20220102T120217;20190201T034500;20190201T040000;9.7971781305115;0.088183421516755;0;7.1604938271605;7.9012345679012;0;0;0;0;0;3.3950617283951;0;18.099647266314;0.044091710758377;0;0;19.373897707231;33.769841269841;github.com/GreenCharge/PMC.gridmix
ALL;20220102T120217;20190201T040000;20190201T041500;9.7543859649123;0.087719298245614;0;7.2280701754386;7.7543859649123;0;0;0;0;0;3.3771929824561;0;18.013157894737;0.043859649122807;0;0;19.701754385965;33.671052631579;github.com/GreenCharge/PMC.gridmix
ALL;20220102T120217;20190201T041500;20190201T043000;9.7919324330269;0.087977829586944;0;7.5484977785598;7.8652179650728;0;0;0;0;0;3.3915453305767;0;18.079443980117;0.043988914793472;0;0;19.355122509128;33.466766374874;github.com/GreenCharge/PMC.gridmix
ALL;20220102T120217;20190201T043000;20190201T044500;9.8317212137273;0.088335320878053;0;7.579170531337;7.985513007376;0;0;0;0;0;3.3920763217172;0;18.139658142308;0.044167660439027;0;0;19.23943288724;33.328916567289;github.com/GreenCharge/PMC.gridmix
ALL;20220102T120217;20190201T044500;20190201T050000;9.7925201532972;0.088101845733668;0;7.5767587330955;8.2991938681115;0;0;0;0;0;3.3787057838862;0;18.082903836835;0.044050922866834;0;0;19.329544953967;33.038192150126;github.com/GreenCharge/PMC.gridmix
ALL;20220102T120217;20190201T050000;20190201T051500;9.6792444618532;0.087043565304435;0;7.6076076076076;8.7217652435044;0;0;0;0;0;3.3468250859555;0;17.904861383122;0.043521782652217;0;0;19.502110806459;32.741437089263;github.com/GreenCharge/PMC.gridmix
ALL;20220102T120217;20190201T051500;20190201T053000;9.5862068965517;0.086206896551724;0;7.5344827586207;9.2758620689655;0;0;0;0;0;3.2931034482759;0;17.737068965517;0.043103448275862;0;0;19.745689655172;32.336206896552;github.com/GreenCharge/PMC.gridmix
ALL;20220102T120217;20190201T053000;20190201T054500;9.4898307981542;0.08545547769612;0;7.5884464194155;9.6222867885831;0;0;0;0;0;3.2686720218766;0;17.573918988207;0.04272773884806;0;0;19.650487096223;32.319261664673;github.com/GreenCharge/PMC.gridmix
ALL;20220102T120217;20190201T054500;20190201T060000;9.4410940287098;0.084940117217362;0;7.5766584557887;10.243778136414;0;0;0;0;0;3.2362184659815;0;17.442453070585;0.042470058608681;0;0;19.599932047906;31.975707126476;github.com/GreenCharge/PMC.gridmix
ALL;20220102T120217;20190201T060000;20190201T061500;9.3519758874749;0.083724045545881;0;8.1044876088413;11.604152712659;0;0;0;0;0;3.1647689216343;0;17.167615539183;0.04186202277294;0;0;18.163931681179;31.965840589417;github.com/GreenCharge/PMC.gridmix
ALL;20220102T120217;20190201T061500;20190201T063000;9.2814744095305;0.083018554646964;0;8.2354406209788;12.104105267527;0;0;0;0;0;3.1256485824582;0;17.035407413557;0.041509277323482;0;0;18.03163006932;31.71308787514;github.com/GreenCharge/PMC.gridmix
ALL;20220102T120217;20190201T063000;20190201T064500;9.2015459254995;0.082230079763177;0;8.1901159444125;12.614094235671;0;0;0;0;0;3.0671819751665;0;16.865389359428;0.041115039881589;0;0;17.860373324562;31.73258778061;github.com/GreenCharge/PMC.gridmix
ALL;20220102T120217;20190201T064500;20190201T070000;9.1153033013498;0.081314034802407;0;8.1801919011221;13.579443812002;0;0;0;0;0;3.0533420068304;0;16.677508537974;0.040657017401203;0;0;17.600422832981;31.330297609367;github.com/GreenCharge/PMC.gridmix
ALL;20220102T120217;20190201T070000;20190201T071500;9.0898072960853;0.080798287076314;0;8.6292570597503;14.268977497677;0;0;0;0;0;3.0339756797156;0;16.567688764998;0.040399143538157;0;0;17.424150608007;30.525592857431;github.com/GreenCharge/PMC.gridmix
ALL;20220102T120217;20190201T071500;20190201T073000;9.0780714141618;0.080693968125883;0;8.7956425257212;14.428081500908;0;0;0;0;0;3.0461972967521;0;16.554367561025;0.040346984062941;0;0;17.437966512003;30.199717571112;github.com/GreenCharge/PMC.gridmix
ALL;20220102T120217;20190201T073000;20190201T074500;9.0529191947603;0.080363241853176;0;8.9203198457026;14.43323823683;0;0;0;0;0.23707156346687;3.0015670832161;0;16.494555390364;0.040181620926588;0.0080363241853176;0;17.402660023305;29.991561859605;github.com/GreenCharge/PMC.gridmix
ALL;20220102T120217;20190201T074500;20190201T080000;8.9763025612383;0.079789356099896;0;9.0002393680683;14.425915582861;0;0;0;0;1.3883347961382;2.9043325620362;0;16.368786403894;0.039894678049948;0.071810420489907;0;17.390090161972;29.019388813532;github.com/GreenCharge/PMC.gridmix
ALL;20220102T120217;20190201T080000;20190201T081500;8.9080006312135;0.078901688496134;0;9.5471043080322;14.423228657093;0;0;0;0;1.3610541265583;2.8010099416128;0;16.115669875335;0.039450844248067;0.3550575982326;0;17.169007416759;28.854347483036;github.com/GreenCharge/PMC.gridmix
ALL;20220102T120217;20190201T081500;20190201T083000;8.968556455455;0.079402890265206;0;9.7824360806733;14.546609496586;0;0;0;0;0.5994918215023;2.7949817373352;0;16.261711926314;0.039701445132603;0.67095442274099;0;17.274098777195;28.632682229633;github.com/GreenCharge/PMC.gridmix
ALL;20220102T120217;20190201T083000;20190201T084500;8.9652432969215;0.079443892750745;0;9.914597815293;14.570009930487;0;0;0;0;0.66335650446872;2.7487586891758;0;16.30585898709;0.039721946375372;1.0764647467726;0;17.326713008937;27.960278053625;github.com/GreenCharge/PMC.gridmix
ALL;20220102T120217;20190201T084500;20190201T090000;8.9989647208728;0.079636855936928;0;10.05017121924;14.605399378833;0;0;0;0;0.65700406147965;2.7554352154177;0;16.345464681054;0.039818427968464;1.4892092060205;0;17.476308035359;27.152186031695;github.com/GreenCharge/PMC.gridmix
ALL;20220102T120217;20190201T090000;20190201T091500;9.0883511536297;0.080392314494734;0;10.097274700539;14.631401238042;0;0;0;0;0.70745236755366;2.7654956186189;0;16.492483318595;0.040196157247367;1.8892193906263;0;17.714446498915;26.139561057963;github.com/GreenCharge/PMC.gridmix
ALL;20220102T120217;20190201T091500;20190201T093000;9.1831351702309;0.08115894980319;0;10.193564095281;14.75469707422;0;0;0;0;0.90492229030556;2.79998376821;0;16.653816499614;0.040579474901595;2.187233697196;0;17.842795114231;25.001014486873;github.com/GreenCharge/PMC.gridmix
ALL;20220102T120217;20190201T093000;20190201T094500;9.2077349869452;0.081592689295039;0;10.248041775457;14.80091383812;0;0;0;0;1.3748368146214;2.8435052219321;0;16.746899477807;0.04079634464752;2.5783289817232;0;17.946312010444;23.77203002611;github.com/GreenCharge/PMC.gridmix
ALL;20220102T120217;20190201T094500;20190201T100000;9.2002773133233;0.081562742139391;0;10.276905509563;14.795481424085;0;0;0;0;1.610864157253;2.8546959748787;0;16.748909098324;0.040781371069695;3.0178214591575;0;17.947881407773;23.06594347702;github.com/GreenCharge/PMC.gridmix
ALL;20220102T120217;20190201T100000;20190201T101500;9.153447717708;0.080932340563289;0;10.2298478472;14.632567173843;0;0;0;0;1.303010683069;2.7962123664616;0;16.647782453869;0.040466170281645;3.4719974101651;0;18.076238264811;23.211395273551;github.com/GreenCharge/PMC.gridmix
ALL;20220102T120217;20190201T101500;20190201T103000;9.1401325359625;0.08081461128172;0;10.214966866009;14.643607564248;0;0;0;0;0.31113625343462;2.7840633586552;0;16.595280426701;0.04040730564086;4.0851786002909;0;18.716663972846;23.03216421529;github.com/GreenCharge/PMC.gridmix
ALL;20220102T120217;20190201T103000;20190201T104500;9.0385307886208;0.080022406273757;0;10.114832153003;14.548073460569;0;0;0;0;0.38010642980034;2.7447685351899;0;16.400592165806;0.040011203136878;4.6933141279558;0;18.81326771496;22.79438242708;github.com/GreenCharge/PMC.gridmix
ALL;20220102T120217;20190201T104500;20190201T110000;8.9836588282184;0.079713033080909;0;10.075727381427;14.475886807493;0;0;0;0;0.44240733359904;2.7381426863292;0;16.337186129932;0.039856516540454;5.085691510562;0;18.708648864089;22.682343563173;github.com/GreenCharge/PMC.gridmix
ALL;20220102T120217;20190201T110000;20190201T111500;8.893546346093;0.079088895919013;0;9.9810186649794;14.283454602974;0;0;0;0;1.5303701360329;2.72461246441;0;16.094590319519;0.039544447959506;5.3740904776969;0;18.42771274913;22.223979753243;github.com/GreenCharge/PMC.gridmix
ALL;20220102T120217;20190201T111500;20190201T113000;8.8924050632911;0.079113924050633;0;10.221518987342;14.414556962025;0;0;0;0;1.3884493670886;2.7136075949367;0;15.882120253165;0.039556962025316;5.8860759493671;0;18.097310126582;22.037183544304;github.com/GreenCharge/PMC.gridmix
ALL;20220102T120217;20190201T113000;20190201T114500;8.8975848847781;0.079054508083323;0;10.419384165382;14.356298667932;0;0;0;0;1.6957191983873;2.6839005494288;0;15.688367129136;0.039527254041662;6.2571643147951;0;17.526384442073;22.008775050397;github.com/GreenCharge/PMC.gridmix
ALL;20220102T120217;20190201T114500;20190201T120000;8.9992397263015;0.080028810371734;0;10.643831779441;14.293145532392;0;0;0;0;1.248449441799;2.7249809931575;0;15.641630987155;0.040014405185867;6.506342283222;0;17.150174062663;22.320035212677;github.com/GreenCharge/PMC.gridmix
ALL;20220102T120217;20190201T120000;20190201T121500;9.123659178304;0.080955272212103;0;10.475612224246;14.329083181542;0;0;0;0;1.2588544828982;2.7605747824327;0;15.604128718883;0.040477636106051;6.6059502125076;0;17.105849018417;22.258652094718;github.com/GreenCharge/PMC.gridmix
ALL;20220102T120217;20190201T121500;20190201T123000;9.3941286695815;0.083281282531751;0;10.776597959609;14.624193212575;0;0;0;0;0.64126587549448;2.8440557984593;0;15.848428065792;0.041640641265875;6.9414948990214;0;17.264209868832;21.174266083698;github.com/GreenCharge/PMC.gridmix
ALL;20220102T120217;20190201T123000;20190201T124500;9.3213680162111;0.082709565361234;0;10.719159670816;14.457632025144;0;0;0;0;1.8444233075555;2.8328026136223;0;15.706546462098;0.041354782680617;6.9517389686117;0;16.963731855589;20.714610644721;github.com/GreenCharge/PMC.gridmix
ALL;20220102T120217;20190201T124500;20190201T130000;9.365132125644;0.083097889313611;0;10.802725610769;14.442413162706;0;0;0;0;2.1356157553598;2.8918065481137;0;15.78444407512;0.041548944656806;6.9262090742895;0;16.893800897457;20.26757520359;github.com/GreenCharge/PMC.gridmix
ALL;20220102T120217;20190201T130000;20190201T131500;9.2859785423603;0.082213178772557;0;10.687713240432;14.28865047067;0;0;0;0;3.2844164919637;2.8569079623464;0;15.616393307847;0.041106589386279;6.848357791754;0;16.874254943067;19.7722694948;github.com/GreenCharge/PMC.gridmix
ALL;20220102T120217;20190201T131500;20190201T133000;9.3246259403158;0.08266512358436;0;10.713400016533;14.367198478962;0;0;0;0;3.1950070265355;2.8684797883773;0;15.69810696867;0.04133256179218;7.0844010911796;0;16.933950566256;19.327105894023;github.com/GreenCharge/PMC.gridmix
ALL;20220102T120217;20190201T133000;20190201T134500;9.4413057124922;0.083699518727767;0;10.847457627119;14.513496547395;0;0;0;0;2.887633396108;2.9043732998535;0;15.890353630467;0.041849759363884;7.4911069261352;0;17.020297133291;18.510148566646;github.com/GreenCharge/PMC.gridmix
ALL;20220102T120217;20190201T134500;20190201T140000;9.598976109215;0.085324232081911;0;11.058020477816;14.726962457338;0;0;0;0;2.2141638225256;2.94795221843;0;16.203071672355;0.042662116040956;7.6493174061433;0;17.120307167235;17.977815699659;github.com/GreenCharge/PMC.gridmix
ALL;20220102T120217;20190201T140000;20190201T141500;9.8178490500261;0.087153564580791;0;11.329963395503;15.391319504968;0;0;0;0;0.53599442217187;2.9675788739759;0;16.554819592121;0.043576782290396;7.5387833362385;0;17.635523792923;17.713962001046;github.com/GreenCharge/PMC.gridmix
ALL;20220102T120217;20190201T141500;20190201T143000;9.9105027638852;0.087742388347811;0;11.371413529876;16.091954022989;0;0;0;0;0.41238922523471;2.987628323243;0;16.666666666667;0.043871194173905;7.1904887251031;0;17.623058699658;17.228217952093;github.com/GreenCharge/PMC.gridmix
ALL;20220102T120217;20190201T143000;20190201T144500;10.107074055822;0.089601720353031;0;11.612382957753;16.630079297523;0;0;0;0;0.59585144034765;3.0509385780207;0;17.015366695041;0.044800860176515;6.5454056717889;0;17.526096501053;16.388154652569;github.com/GreenCharge/PMC.gridmix
ALL;20220102T120217;20190201T144500;20190201T150000;10.297138162399;0.091286685836871;0;11.812497147291;17.161896937332;0;0;0;0;0.47469076635173;3.1037473184536;0;17.335341640422;0.045643342918435;5.7921402163494;0;17.663973709434;15.81998265553;github.com/GreenCharge/PMC.gridmix
ALL;20220102T120217;20190201T150000;20190201T151500;10.341356273451;0.091516427198682;0;11.878832250389;17.516244165828;0;0;0;0;1.0021048778256;3.1115585247552;0;17.38354534639;0.045758213599341;5.0517067813673;0;17.818248375583;15.356456483939;github.com/GreenCharge/PMC.gridmix
ALL;20220102T120217;20190201T151500;20190201T153000;10.525334452058;0.093227054491213;0;12.100871672959;17.862303640516;0;0;0;0;1.3098401156015;3.1883652635995;0;17.713140353331;0.046613527245607;3.9901179322239;0;17.55931571342;15.200671234792;github.com/GreenCharge/PMC.gridmix
ALL;20220102T120217;20190201T153000;20190201T154500;10.69500994224;0.094688003030016;0;12.27156519269;18.104346179339;0;0;0;0;2.0357920651453;3.233595303475;0;18.000189376006;0.047344001515008;3.1152352996875;0;16.953886942524;15.031720481015;github.com/GreenCharge/PMC.gridmix
ALL;20220102T120217;20190201T154500;20190201T160000;10.898919753086;0.096450617283951;0;12.5;18.653549382716;0;0;0;0;1.9145447530864;3.2986111111111;0;18.340084876543;0.048225308641975;2.1653163580247;0;16.753472222222;14.906442901235;github.com/GreenCharge/PMC.gridmix
ALL;20220102T120217;20190201T160000;20190201T161500;11.006809338521;0.09727626459144;0;12.062256809339;19.805447470817;0;0;0;0;2.3881322957198;3.3219844357977;0;18.501945525292;0.04863813229572;1.4737354085603;0;16.561284046693;14.304474708171;github.com/GreenCharge/PMC.gridmix
ALL;20220102T120217;20190201T161500;20190201T163000;11.003204816937;0.097115664756725;0;11.653879770807;20.607944061377;0;0;0;0;3.2533747693503;3.2970768184908;0;18.476255219967;0.048557832378363;0.85461784985918;0;16.058075167525;14.222589103622;github.com/GreenCharge/PMC.gridmix
ALL;20220102T120217;20190201T163000;20190201T164500;11.028730305839;0.097556216769914;0;11.648212282328;20.896541632116;0;0;0;0;3.7266474806107;3.4534900736549;0;18.560070240476;0.048778108384957;0.40485829959514;0;15.652894980733;14.052973025706;github.com/GreenCharge/PMC.gridmix
ALL;20220102T120217;20190201T164500;20190201T170000;10.934710225353;0.096511122906915;0;11.233894706365;20.827100323312;0;0;0;0;4.4298605414274;3.6625971143174;0;18.356415576895;0.048255561453458;0.13029001592434;0;15.330791873763;14.524923997491;github.com/GreenCharge/PMC.gridmix
ALL;20220102T120217;20190201T170000;20190201T171500;11.236899347439;0.098872849515523;0;11.172631995254;22.068420011865;0;0;0;0;2.3086810361875;3.732450069211;0;18.805615977852;0.049436424757762;0.019774569903105;0;15.399446312043;14.672730868104;github.com/GreenCharge/PMC.gridmix
ALL;20220102T120217;20190201T171500;20190201T173000;11.123073158796;0.097871299241497;0;11.079031074138;22.197210667972;0;0;0;0;3.13677514069;3.7142158062148;0;18.624908245657;0.048935649620749;0;0;15.081967213115;14.465378027893;github.com/GreenCharge/PMC.gridmix
ALL;20220102T120217;20190201T173000;20190201T174500;11.264401918608;0.098897295158977;0;11.195173811996;22.509024378183;0;0;0;0;2.5021015675221;3.7531523512832;0;18.844879592543;0.049448647579489;0;0;14.785145626267;14.562626712159;github.com/GreenCharge/PMC.gridmix
ALL;20220102T120217;20190201T174500;20190201T180000;11.090536984699;0.097456388266251;0;11.03206315174;21.596335639801;0;0;0;0;4.8387096774194;3.6887242958776;0;18.580060422961;0.048728194133125;0;0;14.316343436312;14.282233700419;github.com/GreenCharge/PMC.gridmix
ALL;20220102T120217;20190201T180000;20190201T181500;11.396011396011;0.099965012245714;0;11.316039386215;20.972659569151;0;0;0;0;3.67371420003;3.7936722147248;0;19.063327835258;0.049982506122857;0;0;14.579897036037;14.614884790323;github.com/GreenCharge/PMC.gridmix
ALL;20220102T120217;20190201T181500;20190201T183000;11.554611220721;0.10117873223049;0;11.514139727829;19.911974502959;0;0;0;0;3.9409116203774;3.8447918247584;0;19.299843172965;0.050589366115243;0;0;14.807507461932;14.529265948298;github.com/GreenCharge/PMC.gridmix
ALL;20220102T120217;20190201T183000;20190201T184500;11.494137184842;0.10064918725781;0;12.822706456645;19.848019727241;0;0;0;0;3.8045392783453;3.8347340345227;0;19.123345578984;0.050324593628906;0;0;14.423028534045;14.055659000554;github.com/GreenCharge/PMC.gridmix
ALL;20220102T120217;20190201T184500;20190201T190000;11.754404038323;0.10301844030081;0;12.176779643556;20.25342536314;0;0;0;0;3.5541361903781;3.9147007314309;0;19.65076748738;0.051509220150407;0;0;14.036262490986;14.051715257031;github.com/GreenCharge/PMC.gridmix
ALL;20220102T120217;20190201T190000;20190201T191500;11.879027229266;0.10392849719393;0;11.764705882353;20.494699646643;0;0;0;0;4.6092288505508;3.8713365204739;0;19.819164414883;0.051964248596965;0;0;12.902722926626;14.025150696321;github.com/GreenCharge/PMC.gridmix
ALL;20220102T120217;20190201T191500;20190201T193000;12.13989582226;0.10630381630701;0;12.033592005953;21.048155628787;0;0;0;0;3.1200170086106;3.6621664717763;0;20.272137769746;0.053151908153503;0;0;12.682045285426;14.393536727969;github.com/GreenCharge/PMC.gridmix
ALL;20220102T120217;20190201T193000;20190201T194500;12.201506490731;0.10684331427961;0;12.094663176452;21.625086810193;0;0;0;0;2.4360275655751;3.6700678455046;0;20.385704364549;0.053421657139804;0;0;12.623537582136;14.311661947754;github.com/GreenCharge/PMC.gridmix
ALL;20220102T120217;20190201T194500;20190201T200000;12.347618789619;0.10835997182641;0;12.223004822019;21.9103863033;0;0;0;0;1.7337595492225;3.7113290350545;0;20.940564555453;0.054179985913204;0;0;12.250094814975;14.222246302216;github.com/GreenCharge/PMC.gridmix
ALL;20220102T120217;20190201T200000;20190201T201500;12.303622523349;0.10797387032338;0;11.078119095179;22.566538897587;0;0;0;0;3.2932030448631;3.8330723964801;0;21.12508772877;0.053986935161691;0;0;11.628785833828;13.512929870971;github.com/GreenCharge/PMC.gridmix
ALL;20220102T120217;20190201T201500;20190201T203000;12.388368547157;0.10890873448051;0;11.152254410804;23.306469178828;0;0;0;0;2.9786538880418;3.7627967763015;0;21.460466129384;0.054454367240253;0;0;11.321062949249;12.965584839904;github.com/GreenCharge/PMC.gridmix
ALL;20220102T120217;20190201T203000;20190201T204500;12.743174300611;0.11212647866794;0;11.302349049728;24.017491730672;0;0;0;0;0.41486797107137;3.8403318943769;0;22.503784268655;0.056063239333969;0;0;11.526602007064;12.967427257947;github.com/GreenCharge/PMC.gridmix
ALL;20220102T120217;20190201T204500;20190201T210000;12.788141802401;0.1127205094967;0;11.339683255368;23.896748013301;0;0;0;0;0.21980499351857;3.8606774502621;0;22.899171504255;0.056360254748351;0;0;11.615848503635;12.692329369329;github.com/GreenCharge/PMC.gridmix
ALL;20220102T120217;20190201T210000;20190201T211500;12.956089761891;0.11420087934677;0;11.123165648375;23.479700793696;0;0;0;0;0.47964369325644;3.9342202934963;0;23.422600354023;0.057100439673385;0;0;11.557128989893;12.350825101353;github.com/GreenCharge/PMC.gridmix
ALL;20220102T120217;20190201T211500;20190201T213000;13.11371005095;0.11579434923576;0;11.185734136174;23.645206113942;0;0;0;0;0.46896711440482;4.0064844835572;0;23.749421028254;0.057897174617879;0;0;11.179944418712;11.944187123668;github.com/GreenCharge/PMC.gridmix
ALL;20220102T120217;20190201T213000;20190201T214500;13.30162085976;0.1174536058257;0;11.275546159267;24.054498473103;0;0;0;0;0.22903453136011;4.0580220812779;0;24.095607235142;0.058726802912849;0;0;10.964294103829;11.304909560724;github.com/GreenCharge/PMC.gridmix
ALL;20220102T120217;20190201T214500;20190201T220000;13.296742209632;0.1180358829084;0;11.23701605288;24.268177525968;0;0;0;0;0.23016997167139;4.0486307837583;0;24.215061378659;0.059017941454202;0;0;11.000944287063;10.983238904627;github.com/GreenCharge/PMC.gridmix
ALL;20220102T120217;20190201T220000;20190201T221500;13.403848452253;0.11951715071113;0;10.493605832437;24.524919325923;0;0;0;0;0.2330584438867;4.1173658419983;0;24.524919325923;0.059758575355564;0;0;10.804350424286;11.168877733955;github.com/GreenCharge/PMC.gridmix
ALL;20220102T120217;20190201T221500;20190201T223000;13.583605368154;0.12090436464756;0;10.325232740902;24.954660863257;0;0;0;0;0.30226091161891;4.1893362350381;0;24.803530407448;0.060452182323782;0;0;9.7448917905936;11.358965058639;github.com/GreenCharge/PMC.gridmix
ALL;20220102T120217;20190201T223000;20190201T224500;13.795853269537;0.12268433321065;0;10.379094589621;25.125751441541;0;0;0;0;0.31897926634769;4.2448779290885;0;25.168690958165;0.061342166605325;0;0;8.6921850079745;11.52619310514;github.com/GreenCharge/PMC.gridmix
ALL;20220102T120217;20190201T224500;20190201T230000;13.949004975124;0.12437810945274;0;10.398009950249;25.273631840796;0;0;0;0;0.54726368159204;4.3718905472637;0;25.509950248756;0.062189054726368;0;0;7.9166666666667;11.274875621891;github.com/GreenCharge/PMC.gridmix
ALL;20220102T120217;20190201T230000;20190201T231500;14.0371737906;0.12516427811503;0;10.41366793917;25.808874147318;0;0;0;0;0.2440703423243;4.5559797233869;0;25.740033794355;0.062582139057513;0;0;7.372175980975;11.064522185368;github.com/GreenCharge/PMC.gridmix
ALL;20220102T120217;20190201T231500;20190201T233000;14.084329767149;0.12586532410321;0;10.371302706104;26.003775959723;0;0;0;0;0.24543738200126;4.4178728760227;0;25.871617369415;0.062932662051605;0;0;7.0484581497797;11.189427312775;github.com/GreenCharge/PMC.gridmix
ALL;20220102T120217;20190201T233000;20190201T234500;14.213101213546;0.12707287629455;0;10.445390431412;25.617891860982;0;0;0;0;0.24143846495965;4.4539043141242;0;26.119829722346;0.063536438147277;0;0;6.6903869369083;11.442912510325;github.com/GreenCharge/PMC.gridmix
ALL;20220102T120217;20190201T234500;20190202T000000;14.396384764364;0.12911555842479;0;10.613298902518;24.557779212395;0;0;0;0;0.97482246610717;4.5319561007101;0;26.546158812137;0.064557779212395;0;0;5.9393156875403;11.652679147837;github.com/GreenCharge/PMC.gridmix
ALL;20220102T120217;20190202T000000;20190202T001500;14.846405010995;0.1332711401346;0;10.208569334311;24.122076364363;0;0;0;0;0.26654228026921;4.7311254747784;0;27.413873525688;0.066635570067302;0;0;5.557406543613;12.041047511161;github.com/GreenCharge/PMC.gridmix
ALL;20220102T120217;20190202T001500;20190202T003000;14.826414339975;0.1332711401346;0;10.208569334311;24.202039048444;0;0;0;0;0.25321516625575;4.7644432598121;0;27.413873525688;0.066635570067302;0;0;5.4374625174918;12.081028853202;github.com/GreenCharge/PMC.gridmix
ALL;20220102T120217;20190202T003000;20190202T004500;14.896182183523;0.13395847287341;0;9.9933020763563;24.166108506363;0;0;0;0;0.26121902210315;4.8091091761554;0;27.561955793704;0.066979236436705;0;0;5.4119223040857;12.083054253182;github.com/GreenCharge/PMC.gridmix
ALL;20220102T120217;20190202T004500;20190202T010000;15.178449336797;0.136742786818;0;10.201011896622;22.836045398605;0;0;0;0;0.26664843429509;4.8817174894024;0;28.11431696978;0.068371393408998;0;0;5.7842198824012;11.903459592506;github.com/GreenCharge/PMC.gridmix
ALL;20220102T120217;20190202T010000;20190202T011500;15.537987966979;0.1399188470687;0;9.3465789841892;21.54750244858;0;0;0;0;1.1753183153771;5.0300825521198;0;28.802294669092;0.06995942353435;0;0;6.1354414439625;11.571288652582;github.com/GreenCharge/PMC.gridmix
ALL;20220102T120217;20190202T011500;20190202T013000;15.680598700932;0.14120304998588;0;9.4323637390568;22.112397627789;0;0;0;0;0;5.1115504094888;0;29.109008754589;0.07060152499294;0;0;6.4812199943519;11.211522168879;github.com/GreenCharge/PMC.gridmix
ALL;20220102T120217;20190202T013000;20190202T014500;15.840948029697;0.14277555682467;0;9.5374071958881;21.473443746431;0;0;0;0;0;5.1613363792119;0;29.418903483724;0.071387778412336;0;0;6.8032552826956;10.893774985722;github.com/GreenCharge/PMC.gridmix
ALL;20220102T120217;20190202T014500;20190202T020000;16.055909617613;0.14484356894554;0;9.6465816917729;20.741599073001;0;0;0;0;0;5.2650637311703;0;29.837775202781;0.072421784472769;0;0;6.9597334878331;10.609791425261;github.com/GreenCharge/PMC.gridmix
ALL;20220102T120217;20190202T020000;20190202T021500;16.260639859114;0.14675667742882;0;9.7739947167596;19.547989433519;0;0;0;0;0;5.5914294100382;0;30.239213384209;0.073378338714412;0;0;7.3084825359554;10.383034928089;github.com/GreenCharge/PMC.gridmix
ALL;20220102T120217;20190202T021500;20190202T023000;16.274625110262;0.14701558365187;0;9.7912378712143;19.170832108203;0;0;0;0;0;5.4983828285798;0;30.292561011467;0.073507791825934;0;0;7.556600999706;10.518965010291;github.com/GreenCharge/PMC.gridmix
ALL;20220102T120217;20190202T023000;20190202T024500;16.411054308365;0.14818107727643;0;9.8688597466104;18.492998444099;0;0;0;0;0;5.4086093205898;0;30.540120026673;0.074090538638216;0;0;7.5424168333704;10.832036748907;github.com/GreenCharge/PMC.gridmix
ALL;20220102T120217;20190202T024500;20190202T030000;16.338277617888;0.14759058372076;0;9.8295328758025;18.124123680909;0;0;0;0;0;5.4239539517379;0;30.411039775662;0.073795291860379;0;0;8.0732049295255;10.899564607778;github.com/GreenCharge/PMC.gridmix
ALL;20220102T120217;20190202T030000;20190202T031500;16.376950957911;0.14793993638583;0;9.8232117760189;17.516088468082;0;0;0;0;0;5.5107626303721;0;30.549596863673;0.073969968192914;0;0;8.4621643612693;10.85879133072;github.com/GreenCharge/PMC.gridmix
ALL;20220102T120217;20190202T031500;20190202T033000;16.456072543481;0.14865467518953;0;9.8706704325851;17.18448045191;0;0;0;0;0;5.6340121896834;0;30.704623160398;0.074327337594767;0;0;8.5550765571577;10.688271146128;github.com/GreenCharge/PMC.gridmix
ALL;20220102T120217;20190202T033000;20190202T034500;16.579262810908;0.14983518130057;0;9.9490560383578;17.111177704525;0;0;0;0;0;5.6188192987714;0;30.948456697633;0.074917590650285;0;0;8.2933772849865;10.585855558885;github.com/GreenCharge/PMC.gridmix
ALL;20220102T120217;20190202T034500;20190202T040000;16.772727272727;0.15151515151515;0;10.060606060606;16.818181818182;0;0;0;0;0;5.5378787878788;0;31.219696969697;0.075757575757576;0;0;8.1212121212121;10.545454545455;github.com/GreenCharge/PMC.gridmix
ALL;20220102T120217;20190202T040000;20190202T041500;16.791695082216;0.15154959460483;0;10.275062514208;16.882624838979;0;0;0;0;0;5.8573918314769;0;31.287413806168;0.075774797302417;0;0;7.6532545275441;10.328104872319;github.com/GreenCharge/PMC.gridmix
ALL;20220102T120217;20190202T041500;20190202T043000;16.83251044436;0.15191796429928;0;10.269654386631;16.984428408659;0;0;0;0;0;5.6133687808583;0;31.393847322446;0.075958982149639;0;0;7.3832130649449;10.596278009875;github.com/GreenCharge/PMC.gridmix
ALL;20220102T120217;20190202T043000;20190202T044500;16.817181452531;0.15177961599757;0;10.260302041436;17.060028838127;0;0;0;0;0;5.6613796767094;0;31.312134780299;0.075889807998786;0;0;7.0349852014874;10.928132351825;github.com/GreenCharge/PMC.gridmix
ALL;20220102T120217;20190202T044500;20190202T050000;16.796845378024;0.15166451808599;0;10.313187229848;16.89542731478;0;0;0;0;0;5.7101691059377;0;31.273223629332;0.075832259042997;0;0;6.756654280731;11.329339501024;github.com/GreenCharge/PMC.gridmix
ALL;20220102T120217;20190202T050000;20190202T051500;16.49676315202;0.14882059677059;0;10.357913535233;17.679886896346;0;0;0;0;0;5.6179775280899;0;30.671924994419;0.074410298385297;0;0;6.6522806756455;11.615447577945;github.com/GreenCharge/PMC.gridmix
ALL;20220102T120217;20190202T051500;20190202T053000;16.436628079549;0.14841199168893;0;10.388839418225;17.750074205996;0;0;0;0;0;5.6396556841793;0;30.565449688335;0.074205995844464;0;0;6.2704066488572;12.043633125557;github.com/GreenCharge/PMC.gridmix
ALL;20220102T120217;20190202T053000;20190202T054500;16.318114874816;0.14727540500736;0;10.279823269514;17.731958762887;0;0;0;0;0;5.6185567010309;0;30.346097201767;0.073637702503682;0;0;6.2150220913108;12.59204712813;github.com/GreenCharge/PMC.gridmix
ALL;20220102T120217;20190202T054500;20190202T060000;16.248251490834;0.14724287712582;0;10.189207097107;17.728042405949;0;0;0;0;0;5.6394021939189;0;30.332032687919;0.07362143856291;0;0;6.3903408672605;12.574541706545;github.com/GreenCharge/PMC.gridmix
ALL;20220102T120217;20190202T060000;20190202T061500;16.42000887968;0.1479946721918;0;10.389225987864;17.196980908687;0;0;0;0;0;5.6977948793843;0;30.464703270682;0.073997336095901;0;0;6.4451679739529;12.483350599378;github.com/GreenCharge/PMC.gridmix
ALL;20220102T120217;20190202T061500;20190202T063000;16.409423233144;0.1476995790562;0;10.338970533934;17.339930581198;0;0;0;0;0;5.6938187726165;0;30.403958348719;0.0738497895281;0;0;6.49139649952;12.421534598626;github.com/GreenCharge/PMC.gridmix
ALL;20220102T120217;20190202T063000;20190202T064500;16.344038715354;0.14664906877841;0;10.236105000733;17.744537322188;0;0;0;0;0;5.63865669453;0;30.202375714914;0.073324534389207;0;0;6.2765801437161;12.663147089016;github.com/GreenCharge/PMC.gridmix
ALL;20220102T120217;20190202T064500;20190202T070000;16.148394561759;0.14463407578826;0;10.153312120336;18.339600809951;0;0;0;0;0;5.5611802140584;0;29.758461093434;0.072317037894128;0;0;6.132484813422;13.024298524732;github.com/GreenCharge/PMC.gridmix
ALL;20220102T120217;20190202T070000;20190202T071500;15.926373392083;0.14213630872006;0;10.2053869661;19.586383341625;0;0;0;0;0;5.4651410702864;0;29.230331888281;0.071068154360031;0;0;5.8418022883946;12.877549570038;github.com/GreenCharge/PMC.gridmix
ALL;20220102T120217;20190202T071500;20190202T073000;15.809496970551;0.14090460758067;0;10.173312667324;19.923911511906;0;0;0;0;0;5.4177821614767;0;28.991123009722;0.070452303790334;0;0;5.6714104551219;13.153445117655;github.com/GreenCharge/PMC.gridmix
ALL;20220102T120217;20190202T073000;20190202T074500;15.614571746385;0.13904338153504;0;10.177975528365;20.244716351502;0;0;0;0;0;5.4713570634038;0;28.622080088988;0.069521690767519;0.013904338153504;0;5.6451612903226;13.362068965517;github.com/GreenCharge/PMC.gridmix
ALL;20220102T120217;20190202T074500;20190202T080000;15.308069792803;0.13631406761178;0;10.087241003272;21.074154852781;0;0;0;0;0;5.6706652126499;0;28.053435114504;0.068157033805889;0.17720828789531;0;5.5820610687023;13.215648854962;github.com/GreenCharge/PMC.gridmix
ALL;20220102T120217;20190202T080000;20190202T081500;15.132993014508;0.13433637829124;0;10.12896292316;22.487909725954;0;0;0;0;0;5.13836646964;0;27.632993014508;0.067168189145621;0.29554003224073;0;5.2659860290167;13.097796883396;github.com/GreenCharge/PMC.gridmix
ALL;20220102T120217;20190202T081500;20190202T083000;14.97571685184;0.13305834608476;0;10.059210964008;23.098928880314;0;0;0;0;0;5.0562171512208;0;27.363448872331;0.066529173042379;0.46570421129665;0;5.1227463242632;13.046370833611;github.com/GreenCharge/PMC.gridmix
ALL;20220102T120217;20190202T083000;20190202T084500;14.835816958987;0.13187392852433;0;10.022418567849;23.63180799156;0;0;0;0;0;4.9980218910721;0;27.126467097455;0.065936964262165;0.7582750890149;0;5.1694579981538;12.65330344191;github.com/GreenCharge/PMC.gridmix
ALL;20220102T120217;20190202T084500;20190202T090000;14.823591363876;0.13164823591364;0;10.084254870985;24.03896787783;0;0;0;0;0;4.9828857293312;0;27.11953659821;0.065824117956819;1.1519220642443;0;5.2001053185887;11.795681937862;github.com/GreenCharge/PMC.gridmix
ALL;20220102T120217;20190202T090000;20190202T091500;14.854810034898;0.13169157832357;0;10.087574899585;23.994205570554;0;0;0;0;0;4.9779416606308;0;27.148218871403;0.065845789161783;1.698821360374;0;5.208401922697;11.226707052084;github.com/GreenCharge/PMC.gridmix
ALL;20220102T120217;20190202T091500;20190202T093000;14.794915476346;0.13104442405976;0;10.038002882977;23.954920718123;0;0;0;0;0;4.9403747870528;0;27.021360241122;0.065522212029878;2.2408596514218;0;5.4055824924649;10.804612763727;github.com/GreenCharge/PMC.gridmix
ALL;20220102T120217;20190202T093000;20190202T094500;14.752598209033;0.13072749852932;0;10.013726387346;24.001568729982;0;0;0;0;0;4.967644944114;0;26.956010196745;0.065363749264658;2.8237139682332;0;5.3140728152167;10.373227008301;github.com/GreenCharge/PMC.gridmix
ALL;20220102T120217;20190202T094500;20190202T100000;14.741114093081;0.1309157557112;0;10.028146887478;24.19323165543;0;0;0;0;0.03927472671336;4.9551613536689;0;27.014466191006;0.0654578778556;3.2794396805656;0;5.2889965307325;9.6615827714865;github.com/GreenCharge/PMC.gridmix
ALL;20220102T120217;20190202T100000;20190202T101500;14.741114093081;0.1309157557112;0;9.9234142829089;24.42888001571;0;0;0;0;0;4.9289782025267;0;27.001374615435;0.0654578778556;3.6263664332002;0;5.5901027688682;8.9611834784316;github.com/GreenCharge/PMC.gridmix
ALL;20220102T120217;20190202T101500;20190202T103000;14.718558182056;0.1305994514823;0;9.8994384223586;24.395977536894;0;0;0;0;0;4.8517696225676;0;26.923076923077;0.065299725741152;4.0551129685255;0;5.9226851247225;8.4367245657568;github.com/GreenCharge/PMC.gridmix
ALL;20220102T120217;20190202T103000;20190202T104500;14.622427115122;0.12986169729238;0;9.8435166547627;24.284137393676;0;0;0;0;0;4.8113758846828;0;26.783975066554;0.064930848646192;4.6490487630673;0;5.9996104149081;8.2137523537433;github.com/GreenCharge/PMC.gridmix
ALL;20220102T120217;20190202T104500;20190202T110000;14.500613338498;0.12912389437665;0;9.7875911937504;24.094518690684;0;0;0;0;0;4.7711278972174;0;26.644715604623;0.064561947188327;5.3780102007877;0;5.9719801149203;8.0637872038221;github.com/GreenCharge/PMC.gridmix
ALL;20220102T120217;20190202T110000;20190202T111500;14.232257246147;0.1268472125325;0;9.5389103824443;23.669689858565;0;0;0;0;0.91964229086066;4.6552926999429;0;26.174922306082;0.063423606266252;6.4501807572779;0;5.7778905308556;7.8328153738822;github.com/GreenCharge/PMC.gridmix
ALL;20220102T120217;20190202T111500;20190202T113000;14.227719632096;0.12686330478909;0;9.5401205201395;23.672692673644;0;0;0;0;0;4.6812559467174;0;26.171899777989;0.063431652394545;7.732318426895;0;5.7469077069458;7.4785918173168;github.com/GreenCharge/PMC.gridmix
ALL;20220102T120217;20190202T113000;20190202T114500;14.124897805169;0.12577825294007;0;9.458524621093;23.445066348028;0;0;0;0;0;4.6286397081945;0;25.954342494183;0.062889126470033;8.6849883655116;0;5.653732469656;7.3077164958179;github.com/GreenCharge/PMC.gridmix
ALL;20220102T120217;20190202T114500;20190202T120000;14.035526644984;0.12509382036527;0;9.4070552914686;23.34250688016;0;0;0;0;0;4.5971978984238;0;25.813109832374;0.062546910182637;9.4195646735051;0;5.6354766074556;7.0115086314736;github.com/GreenCharge/PMC.gridmix
ALL;20220102T120217;20190202T120000;20190202T121500;14.089368645663;0.12551776076315;0;9.4389356093887;23.29609639764;0;0;0;0;0;4.6504330362746;0;25.900589933476;0.062758880381574;9.2632107443203;0;5.6169197941509;6.978787498431;github.com/GreenCharge/PMC.gridmix
ALL;20220102T120217;20190202T121500;20190202T123000;14.215221104574;0.12652622255963;0;9.5147719364838;23.457961662555;0;0;0;0;0;4.713101790346;0;26.127664958563;0.063263111279813;9.4198772695641;0;5.2065540583286;6.5730372619725;github.com/GreenCharge/PMC.gridmix
ALL;20220102T120217;20190202T123000;20190202T124500;14.282992506033;0.12701638511368;0;9.5516321605487;23.574241077099;0;0;0;0;0;4.7250095262289;0;26.197129429696;0.06350819255684;9.9009272196113;0;4.7186587069732;6.2746094246158;github.com/GreenCharge/PMC.gridmix
ALL;20220102T120217;20190202T124500;20190202T130000;14.281174526503;0.1271132579128;0;9.5589169950426;23.414262107538;0;0;0;0;0;4.6777678911911;0;26.229820770306;0.0635566289564;10.327952205415;0;4.4743866785306;6.2603279522054;github.com/GreenCharge/PMC.gridmix
ALL;20220102T120217;20190202T130000;20190202T131500;14.317573595004;0.1274372371607;0;9.481330444756;23.499426532433;0;0;0;0;0;4.6769466037976;0;26.29667388811;0.063718618580349;10.590034408054;0;4.37746909647;5.9831782846948;github.com/GreenCharge/PMC.gridmix
ALL;20220102T120217;20190202T131500;20190202T133000;14.341357512292;0.12770576591533;0;9.4757678309176;23.344614009323;0;0;0;0;0;4.7123427622757;0;26.352084796629;0.063852882957666;10.854990102803;0;4.3675371943043;5.772300619373;github.com/GreenCharge/PMC.gridmix
