LOC;Time;Start;End;Biomass;Lignite;Coal;Gas;HardCoal;Oil;Shale;Peat;Geothermal;HydroPumped;Hydro;Marine;Nuclear;OtherRES;Solar;Waste;WindOffShore;WindOnShore;SwID
ALL;20220102T120222;20211101T000000;20211101T001500;10.777258006477;0.035984166966535;0;3.4724721122706;1.7452320978769;0;0;0;0;1.1874775098956;1.9431450161929;0;16.732637639439;0.12594458438287;0;0;18.531845987765;43.61281036344;github.com/GreenCharge/PMC.gridmix
ALL;20220102T120222;20211101T001500;20211101T003000;10.902461257976;0.036463081130356;0;3.5369188696445;1.7684594348222;0;0;0;0;1.2215132178669;1.950774840474;0;16.991795806746;0.12762078395624;0;0;18.924339106655;42.680036463081;github.com/GreenCharge/PMC.gridmix
ALL;20220102T120222;20211101T003000;20211101T004500;10.940959409594;0.03690036900369;0;3.5793357933579;1.789667896679;0;0;0;0;1.2361623616236;2.0110701107011;0;17.177121771218;0.12915129151292;0;0;19.169741697417;42.047970479705;github.com/GreenCharge/PMC.gridmix
ALL;20220102T120222;20211101T004500;20211101T010000;11.163227016886;0.037523452157599;0;3.6397748592871;1.8198874296435;0;0;0;0;0.33771106941839;2.0262664165103;0;17.260787992495;0.13133208255159;0;0;19.493433395872;42.176360225141;github.com/GreenCharge/PMC.gridmix
ALL;20220102T120222;20211101T010000;20211101T011500;11.337264599582;0.038044512079133;0;3.6522731595967;1.8261365797984;0;0;0;0;0;2.0924481643523;0;17.519497812441;0.13315579227696;0;0;19.783146281149;41.67776298269;github.com/GreenCharge/PMC.gridmix
ALL;20220102T120222;20211101T011500;20211101T013000;11.72182821119;0.03940110323089;0;3.76280535855;1.8912529550827;0;0;0;0;0;2.1473601260835;0;18.301812450749;0.13790386130812;0;0;20.508274231678;39.479905437352;github.com/GreenCharge/PMC.gridmix
ALL;20220102T120222;20211101T013000;20211101T014500;12.01534733441;0.040387722132472;0;3.8772213247173;1.9386106623586;0;0;0;0;0;2.1607431340872;0;18.861066235864;0.14135702746365;0;0;21.062197092084;37.843295638126;github.com/GreenCharge/PMC.gridmix
ALL;20220102T120222;20211101T014500;20211101T020000;12.068965517241;0.040567951318458;0;3.894523326572;1.947261663286;0;0;0;0;0;2.210953346856;0;18.924949290061;0.1419878296146;0;0;21.156186612576;37.545638945233;github.com/GreenCharge/PMC.gridmix
ALL;20220102T120222;20211101T020000;20211101T021500;12.165201390309;0.061337149867103;0;3.9051318748722;1.9627887957473;0;0;0;0;0;2.2081373952157;0;18.99407074218;0.14312001635657;0;0;21.263545287262;37.211204252709;github.com/GreenCharge/PMC.gridmix
ALL;20220102T120222;20211101T021500;20211101T023000;12.031758957655;0.061074918566775;0;3.9087947882736;1.9543973941368;0;0;0;0;0.28501628664495;2.1986970684039;0;18.851791530945;0.14250814332248;0;0;21.172638436482;37.3167752443;github.com/GreenCharge/PMC.gridmix
ALL;20220102T120222;20211101T023000;20211101T024500;11.988601669041;0.061062487278648;0;3.9079991858335;1.9539995929168;0;0;0;0;0.24424994911459;2.1778953796051;0;18.868308569102;0.14247913698351;0;0;21.412578872379;37.166700590271;github.com/GreenCharge/PMC.gridmix
ALL;20220102T120222;20211101T024500;20211101T030000;11.991042345277;0.061074918566775;0;3.9087947882736;1.9543973941368;0;0;0;0;0.20358306188925;2.1986970684039;0;18.851791530945;0.14250814332248;0;0;21.640879478827;36.970684039088;github.com/GreenCharge/PMC.gridmix
ALL;20220102T120222;20211101T030000;20211101T031500;12.038359518466;0.06121199755152;0;3.9379718424811;1.9383799224648;0;0;0;0;0.18363599265456;2.162823913487;0;18.91450724342;0.14282799428688;0;0;21.913895123444;36.625178534993;github.com/GreenCharge/PMC.gridmix
ALL;20220102T120222;20211101T031500;20211101T033000;11.954536228943;0.060888979094784;0;3.9171909884311;1.9281510046682;0;0;0;0;0;2.1514105946824;0;18.753805561193;0.1420742845545;0;0;23.016034097828;36.005682971382;github.com/GreenCharge/PMC.gridmix
ALL;20220102T120222;20211101T033000;20211101T034500;11.889382317319;0.060557125555107;0;3.9160274525636;1.9176423092451;0;0;0;0;0;2.1194993944287;0;18.611223253936;0.14129995962858;0;0;23.475979006863;35.809446911587;github.com/GreenCharge/PMC.gridmix
ALL;20220102T120222;20211101T034500;20211101T040000;11.874366767984;0.060790273556231;0;3.8500506585613;2.0263424518744;0;0;0;0;0;2.1276595744681;0;18.601823708207;0.14184397163121;0;0;23.586626139818;35.663627152989;github.com/GreenCharge/PMC.gridmix
ALL;20220102T120222;20211101T040000;20211101T041500;12.025446336959;0.061563718448594;0;4.0632054176072;1.970038990355;0;0;0;0;0;2.1752513851837;0;18.879540324236;0.14364867638005;0;0;24.112456392366;34.516724810179;github.com/GreenCharge/PMC.gridmix
ALL;20220102T120222;20211101T041500;20211101T043000;11.941212492345;0.061236987140233;0;4.0620534803021;1.9595835884874;0;0;0;0;0;2.1637068789549;0;18.779342723005;0.14288630332721;0;0;24.57644417228;34.272300469484;github.com/GreenCharge/PMC.gridmix
ALL;20220102T120222;20211101T043000;20211101T044500;11.882998171846;0.060938452163315;0;4.0625634775543;1.9500304692261;0;0;0;0;0;2.132845825716;0;18.708104814138;0.1421897217144;0;0;24.598821856592;34.430225472273;github.com/GreenCharge/PMC.gridmix
ALL;20220102T120222;20211101T044500;20211101T050000;11.832758270753;0.060888979094784;0;4.0592652729856;1.9484473310331;0;0;0;0;0;2.1311142683174;0;18.713212908464;0.1420742845545;0;0;24.619443880658;34.463162167648;github.com/GreenCharge/PMC.gridmix
ALL;20220102T120222;20211101T050000;20211101T051500;11.656318846385;0.060084117764871;0;3.9254956939716;1.842579611456;0;0;0;0;0;2.1229721610254;0;18.445824153815;0.1401962747847;0;0;24.314039655518;35.529741638294;github.com/GreenCharge/PMC.gridmix
ALL;20220102T120222;20211101T051500;20211101T053000;11.549910696567;0.059535622147251;0;3.9095058543362;1.8257590791824;0;0;0;0;0;2.0837467751538;0;18.277435999206;0.13891645167692;0;0;24.092081762254;36.118277435999;github.com/GreenCharge/PMC.gridmix
ALL;20220102T120222;20211101T053000;20211101T054500;11.463462674808;0.05909001378767;0;3.8999409099862;1.8711837699429;0;0;0;0;0;2.0681504825684;0;18.160330904077;0.1378766988379;0;0;24.049635611582;36.36005515068;github.com/GreenCharge/PMC.gridmix
ALL;20220102T120222;20211101T054500;20211101T060000;11.392653702612;0.058927519151444;0;3.8695737576115;2.0231781575329;0;0;0;0;0;2.0821056766843;0;18.110390885877;0.1374975446867;0;0;23.963857788254;36.436849341976;github.com/GreenCharge/PMC.gridmix
ALL;20220102T120222;20211101T060000;20211101T061500;11.216582719876;0.096861681518791;0;3.8163502518404;1.9953506392871;0;0;0;0;0.75552111584657;2.0922123208059;0;17.996900426191;0.13560635412631;0;0;23.595505617978;36.439364587369;github.com/GreenCharge/PMC.gridmix
ALL;20220102T120222;20211101T061500;20211101T063000;11.024222773221;0.0953652489033;0;3.7764638565707;2.1361815754339;0;0;0;0;0.87736028991036;2.02174327675;0;18.004958992943;0.13351134846462;0;0;23.230974632844;36.868205226016;github.com/GreenCharge/PMC.gridmix
ALL;20220102T120222;20211101T063000;20211101T064500;11.108971890643;0.096264921062765;0;3.8698498267231;2.3488640739315;0;0;0;0;0.28879476318829;2.0215633423181;0;18.2518290335;0.13477088948787;0;0;23.469387755102;36.561417019638;github.com/GreenCharge/PMC.gridmix
ALL;20220102T120222;20211101T064500;20211101T070000;10.775295663601;0.093861460484325;0;3.8107752956636;2.4403979725925;0;0;0;0;0.63825793129341;1.9898629622677;0;17.796132907828;0.13140604467806;0.018772292096865;0;22.864651773982;37.638445654214;github.com/GreenCharge/PMC.gridmix
ALL;20220102T120222;20211101T070000;20211101T071500;10.560029282577;0.091508052708638;0;3.7518301610542;2.4341142020498;0;0;0;0;0.96998535871157;1.9948755490483;0;17.423133235725;0.12811127379209;0.18301610541728;0;22.291361639824;38.433382137628;github.com/GreenCharge/PMC.gridmix
ALL;20220102T120222;20211101T071500;20211101T073000;10.414414414414;0.09009009009009;0;3.7117117117117;2.4504504504505;0;0;0;0;0.91891891891892;1.9279279279279;0;17.279279279279;0.12612612612613;0.81081081081081;0;21.90990990991;38.648648648649;github.com/GreenCharge/PMC.gridmix
ALL;20220102T120222;20211101T073000;20211101T074500;10.295689348058;0.089063056644104;0;3.6872105450659;2.4581403633773;0;0;0;0;0.71250445315283;1.888136800855;0;17.171357320983;0.12468827930175;1.4784467402921;0;21.695760598504;38.706804417528;github.com/GreenCharge/PMC.gridmix
ALL;20220102T120222;20211101T074500;20211101T080000;10.244594115562;0.088621056362992;0;3.6866359447005;2.4813895781638;0;0;0;0;0.65579581708614;1.8787663948954;0;17.19248493442;0.12406947890819;2.2686990428926;0;21.641261963843;38.053881602269;github.com/GreenCharge/PMC.gridmix
ALL;20220102T120222;20211101T080000;20211101T081500;10.215243472124;0.088214537755822;0;3.6873676781934;2.5405786873677;0;0;0;0;0.81157374735356;1.8701482004234;0;17.113620324629;0.12350035285815;3.1227946365561;0;21.541990119972;37.226534932957;github.com/GreenCharge/PMC.gridmix
ALL;20220102T120222;20211101T081500;20211101T083000;10.177535595008;0.087888908419757;0;3.6737563719459;2.548778344173;0;0;0;0;0.84373352082967;1.8632448584989;0;17.050448233433;0.12304447178766;3.8671119704693;0;21.462471436105;36.649674811039;github.com/GreenCharge/PMC.gridmix
ALL;20220102T120222;20211101T083000;20211101T084500;10.120397836329;0.087244808933868;0;3.6468330134357;2.547548420869;0;0;0;0;0.87244808933868;1.849589949398;0;16.942941894957;0.12214273250742;4.4494852556273;0;21.322631303437;36.39853428721;github.com/GreenCharge/PMC.gridmix
ALL;20220102T120222;20211101T084500;20211101T090000;10.001724435247;0.086221762372823;0;3.604069667184;2.534919813761;0;0;0;0;0.94843938610105;1.8279013623038;0;16.744266252802;0.12071046732195;4.8973961027763;0;21.055354371443;36.558027246077;github.com/GreenCharge/PMC.gridmix
ALL;20220102T120222;20211101T090000;20211101T091500;9.6007918178819;0.082481029363246;0;3.4312108215111;2.49092708677;0;0;0;0;3.4642032332564;1.7485978225008;0;15.984823490597;0.11547344110855;5.3117782909931;0;20.158363576377;36.060706037611;github.com/GreenCharge/PMC.gridmix
ALL;20220102T120222;20211101T091500;20211101T093000;9.5503774204135;0.082047915982934;0;3.3967837216935;2.4778470626846;0;0;0;0;3.8070233016081;1.7394158188382;0;15.884476534296;0.11486708237611;5.8910403675747;0;20.068920249426;35.444699704628;github.com/GreenCharge/PMC.gridmix
ALL;20220102T120222;20211101T093000;20211101T094500;9.4548413344182;0.081366965012205;0;3.3685923515053;2.4572823433686;0;0;0;0;3.1570382424736;1.7249796582587;0;15.752644426363;0.11391375101709;6.4768104149715;0;19.886086248983;35.9967453214;github.com/GreenCharge/PMC.gridmix
ALL;20220102T120222;20211101T094500;20211101T100000;9.388611066301;0.080658170672689;0;3.3553798999839;2.4520083884497;0;0;0;0;2.3874818519116;1.709953218261;0;15.615421842233;0.11292143894176;7.1947088240039;0;19.712856912405;36.47362477819;github.com/GreenCharge/PMC.gridmix
ALL;20220102T120222;20211101T100000;20211101T101500;9.2701542375576;0.079503895690889;0;3.2914612816028;2.4964223246939;0;0;0;0;2.2897121958976;1.701383367785;0;15.376053426618;0.11130545396724;7.7913817777071;0;19.430752106853;36.6512959135;github.com/GreenCharge/PMC.gridmix
ALL;20220102T120222;20211101T101500;20211101T103000;9.1392801251956;0.078247261345853;0;3.2394366197183;2.472613458529;0;0;0;0;2.1596244131455;1.6744913928013;0;15.08607198748;0.10954616588419;8.3098591549296;0;19.123630672926;37.120500782473;github.com/GreenCharge/PMC.gridmix
ALL;20220102T120222;20211101T103000;20211101T104500;9.0486519987605;0.077471335605826;0;3.2073132940812;2.4635884722653;0;0;0;0;2.1691973969631;1.6578865819647;0;14.920979237682;0.10845986984816;8.7077781220948;0;18.918500154943;37.248218159281;github.com/GreenCharge/PMC.gridmix
ALL;20220102T120222;20211101T104500;20211101T110000;8.9723926380368;0.076687116564417;0;3.1748466257669;2.4539877300613;0;0;0;0;2.1472392638037;1.6411042944785;0;14.754601226994;0.10736196319018;8.9877300613497;0;18.726993865031;37.5;github.com/GreenCharge/PMC.gridmix
ALL;20220102T120222;20211101T110000;20211101T111500;8.9767156862745;0.061274509803922;0;3.2015931372549;2.3897058823529;0;0;0;0;2.2518382352941;1.6390931372549;0;14.675245098039;0.10723039215686;9.1758578431373;0;18.872549019608;37.19362745098;github.com/GreenCharge/PMC.gridmix
ALL;20220102T120222;20211101T111500;20211101T113000;9.1849529780564;0.06269592476489;0;3.2758620689655;2.4608150470219;0;0;0;0;0.4858934169279;1.6771159874608;0;15.031347962382;0.10971786833856;9.3260188087774;0;19.514106583072;37.382445141066;github.com/GreenCharge/PMC.gridmix
ALL;20220102T120222;20211101T113000;20211101T114500;9.2839036755387;0.063371356147022;0;3.3111533586819;2.4873257287706;0;0;0;0;1.8060836501901;1.6951837769328;0;15.240811153359;0.11089987325729;9.4264892268695;0;17.553865652725;37.515842839037;github.com/GreenCharge/PMC.gridmix
ALL;20220102T120222;20211101T114500;20211101T120000;9.5245821840013;0.064903456109038;0;3.3912055816972;2.5150089242252;0;0;0;0;1.687489858835;1.7361674509168;0;15.609281194224;0.11358104819082;9.5894856401103;0;15.901346746714;38.325490832387;github.com/GreenCharge/PMC.gridmix
ALL;20220102T120222;20211101T120000;20211101T121500;9.4291212315587;0.064143681847338;0;3.3675432969852;2.4855676715843;0;0;0;0;2.5657472738935;1.7318794098781;0;15.426555484285;0.11225144323284;9.4130853110969;0;15.747273893521;38.133418858242;github.com/GreenCharge/PMC.gridmix
ALL;20220102T120222;20211101T121500;20211101T123000;9.4336595539868;0.064174554789026;0;3.3531204877266;2.502807636772;0;0;0;0;2.5830258302583;1.7327129793037;0;15.417936788064;0.1123054708808;9.3534413605006;0;15.802984116798;38.119685544682;github.com/GreenCharge/PMC.gridmix
ALL;20220102T120222;20211101T123000;20211101T124500;9.5725662278563;0.065008938729075;0;3.3804648139119;2.5516008451162;0;0;0;0;2.6328620185275;1.755241345685;0;15.47212741752;0.11376564277588;9.3612871769868;0;16.040955631399;37.510157646676;github.com/GreenCharge/PMC.gridmix
ALL;20220102T120222;20211101T124500;20211101T130000;9.688013136289;0.06568144499179;0;3.4154351395731;2.5779967159278;0;0;0;0;2.6600985221675;1.7733990147783;0;15.68144499179;0.11494252873563;9.1789819376026;0;16.141215106732;37.142857142857;github.com/GreenCharge/PMC.gridmix
ALL;20220102T120222;20211101T130000;20211101T131500;9.8697394789579;0.066800267201069;0;3.4736138944556;2.621910487642;0;0;0;0;1.6032064128257;1.7869071476286;0;16.24916499666;0.11690046760187;9.1683366733467;0;16.432865731463;36.940547762191;github.com/GreenCharge/PMC.gridmix
ALL;20220102T120222;20211101T131500;20211101T133000;9.9211012254491;0.06714789323485;0;3.4916904482122;2.6355548094679;0;0;0;0;1.577975491019;1.7962061440322;0;16.484807789156;0.11750881316099;9.048178613396;0;16.518381735773;36.662749706228;github.com/GreenCharge/PMC.gridmix
ALL;20220102T120222;20211101T133000;20211101T134500;9.9680080821687;0.067351405960599;0;3.5022731099512;2.6098669809732;0;0;0;0;1.6332715945445;1.801650109446;0;16.652635123758;0.11786496043105;8.5704664084863;0;16.618959420778;36.773867654487;github.com/GreenCharge/PMC.gridmix
ALL;20220102T120222;20211101T134500;20211101T140000;10.097054316363;0.068108292184573;0;3.5756853396901;2.5710880299676;0;0;0;0;1.6686531585221;1.8218968159373;0;16.839775242636;0.119189511323;8.309211646518;0;16.788694023497;36.437936318747;github.com/GreenCharge/PMC.gridmix
ALL;20220102T120222;20211101T140000;20211101T141500;10.348432055749;0.069686411149826;0;3.6411149825784;2.6306620209059;0;0;0;0;1.7247386759582;1.8641114982578;0;17.229965156794;0.1219512195122;7.9616724738676;0;17.212543554007;35.452961672474;github.com/GreenCharge/PMC.gridmix
ALL;20220102T120222;20211101T141500;20211101T143000;10.545905707196;0.070896845090393;0;3.7043601559731;2.9776674937965;0;0;0;0;1.8610421836228;1.896490606168;0;17.546969159872;0.12406947890819;7.4087203119461;0;17.511520737327;34.579936192839;github.com/GreenCharge/PMC.gridmix
ALL;20220102T120222;20211101T143000;20211101T144500;10.615521855486;0.071364852809991;0;3.728813559322;2.9616413916146;0;0;0;0;2.8902765388046;2.0338983050847;0;17.680642283675;0.12488849241748;6.7261373773417;0;17.627118644068;33.755575379126;github.com/GreenCharge/PMC.gridmix
ALL;20220102T120222;20211101T144500;20211101T150000;10.858079795956;0.072873018764802;0;3.8076152304609;3.1335398068865;0;0;0;0;3.1335398068865;2.0950992894881;0;18.017853889597;0.1275277828384;6.0484605574786;0;18.036072144289;32.847513208235;github.com/GreenCharge/PMC.gridmix
ALL;20220102T120222;20211101T150000;20211101T151500;10.953868774122;0.073515897812902;0;3.8044477118177;3.2163205293145;0;0;0;0;2.7936041168903;2.0768241132145;0;18.2319426576;0.12865282117258;5.1644918213564;0;19.757397537217;31.961036574159;github.com/GreenCharge/PMC.gridmix
ALL;20220102T120222;20211101T151500;20211101T153000;11.051362877805;0.074170220656406;0;3.838308918969;3.3747450398665;0;0;0;0;1.8727980715743;2.0211385128871;0;18.690895605414;0.12979788614871;4.2647876877434;0;22.362321527907;30.465418134619;github.com/GreenCharge/PMC.gridmix
ALL;20220102T120222;20211101T153000;20211101T154500;11.053604436229;0.073937153419593;0;3.8447319778189;3.4750462107209;0;0;0;0;2.6062846580407;2.0517560073937;0;18.761552680222;0.12939001848429;3.4195933456562;0;24.417744916821;28.317929759704;github.com/GreenCharge/PMC.gridmix
ALL;20220102T120222;20211101T154500;20211101T160000;11.272111403839;0.07527286413248;0;4.4034625517501;3.5754610462928;0;0;0;0;1.9947308995107;2.1452766277757;0;19.194580353782;0.13172751223184;2.6157320286037;0;25.385773428679;27.32404968009;github.com/GreenCharge/PMC.gridmix
ALL;20220102T120222;20211101T160000;20211101T161500;11.51852562872;0.07679017085813;0;4.9145709349203;3.858706085621;0;0;0;0;1.3438279900173;2.1693223267422;0;19.658283739681;0.13438279900173;1.8237665578806;0;25.916682664619;26.665386830486;github.com/GreenCharge/PMC.gridmix
ALL;20220102T120222;20211101T161500;20211101T163000;11.598685482312;0.07732456988208;0;5.0067658998647;4.1561956311618;0;0;0;0;1.4691668277595;2.1844190991688;0;19.930407887106;0.13531799729364;1.0632128358786;0;26.097042335202;26.348347187319;github.com/GreenCharge/PMC.gridmix
ALL;20220102T120222;20211101T163000;20211101T164500;11.591962905719;0.077279752704791;0;6.1823802163833;4.2890262751159;0;0;0;0;0.9080370942813;2.2217928902628;0;19.899536321484;0.13523956723338;0.46367851622875;0;26.101236476043;26.197836166924;github.com/GreenCharge/PMC.gridmix
ALL;20220102T120222;20211101T164500;20211101T170000;11.503067484663;0.076687116564417;0;7.4578220858896;4.4478527607362;0;0;0;0;0.47929447852761;2.2239263803681;0;19.670245398773;0.13420245398773;0.17254601226994;0;25.920245398773;25.996932515337;github.com/GreenCharge/PMC.gridmix
ALL;20220102T120222;20211101T170000;20211101T171500;11.38473195681;0.075771926501231;0;7.7476794847509;4.5463155900739;0;0;0;0;0.75771926501231;2.2352718317863;0;19.416556165941;0.13260087137715;0;0;25.591968175791;26.273915514302;github.com/GreenCharge/PMC.gridmix
ALL;20220102T120222;20211101T171500;20211101T173000;11.233644859813;0.074766355140187;0;7.6822429906542;4.6168224299065;0;0;0;0;0.91588785046729;2.3551401869159;0;19.140186915888;0.13084112149533;0;0;25.271028037383;26.766355140187;github.com/GreenCharge/PMC.gridmix
ALL;20220102T120222;20211101T173000;20211101T174500;10.927272727273;0.072727272727273;0;7.4545454545455;4.5272727272727;0;0;0;0;2.8;2.3454545454545;0;18.636363636364;0.12727272727273;0;0;24.6;26.745454545455;github.com/GreenCharge/PMC.gridmix
ALL;20220102T120222;20211101T174500;20211101T180000;10.793308148948;0.071955387659651;0;7.429393775859;4.749055585537;0;0;0;0;2.5724051088325;2.3205612520237;0;18.4565569347;0.12592192840439;0;0;24.320921028962;27.415002698327;github.com/GreenCharge/PMC.gridmix
ALL;20220102T120222;20211101T180000;20211101T181500;10.646589902569;0.070859167404783;0;7.3516386182462;4.9424269264836;0;0;0;0;2.7280779450841;2.2143489813995;0;18.139946855624;0.12400354295837;0;0;23.914968999114;28.14880425155;github.com/GreenCharge/PMC.gridmix
ALL;20220102T120222;20211101T181500;20211101T183000;10.633404104742;0.070771408351026;0;7.3602264685067;5.0247699929229;0;0;0;0;1.9815994338287;2.1939136588818;0;18.117480537863;0.1238499646143;0;0;23.938428874735;28.839348903043;github.com/GreenCharge/PMC.gridmix
ALL;20220102T120222;20211101T183000;20211101T184500;10.576414595452;0.070509430636348;0;7.3329807861802;4.9885422175216;0;0;0;0;1.7803631235678;2.2210470650449;0;18.050414242905;0.12339150361361;0;0;23.761678124449;29.384805217698;github.com/GreenCharge/PMC.gridmix
ALL;20220102T120222;20211101T184500;20211101T190000;10.577432456295;0.070633939607982;0;7.3106127494261;5.0679851668727;0;0;0;0;1.2537524280417;2.2249690976514;0;18.082288539643;0.12360939431397;0;0;23.785979162988;29.789864029666;github.com/GreenCharge/PMC.gridmix
ALL;20220102T120222;20211101T190000;20211101T191500;10.777258006477;0.089960417416337;0;7.7186038143217;5.0917596257647;0;0;0;0;0.50377833753149;2.2310183519252;0;18.441885570349;0.12594458438287;0;0;23.461676862181;29.830874415257;github.com/GreenCharge/PMC.gridmix
ALL;20220102T120222;20211101T191500;20211101T193000;10.796172594331;0.090269001624842;0;7.7450803394114;5.127279292291;0;0;0;0;1.1915508214479;2.2025636396461;0;18.505145333093;0.12637660227478;0;0;22.495035204911;29.987362339773;github.com/GreenCharge/PMC.gridmix
ALL;20220102T120222;20211101T193000;20211101T194500;10.792275762498;0.090236419418877;0;7.7603320700235;5.1073813391085;0;0;0;0;1.1911207363292;2.1476267821693;0;18.49846598087;0.12633098718643;0;0;22.523010286952;30.030680382602;github.com/GreenCharge/PMC.gridmix
ALL;20220102T120222;20211101T194500;20211101T200000;10.7767165255;0.090106325464048;0;7.7491439899081;5.0639754910795;0;0;0;0;1.4597224725176;2.1265092809515;0;18.453775455037;0.12614885564967;0;0;22.508560100919;29.915300054064;github.com/GreenCharge/PMC.gridmix
ALL;20220102T120222;20211101T200000;20211101T201500;10.686886708296;0.071364852809991;0;7.5646743978591;4.8884924174844;0;0;0;0;2.2836752899197;2.0874219446922;0;18.305084745763;0.12488849241748;0;0;22.533452274755;29.741302408564;github.com/GreenCharge/PMC.gridmix
ALL;20220102T120222;20211101T201500;20211101T203000;10.581169404699;0.070658894188306;0;7.4898427839604;4.8754636989931;0;0;0;0;2.2610846140258;2.084437378555;0;18.1240063593;0.12365306482954;0;0;22.875816993464;29.818053347465;github.com/GreenCharge/PMC.gridmix
ALL;20220102T120222;20211101T203000;20211101T204500;10.590523338048;0.070721357850071;0;7.4964639321075;4.7913719943423;0;0;0;0;2.3691654879774;2.1216407355021;0;18.122347949081;0.12376237623762;0;0;22.75459688826;29.862093352192;github.com/GreenCharge/PMC.gridmix
ALL;20220102T120222;20211101T204500;20211101T210000;10.578629747959;0.070997515086972;0;7.525736599219;4.7923322683706;0;0;0;0;2.4316648917288;2.1299254526092;0;18.210862619808;0.1242456514022;0;0;22.736954206603;29.694710685126;github.com/GreenCharge/PMC.gridmix
ALL;20220102T120222;20211101T210000;20211101T211500;10.702760846181;0.071710290426676;0;7.3861599139477;4.768734313374;0;0;0;0;1.9720329867336;2.169236285407;0;18.429544639656;0.12549300824668;0;0;23.126568662603;29.455001792757;github.com/GreenCharge/PMC.gridmix
ALL;20220102T120222;20211101T211500;20211101T213000;10.799565846599;0.072358900144718;0;7.4529667149059;4.7214182344428;0;0;0;0;1.4652677279305;2.1888567293777;0;18.614327062229;0.12662807525326;0;0;23.371924746744;29.377713458755;github.com/GreenCharge/PMC.gridmix
ALL;20220102T120222;20211101T213000;20211101T214500;10.894516305338;0.072873018764802;0;7.5059209327746;4.6092184368737;0;0;0;0;1.5303333940608;2.2044088176353;0;18.783020586628;0.1275277828384;0;0;23.137183457825;29.313171798142;github.com/GreenCharge/PMC.gridmix
ALL;20220102T120222;20211101T214500;20211101T220000;11.014760147601;0.07380073800738;0;7.6014760147601;4.5756457564576;0;0;0;0;1.3284132841328;2.2324723247232;0;19.0036900369;0.12915129151292;0;0;23.321033210332;28.874538745387;github.com/GreenCharge/PMC.gridmix
ALL;20220102T120222;20211101T220000;20211101T221500;11.063750926612;0.074128984432913;0;7.5055596738325;4.5774647887324;0;0;0;0;1.2045959970348;2.2794662713121;0;19.106745737583;0.1297257227576;0;0;24.221645663454;27.983691623425;github.com/GreenCharge/PMC.gridmix
ALL;20220102T120222;20211101T221500;20211101T223000;11.205113743185;0.075202105658958;0;6.354577928182;4.6249294980259;0;0;0;0;0.39481105470953;2.312464749013;0;19.383342733597;0.13160368490318;0;0;25.455912765557;28.181989095695;github.com/GreenCharge/PMC.gridmix
ALL;20220102T120222;20211101T223000;20211101T224500;11.315739510158;0.075944560470856;0;5.6388836149611;4.6326181887222;0;0;0;0;0.66451490411999;2.3352952344788;0;19.574710461363;0.132902980824;0;0;25.840136700209;27.890639832922;github.com/GreenCharge/PMC.gridmix
ALL;20220102T120222;20211101T224500;20211101T230000;11.484918793503;0.077339520494973;0;5.2010827532869;4.5243619489559;0;0;0;0;0.36736272235112;2.3975251353442;0;19.934261407579;0.1353441608662;0;0;26.044083526682;27.900232018561;github.com/GreenCharge/PMC.gridmix
ALL;20220102T120222;20211101T230000;20211101T231500;11.723052714398;0.059008654602675;0;4.7600314712825;4.4256490952006;0;0;0;0;0;2.4390243902439;0;20.279307631786;0.13768686073958;0;0;26.278520849725;27.9307631786;github.com/GreenCharge/PMC.gridmix
ALL;20220102T120222;20211101T231500;20211101T233000;11.911911911912;0.06006006006006;0;4.2042042042042;5.025025025025;0;0;0;0;0;2.4224224224224;0;20.640640640641;0.14014014014014;0;0;26.186186186186;27.407407407407;github.com/GreenCharge/PMC.gridmix
ALL;20220102T120222;20211101T233000;20211101T234500;12.102689486553;0.061124694376528;0;4.2176039119804;5.2974735126324;0;0;0;0;0;2.5061124694377;0;21.026894865526;0.14262428687857;0;0;25.977995110024;26.629991850041;github.com/GreenCharge/PMC.gridmix
ALL;20220102T120222;20211101T234500;20211102T000000;12.224737600329;0.061741098991562;0;4.2601358304178;5.2685737806133;0;0;0;0;0;2.531385058654;0;21.238938053097;0.14406256431364;0;0;25.396172051863;26.816217328668;github.com/GreenCharge/PMC.gridmix
ALL;20220102T120222;20211102T000000;20211102T001500;12.486883525708;0;0;4.3231899265477;6.5897166841553;0;0;0;0;0;2.6232948583421;0;21.678908709339;0.14690451206716;0;0;23.399790136411;26.862539349423;github.com/GreenCharge/PMC.gridmix
ALL;20220102T120222;20211102T001500;20211102T003000;12.721830233055;0;0;4.4259140474663;7.8041479580928;0;0;0;0;0;2.6298909557409;0;22.086807782767;0.14966859097712;0;0;21.295702373316;26.961727603164;github.com/GreenCharge/PMC.gridmix
ALL;20220102T120222;20211102T003000;20211102T004500;12.698072805139;0;0;4.4325481798715;8.9721627408994;0;0;0;0;0;2.6766595289079;0;22.098501070664;0.14989293361884;0;0;19.978586723769;27.066381156317;github.com/GreenCharge/PMC.gridmix
ALL;20220102T120222;20211102T004500;20211102T010000;12.555673382821;0;0;4.390243902439;9.8409331919406;0;0;0;0;0;2.6511134676564;0;21.887592788971;0.14846235418876;0;0;19.809119830329;26.808059384942;github.com/GreenCharge/PMC.gridmix
ALL;20220102T120222;20211102T010000;20211102T011500;12.719110731082;0;0;4.4035912783241;10.581445061992;0;0;0;0;0;2.6934587430526;0;22.060709705002;0.14963659683625;0;0;19.13210773835;26.336041043181;github.com/GreenCharge/PMC.gridmix
ALL;20220102T120222;20211102T011500;20211102T013000;12.81775096941;0;0;4.4377423524343;10.922016372253;0;0;0;0;0;2.7358897027143;0;22.23179663938;0.15079707022835;0;0;19.108143041792;25.657044377424;github.com/GreenCharge/PMC.gridmix
ALL;20220102T120222;20211102T013000;20211102T014500;12.703513281919;0;0;4.4130248500428;11.289631533847;0;0;0;0;0;2.7420736932305;0;22.107969151671;0.14995715509854;0;0;19.473007712082;25.192802056555;github.com/GreenCharge/PMC.gridmix
ALL;20220102T120222;20211102T014500;20211102T020000;12.878787878788;0;0;4.4588744588745;11.731601731602;0;0;0;0;0;2.7922077922078;0;22.359307359307;0.15151515151515;0;0;19.415584415584;24.264069264069;github.com/GreenCharge/PMC.gridmix
ALL;20220102T120222;20211102T020000;20211102T021500;12.906019922044;0;0;4.439151147683;12.77609354699;0;0;0;0;0;2.8150714595063;0;22.325682113469;0.15158077089649;0;0;19.250757903854;23.386747509744;github.com/GreenCharge/PMC.gridmix
ALL;20220102T120222;20211102T021500;20211102T023000;12.921470524255;0;0;4.4594300630846;13.704589949967;0;0;0;0;0;2.8714378942789;0;22.427670219709;0.1522732216663;0;0;18.533826408527;22.971503154231;github.com/GreenCharge/PMC.gridmix
ALL;20220102T120222;20211102T023000;20211102T024500;12.912326388889;0;0;4.4704861111111;14.539930555556;0;0;0;0;0;2.9296875;0;22.374131944444;0.15190972222222;0;0;18.250868055556;22.417534722222;github.com/GreenCharge/PMC.gridmix
ALL;20220102T120222;20211102T024500;20211102T030000;12.92220527348;0;0;4.4889954238396;15.515362824145;0;0;0;0;0;2.9418173894095;0;22.46676835912;0.15253867945086;0;0;17.476574417084;22.074526040532;github.com/GreenCharge/PMC.gridmix
ALL;20220102T120222;20211102T030000;20211102T031500;12.996706915477;0;0;4.5664105378705;16.15806805708;0;0;0;0;0;2.9637760702525;0;22.656421514819;0.15367727771679;0;0;16.750823271131;21.778265642151;github.com/GreenCharge/PMC.gridmix
ALL;20220102T120222;20211102T031500;20211102T033000;13.092600797519;0;0;4.6078865750997;17.23526805494;0;0;0;0;0;3.0128489144883;0;22.840053167922;0.15507310589278;0;0;15.684536996012;21.377935312362;github.com/GreenCharge/PMC.gridmix
ALL;20220102T120222;20211102T033000;20211102T034500;13.171383998217;0;0;4.6579006017384;18.052150657455;0;0;0;0;0;3.0309783819924;0;22.999777133943;0.15600624024961;0;0;15.177178515712;20.748829953198;github.com/GreenCharge/PMC.gridmix
ALL;20220102T120222;20211102T034500;20211102T040000;13.132664437012;0;0;4.659977703456;18.327759197324;0;0;0;0;0;3.0769230769231;0;22.98773690078;0.15607580824972;0;0;15.808249721293;19.84392419175;github.com/GreenCharge/PMC.gridmix
ALL;20220102T120222;20211102T040000;20211102T041500;13.228346456693;0;0;4.814398200225;18.717660292463;0;0;0;0;0;3.1046119235096;0;23.172103487064;0.15748031496063;0;0;15.25309336333;19.527559055118;github.com/GreenCharge/PMC.gridmix
ALL;20220102T120222;20211102T041500;20211102T043000;13.28813559322;0;0;4.9265536723164;19.005649717514;0;0;0;0;0;3.1186440677966;0;23.322033898305;0.15819209039548;0;0;14.847457627119;19.299435028249;github.com/GreenCharge/PMC.gridmix
ALL;20220102T120222;20211102T043000;20211102T044500;13.139013452915;0;0;4.932735426009;19.372197309417;0;0;0;0;0;3.1390134529148;0;23.161434977578;0.15695067264574;0;0;15.381165919283;18.699551569507;github.com/GreenCharge/PMC.gridmix
ALL;20220102T120222;20211102T044500;20211102T050000;13.325740318907;0;0;5.1025056947608;19.703872437358;0;0;0;0;0;3.1662870159453;0;23.530751708428;0.15945330296128;0;0;14.214123006834;18.74715261959;github.com/GreenCharge/PMC.gridmix
ALL;20220102T120222;20211102T050000;20211102T051500;13.247282608696;0;0;5.6385869565217;20.49365942029;0;0;0;0;0.11322463768116;3.2835144927536;0;23.369565217391;0.15851449275362;0;0;12.907608695652;18.885869565217;github.com/GreenCharge/PMC.gridmix
ALL;20220102T120222;20211102T051500;20211102T053000;13.185820727026;0;0;5.8252427184466;21.223752540077;0;0;0;0;0.22578460149018;3.2061413411605;0;23.300970873786;0.15804922104312;0;0;12.598780763152;18.378866561301;github.com/GreenCharge/PMC.gridmix
ALL;20220102T120222;20211102T053000;20211102T054500;13.100044863167;0;0;6.2359802602064;21.377299237326;0;0;0;0;0.24674742036788;3.2974427994616;0;23.171825930911;0.15702108568865;0;0;12.628981606101;17.900403768506;github.com/GreenCharge/PMC.gridmix
ALL;20220102T120222;20211102T054500;20211102T060000;13.105156496285;0;0;6.3048862868723;21.661787885611;0;0;0;0;0.24769196126998;3.3776176536816;0;23.238009457329;0.15762215717181;0;0;11.934249043008;18.081513172709;github.com/GreenCharge/PMC.gridmix
ALL;20220102T120222;20211102T060000;20211102T061500;12.948517940718;0;0;7.0871406284823;22.242032538444;0;0;0;0;0.22286605749944;3.3429908624916;0;22.999777133943;0.15600624024961;0;0;11.031869846222;17.985290840205;github.com/GreenCharge/PMC.gridmix
ALL;20220102T120222;20211102T061500;20211102T063000;12.786596119929;0;0;7.0987654320988;22.089947089947;0;0;0;0;2.3589065255732;3.4391534391534;0;22.773368606702;0.15432098765432;0;0;10.295414462081;17.041446208113;github.com/GreenCharge/PMC.gridmix
ALL;20220102T120222;20211102T063000;20211102T064500;12.556732223903;0;0;7.3265614869246;21.850010806138;0;0;0;0;4.4737410849362;3.5228009509401;0;22.347093148909;0.15128593040847;0;0;9.7903609250054;16.057920899071;github.com/GreenCharge/PMC.gridmix
ALL;20220102T120222;20211102T064500;20211102T070000;12.6389191545;0;0;8.3896273697973;22.183482240139;0;0;0;0;3.6173458269776;3.5737633471345;0;22.532142078884;0.15253867945086;0.021791239921552;0;9.3702331662672;15.580736543909;github.com/GreenCharge/PMC.gridmix
ALL;20220102T120222;20211102T070000;20211102T071500;12.984105663756;0;0;9.6037609133647;22.677412133423;0;0;0;0;1.9923886277143;3.693754197448;0;23.147526304007;0.15670472352809;0.20147750167898;0;8.3725095142154;15.133199014999;github.com/GreenCharge/PMC.gridmix
ALL;20220102T120222;20211102T071500;20211102T073000;13.22087987235;0;0;9.7788921814452;23.113745156143;0;0;0;0;1.8691588785047;3.7611123774789;0;23.569637565535;0.15956234328698;0.34191930704354;0;7.4310462730796;14.679735582403;github.com/GreenCharge/PMC.gridmix
ALL;20220102T120222;20211102T073000;20211102T074500;13.201545103386;0;0;9.8841172460804;23.040218132243;0;0;0;0;2.0904339922745;3.7264258123154;0;23.494660304476;0.15905476028175;0.77255169279709;0;7.4528516246308;14.110429447853;github.com/GreenCharge/PMC.gridmix
ALL;20220102T120222;20211102T074500;20211102T080000;13.234624145786;0;0;10.341685649203;23.143507972665;0;0;0;0;1.6400911161731;3.7357630979499;0;23.553530751708;0.15945330296128;1.753986332574;0;6.4236902050114;13.940774487472;github.com/GreenCharge/PMC.gridmix
ALL;20220102T120222;20211102T080000;20211102T081500;13.005586592179;0;0;10.748603351955;22.480446927374;0;0;0;0;3.0167597765363;3.6648044692737;0;23.128491620112;0.15642458100559;3.1508379888268;0;5.4525139664804;13.162011173184;github.com/GreenCharge/PMC.gridmix
ALL;20220102T120222;20211102T081500;20211102T083000;12.946924272707;0;0;10.837219631357;22.318454363757;0;0;0;0;2.8647568287808;3.6642238507662;0;22.984676882079;0.15545192094159;4.974461470131;0;4.9522540528537;12.280701754386;github.com/GreenCharge/PMC.gridmix
ALL;20220102T120222;20211102T083000;20211102T084500;12.695993031359;0;0;10.692508710801;21.972996515679;0;0;0;0;2.6132404181185;3.3101045296167;0;22.560975609756;0.15243902439024;7.0339721254355;0;5.5749128919861;11.411149825784;github.com/GreenCharge/PMC.gridmix
ALL;20220102T120222;20211102T084500;20211102T090000;12.559139784946;0;0;10.559139784946;21.763440860215;0;0;0;0;2;3.1182795698925;0;22.279569892473;0.1505376344086;9.1612903225806;0;5.8924731182796;10.559139784946;github.com/GreenCharge/PMC.gridmix
ALL;20220102T120222;20211102T090000;20211102T091500;12.305427008835;0;0;10.349179638199;21.30837189735;0;0;0;0;2.7345393352966;3.1342027766092;0;21.729070256626;0.14724442574674;11.295750946571;0;5.5952881783761;9.465713083719;github.com/GreenCharge/PMC.gridmix
ALL;20220102T120222;20211102T091500;20211102T093000;12.241054613936;0;0;10.315965683197;21.175978238125;0;0;0;0;2.6993094789705;3.0341075538816;0;21.615400711446;0.14647415777359;13.538397154216;0;4.8964218455744;8.4118016321406;github.com/GreenCharge/PMC.gridmix
ALL;20220102T120222;20211102T093000;20211102T094500;12.285115303983;0;0;10.335429769392;21.174004192872;0;0;0;0;2.1383647798742;3.0188679245283;0;21.635220125786;0.14675052410901;15.786163522013;0;4.2348008385744;7.3165618448637;github.com/GreenCharge/PMC.gridmix
ALL;20220102T120222;20211102T094500;20211102T100000;12.182952182952;0;0;10.27027027027;21.081081081081;0;0;0;0;2.0790020790021;2.993762993763;0;21.476091476091;0.14553014553015;18.066528066528;0;3.6798336798337;6.1122661122661;github.com/GreenCharge/PMC.gridmix
ALL;20220102T120222;20211102T100000;20211102T101500;12.082474226804;0;0;10.082474226804;20.907216494845;0;0;0;0;1.9381443298969;2.9690721649485;0;21.278350515464;0.14432989690722;19.896907216495;0;3.5876288659794;5.2164948453608;github.com/GreenCharge/PMC.gridmix
ALL;20220102T120222;20211102T101500;20211102T103000;11.900893582453;0;0;9.9309504467912;20.613322502031;0;0;0;0;1.5637692932575;2.944760357433;0;20.978878960195;0.14216084484159;21.46628757108;0;3.9195775792039;4.6709991876523;github.com/GreenCharge/PMC.gridmix
ALL;20220102T120222;20211102T103000;20211102T104500;11.821666330442;0;0;9.8648376033891;20.516441396006;0;0;0;0;0.76659269719588;2.9453298365947;0;20.798870284446;0.14121444422029;22.695178535404;0;4.0952188823885;4.498688723018;github.com/GreenCharge/PMC.gridmix
ALL;20220102T120222;20211102T104500;20211102T110000;11.741134041274;0;0;9.8176718092567;20.396714085354;0;0;0;0;0.52093768783811;2.9252654778601;0;20.637146864356;0.14025245441795;23.923061510719;0;3.8469244640353;4.2075736325386;github.com/GreenCharge/PMC.gridmix
ALL;20220102T120222;20211102T110000;20211102T111500;11.703821656051;0;0;9.5740445859873;20.282643312102;0;0;0;0;0.53742038216561;2.906050955414;0;20.501592356688;0.13933121019108;24.920382165605;0;3.6027070063694;4.0007961783439;github.com/GreenCharge/PMC.gridmix
ALL;20220102T120222;20211102T111500;20211102T113000;11.658391261172;0;0;9.5531281032771;20.25819265144;0;0;0;0;0.59582919563059;2.8798411122145;0;20.456802383317;0.1390268123138;25.58093346574;0;3.3366434955313;3.7140019860973;github.com/GreenCharge/PMC.gridmix
ALL;20220102T120222;20211102T113000;20211102T114500;11.602209944751;0;0;9.4909234411997;20.146014206788;0;0;0;0;0.59194948697711;2.861089187056;0;20.303867403315;0.13812154696133;25.710339384373;0;3.6108918705604;3.7292817679558;github.com/GreenCharge/PMC.gridmix
ALL;20220102T120222;20211102T114500;20211102T120000;11.53619776339;0;0;9.4173042966451;20.031391014322;0;0;0;0;0.56896213458897;2.8448106729449;0;20.188346085933;0.13733568765941;25.505199136747;0;4.0219737100255;3.9434961742201;github.com/GreenCharge/PMC.gridmix
ALL;20220102T120222;20211102T120000;20211102T121500;11.573983100806;0;0;9.3731577913146;20.043230497151;0;0;0;0;0.47160542346237;2.8492827667518;0;20.220082530949;0.13755158184319;25.191589703282;0;4.1854981332285;4.1461976812733;github.com/GreenCharge/PMC.gridmix
ALL;20220102T120222;20211102T121500;20211102T123000;11.55808477237;0;0;9.2817896389325;20.035321821036;0;0;0;0;0.17660910518053;2.8649921507064;0;20.211930926217;0.13736263736264;25.156985871272;0;4.3367346938776;4.4348508634223;github.com/GreenCharge/PMC.gridmix
ALL;20220102T120222;20211102T123000;20211102T124500;11.669303797468;0;0;9.1772151898734;20.213607594937;0;0;0;0;0.19778481012658;2.8876582278481;0;20.371835443038;0.13844936708861;24.367088607595;0;4.2523734177215;4.9050632911392;github.com/GreenCharge/PMC.gridmix
ALL;20220102T120222;20211102T124500;20211102T130000;11.878397422992;0;0;9.2409905375478;20.616066035837;0;0;0;0;0.22146164686934;2.979665794242;0;20.736863297765;0.14093013891685;23.172941413328;0;4.1272397825649;5.0332192470304;github.com/GreenCharge/PMC.gridmix
ALL;20220102T120222;20211102T130000;20211102T131500;12.031758957655;0;0;9.4055374592834;20.887622149837;0;0;0;0;0.22394136807818;3.0130293159609;0;20.969055374593;0.14250814332248;21.925895765472;0;4.2548859934853;5.2320846905537;github.com/GreenCharge/PMC.gridmix
ALL;20220102T120222;20211102T131500;20211102T133000;12.193109139674;0;0;9.4904064369713;21.167732618114;0;0;0;0;0.20631318341242;3.0534351145038;0;21.229626573138;0.14441922838869;20.528161749536;0;4.3325768516608;5.714875180524;github.com/GreenCharge/PMC.gridmix
ALL;20220102T120222;20211102T133000;20211102T134500;12.379757423672;0;0;9.5984943538269;21.455457967378;0;0;0;0;0.20911752404852;3.0740276035132;0;21.497281472187;0.14638226683396;19.113341698034;0;4.7260560434964;5.8343789209536;github.com/GreenCharge/PMC.gridmix
ALL;20220102T120222;20211102T134500;20211102T140000;12.595744680851;0;0;9.531914893617;21.765957446809;0;0;0;0;0.21276595744681;3.1063829787234;0;21.872340425532;0.14893617021277;17.617021276596;0;5.1489361702128;6;github.com/GreenCharge/PMC.gridmix
