LOC;Time;Start;End;Biomass;Lignite;Coal;Gas;HardCoal;Oil;Shale;Peat;Geothermal;HydroPumped;Hydro;Marine;Nuclear;OtherRES;Solar;Waste;WindOffShore;WindOnShore;SwID
ALL;20220102T120218;20190501T000000;20190501T001500;16.925841994217;0;0;6.282722513089;12.596702352114;0;0;0;0;1.3675080096898;9.7444713604751;0;20.934594045479;0.078143314839415;0;0;9.5803703993123;21.739470188325;github.com/GreenCharge/PMC.gridmix
ALL;20220102T120218;20190501T001500;20190501T003000;16.714274685401;0;0;5.9600092642631;11.889137651509;0;0;0;0;3.8678298463676;9.7274762603258;0;20.667026943565;0.077202192542268;0;0;9.256542885818;21.099359221802;github.com/GreenCharge/PMC.gridmix
ALL;20220102T120218;20190501T003000;20190501T004500;16.722071897951;0;0;5.9373792037109;11.47274835717;0;0;0;0;5.0947042906842;9.7410127560881;0;20.664862775416;0.077309625048319;0;0;8.8442211055276;20.70351758794;github.com/GreenCharge/PMC.gridmix
ALL;20220102T120218;20190501T004500;20190501T010000;16.556849524977;0;0;5.8841556849525;11.063438553478;0;0;0;0;6.0756972111554;9.638369598529;0;20.471958320564;0.076616610481152;0;0;8.5580753907447;20.939319644499;github.com/GreenCharge/PMC.gridmix
ALL;20220102T120218;20190501T010000;20190501T011500;16.879875195008;0;0;6.0218408736349;10.421216848674;0;0;0;0;5.3666146645866;9.7659906396256;0;20.897035881435;0.078003120124805;0;0;8.7441497659906;21.045241809672;github.com/GreenCharge/PMC.gridmix
ALL;20220102T120218;20190501T011500;20190501T013000;17.386062213648;0;0;6.2052889639097;10.159954987541;0;0;0;0;2.8936580660719;10.103689414034;0;21.493449079656;0.080379390724218;0;0;8.7372397717225;22.13648420545;github.com/GreenCharge/PMC.gridmix
ALL;20220102T120218;20190501T013000;20190501T014500;17.455836089376;0;0;6.2273130596112;9.6797612325563;0;0;0;0;2.8232636928289;10.163749294184;0;21.553601677825;0.080664676937969;0;0;8.9457126724207;22.263450834879;github.com/GreenCharge/PMC.gridmix
ALL;20220102T120218;20190501T014500;20190501T020000;17.779241089802;0;0;6.3544324635772;9.8773561610009;0;0;0;0;1.4486789036135;10.404148489588;0;21.993579718495;0.082311301341674;0;0;9.3094081817434;21.927730677422;github.com/GreenCharge/PMC.gridmix
ALL;20220102T120218;20190501T020000;20190501T021500;17.681680699747;0;0;6.310798659364;9.7114362789177;0;0;0;0;2.419684460067;10.291833564947;0;21.883430066214;0.081746096623886;0;0;9.6787378402681;21.123191367612;github.com/GreenCharge/PMC.gridmix
ALL;20220102T120218;20190501T021500;20190501T023000;17.885842100903;0;0;6.3954933311242;9.7754949879877;0;0;0;0;0.92784359208019;10.496230635407;0;22.160550078701;0.082843177864303;0;0;10.140004970591;21.307265346699;github.com/GreenCharge/PMC.gridmix
ALL;20220102T120218;20190501T023000;20190501T024500;17.90635895733;0;0;6.408766395484;9.8621949194753;0;0;0;0;0;10.501411256849;0;22.214843101444;0.083015108749792;0;0;10.675742985223;21.517516187946;github.com/GreenCharge/PMC.gridmix
ALL;20220102T120218;20190501T024500;20190501T030000;17.809917355372;0;0;6.3801652892562;9.8181818181818;0;0;0;0;0;10.413223140496;0;22.115702479339;0.082644628099174;0;0;11.04132231405;21.512396694215;github.com/GreenCharge/PMC.gridmix
ALL;20220102T120218;20190501T030000;20190501T031500;17.805280528053;0;0;6.3036303630363;9.5379537953795;0;0;0;0;0;10.371287128713;0;22.10396039604;0.082508250825083;0;0;11.427392739274;21.542904290429;github.com/GreenCharge/PMC.gridmix
ALL;20220102T120218;20190501T031500;20190501T033000;17.889413910304;0;0;6.3334162314515;9.4835447235348;0;0;0;0;0;10.436873082981;0;22.175246621902;0.082898118212717;0;0;11.365332006963;21.404294122523;github.com/GreenCharge/PMC.gridmix
ALL;20220102T120218;20190501T033000;20190501T034500;17.827091239069;0;0;6.3025903316284;9.2723972941759;0;0;0;0;0;10.344827586207;0;22.083814552054;0.08249463784854;0;0;11.681240719353;21.580597261178;github.com/GreenCharge/PMC.gridmix
ALL;20220102T120218;20190501T034500;20190501T040000;17.629303312123;0;0;6.2326643824441;9.2021536955458;0;0;0;0;0;10.205580029369;0;21.855115026921;0.081579376733562;0;0;11.804535813346;22.173274596182;github.com/GreenCharge/PMC.gridmix
ALL;20220102T120218;20190501T040000;20190501T041500;17.401802962009;0;0;6.2137797810689;9.2401802962009;0;0;0;0;0;10.061171925306;0;21.579201545396;0.080489375402447;0;0;12.194140373471;22.424339987122;github.com/GreenCharge/PMC.gridmix
ALL;20220102T120218;20190501T041500;20190501T043000;17.278115988465;0;0;6.183915411727;9.2918936238385;0;0;0;0;0;10.028836911246;0;21.451457866069;0.080102531239987;0;0;12.68023069529;22.204421659724;github.com/GreenCharge/PMC.gridmix
ALL;20220102T120218;20190501T043000;20190501T044500;17.187998723268;0;0;6.1283115225024;9.2243855729333;0;0;0;0;0;9.9824449409512;0;21.377274178104;0.07979572294925;0;0;13.118416852857;22.103415256942;github.com/GreenCharge/PMC.gridmix
ALL;20220102T120218;20190501T044500;20190501T050000;17.089959648706;0;0;6.0764300973178;9.1462932194003;0;0;0;0;0;9.8741989081415;0;21.196297175409;0.079120183558826;0;0;13.023182213783;22.723316718095;github.com/GreenCharge/PMC.gridmix
ALL;20220102T120218;20190501T050000;20190501T051500;16.868875408306;0;0;6.5017887696376;8.9594027064862;0;0;0;0;0;9.6593560429305;0;20.835277648157;0.077772592938249;0;0;12.918027687043;23.432882252294;github.com/GreenCharge/PMC.gridmix
ALL;20220102T120218;20190501T051500;20190501T053000;16.830305373019;0;0;6.4321608040201;8.7514495554697;0;0;0;0;0;9.516814843448;0;20.664862775416;0.077309625048319;0;0;13.196752995748;23.788171627368;github.com/GreenCharge/PMC.gridmix
ALL;20220102T120218;20190501T053000;20190501T054500;16.764072593048;0;0;6.3980313749616;8.4896954783144;0;0;0;0;0;9.1202706859428;0;20.516764072593;0.076899415564442;0;0;13.326668717318;24.569363272839;github.com/GreenCharge/PMC.gridmix
ALL;20220102T120218;20190501T054500;20190501T060000;16.860509897558;0;0;6.4083801894785;8.2877609181237;0;0;0;0;0;8.9732727412771;0;20.442116614034;0.077023800354309;0.053916660248017;0;13.101748440268;25.055842255257;github.com/GreenCharge/PMC.gridmix
ALL;20220102T120218;20190501T060000;20190501T061500;16.674266605867;0;0;6.2319501443988;8.0255357957136;0;0;0;0;0;8.8995288037696;0;19.911840705274;0.075999392004864;0.35719714242286;0;13.368293053656;25.695394436845;github.com/GreenCharge/PMC.gridmix
ALL;20220102T120218;20190501T061500;20190501T063000;16.594876445251;0;0;6.1059472530794;7.889367490365;0;0;0;0;0;8.9171011864279;0;19.768759918386;0.07556865412227;1.1864278697196;0;13.352981183405;25.353283458022;github.com/GreenCharge/PMC.gridmix
ALL;20220102T120218;20190501T063000;20190501T064500;16.343654860028;0;0;5.9701492537313;7.7522833593228;0;0;0;0;0;8.7101804410782;0;19.425261750947;0.074255587732977;2.4652855127348;0;13.061557882231;25.454815474864;github.com/GreenCharge/PMC.gridmix
ALL;20220102T120218;20190501T064500;20190501T070000;16.059192302085;0;0;5.8317538999854;7.5521213004811;0;0;0;0;0;8.5362297711037;0;19.069835252952;0.072896923749818;4.1697040384896;0;12.953783350343;25.025513923312;github.com/GreenCharge/PMC.gridmix
ALL;20220102T120218;20190501T070000;20190501T071500;15.784982935154;0;0;5.5745164960182;7.2241183162685;0;0;0;0;0;8.2977815699659;0;18.387372013652;0.071103526734926;6.1788964732651;0;13.075938566553;24.69425483504;github.com/GreenCharge/PMC.gridmix
ALL;20220102T120218;20190501T071500;20190501T073000;15.43269898597;0;0;5.5285456313377;7.1120989026254;0;0;0;0;0;8.0914015835533;0;17.960827892763;0.069454090845951;8.5497985831365;0;12.418391443256;24.142241978053;github.com/GreenCharge/PMC.gridmix
ALL;20220102T120218;20190501T073000;20190501T074500;15.116279069767;0;0;5.4127566979464;6.9359445124439;0;0;0;0;0;7.9151366789066;0;17.598259213926;0.067999456004352;11.138310893513;0;12.233102135183;22.902216782266;github.com/GreenCharge/PMC.gridmix
ALL;20220102T120218;20190501T074500;20190501T080000;14.55961261615;0;0;5.2087423112158;6.6483444575317;0;0;0;0;0;7.5448239759194;0;17.111634602801;0.065436461196179;13.754744143437;0;11.628059154561;22.824237665227;github.com/GreenCharge/PMC.gridmix
ALL;20220102T120218;20190501T080000;20190501T081500;14.103051019116;0;0;5.0386124825927;6.3552348398531;0;0;0;0;0;7.323711862261;0;16.843904291682;0.063299151791366;16.179263197873;0;11.248259273326;22.21167236359;github.com/GreenCharge/PMC.gridmix
ALL;20220102T120218;20190501T081500;20190501T083000;13.746000492247;0;0;4.8732463696776;6.2269259168102;0;0;0;0;0;7.3590942653212;0;16.391828698006;0.06153088850603;18.619246861925;0;10.786364755107;21.320452867339;github.com/GreenCharge/PMC.gridmix
ALL;20220102T120218;20190501T083000;20190501T084500;13.228712930366;0;0;4.7258189629453;5.9908109075721;0;0;0;0;0;7.1125962169581;0;15.88996956859;0.059669431350319;20.967838176502;0;10.627125723492;20.800763768721;github.com/GreenCharge/PMC.gridmix
ALL;20220102T120218;20190501T084500;20190501T090000;12.911055886262;0;0;4.5772409408773;5.8024620008091;0;0;0;0;0;6.7907299312258;0;15.384615384615;0.057793446223198;23.360110963417;0;10.096515055193;20.441541929145;github.com/GreenCharge/PMC.gridmix
ALL;20220102T120218;20190501T090000;20190501T091500;12.443820224719;0;0;4.4494382022472;5.5955056179775;0;0;0;0;0;6.5449438202247;0;14.691011235955;0.056179775280899;25.730337078652;0;9.6910112359551;20.23595505618;github.com/GreenCharge/PMC.gridmix
ALL;20220102T120218;20190501T091500;20190501T093000;12.160314943409;0;0;4.3304718683362;5.4021543003991;0;0;0;0;0;6.233254961999;0;14.314615342556;0.054677675105255;27.973098583848;0;9.4154956531248;19.569139920171;github.com/GreenCharge/PMC.gridmix
ALL;20220102T120218;20190501T093000;20190501T094500;11.851339855381;0;0;4.189706507869;5.2105487026797;0;0;0;0;0;6.050616758826;0;13.935559336453;0.053168864313058;29.466184602297;0;9.4268396427052;19.284347086346;github.com/GreenCharge/PMC.gridmix
ALL;20220102T120218;20190501T094500;20190501T100000;11.630208333333;0;0;4.1041666666667;5.0833333333333;0;0;0;0;0;5.9166666666667;0;13.598958333333;0.052083333333333;31.145833333333;0;9.296875;18.651041666667;github.com/GreenCharge/PMC.gridmix
ALL;20220102T120218;20190501T100000;20190501T101500;11.275649449105;0;0;3.5985039927221;5.1147275851612;0;0;0;0;0;5.7869200444759;0;13.39836247852;0.050540786414637;32.548266451026;0;9.1226119478419;18.599009400586;github.com/GreenCharge/PMC.gridmix
ALL;20220102T120218;20190501T101500;20190501T103000;11.087928464978;0;0;3.5171385991058;5.0074515648286;0;0;0;0;0;5.6830601092896;0;13.144560357675;0.049677098857427;33.869846000994;0;8.822652757079;18.320914058619;github.com/GreenCharge/PMC.gridmix
ALL;20220102T120218;20190501T103000;20190501T104500;10.869671132765;0;0;3.468940316687;4.911084043849;0;0;0;0;0;5.5542021924482;0;12.78928136419;0.048721071863581;34.665042630938;0;9.0182704019488;18.187576126675;github.com/GreenCharge/PMC.gridmix
ALL;20220102T120218;20190501T104500;20190501T110000;10.678307588986;0;0;3.415523361796;4.8354600402955;0;0;0;0;0;5.4878633790655;0;12.587546771563;0.04797083373309;35.48882279574;0;8.7594742396623;18.219322651828;github.com/GreenCharge/PMC.gridmix
ALL;20220102T120218;20190501T110000;20190501T111500;10.479422995333;0;0;3.337576014708;4.7140904162542;0;0;0;0;0;5.341064441616;0;12.365059161835;0.047140904162542;35.935511243106;0;8.678640456324;18.630085325037;github.com/GreenCharge/PMC.gridmix
ALL;20220102T120218;20190501T111500;20190501T113000;10.317089140398;0;0;3.3111963333645;4.6394163314938;0;0;0;0;0;5.2848190066411;0;12.262650827799;0.046768309793284;36.123842484333;0;8.6334299878402;18.913104480404;github.com/GreenCharge/PMC.gridmix
ALL;20220102T120218;20190501T113000;20190501T114500;10.217552993678;0;0;3.2911863146151;4.6113796950539;0;0;0;0;0;5.2389364075865;0;12.174600223131;0.046485682409818;36.216995165489;0;8.7067683153589;19.031238378579;github.com/GreenCharge/PMC.gridmix
ALL;20220102T120218;20190501T114500;20190501T120000;10.237423057343;0;0;3.2767158791133;4.5725922154857;0;0;0;0;0;5.1973897348082;0;12.125700004628;0.046281297727588;36.076271578655;0;8.6962558430138;19.30855741195;github.com/GreenCharge/PMC.gridmix
ALL;20220102T120218;20190501T120000;20190501T121500;10.172850887301;0;0;3.2265498962895;4.4618575708689;0;0;0;0;0;5.1670891910578;0;12.085734040101;0.046093569946992;36.072827840516;0;8.4028578013367;19.903203503111;github.com/GreenCharge/PMC.gridmix
ALL;20220102T120218;20190501T121500;20190501T123000;10.154738878143;0;0;3.1500414479138;4.4579533941236;0;0;0;0;0;5.1165146909828;0;11.992263056093;0.046053237542599;35.843234779405;0;8.5843234779405;20.19434466243;github.com/GreenCharge/PMC.gridmix
ALL;20220102T120218;20190501T123000;20190501T124500;10.057377431544;0;0;3.1907449736437;4.5155572141624;0;0;0;0;0;5.2106171572515;0;12.133227597145;0.046648318328124;35.140178196576;0;8.629938890703;20.609227037365;github.com/GreenCharge/PMC.gridmix
ALL;20220102T120218;20190501T124500;20190501T130000;10.240764391467;0;0;3.2164987465115;4.5409394068398;0;0;0;0;0;5.2504611891585;0;12.189584220236;0.047301452154581;34.53479021806;0;8.7602289390284;20.746416914999;github.com/GreenCharge/PMC.gridmix
ALL;20220102T120218;20190501T130000;20190501T131500;10.182915330945;0;0;3.2057326041863;4.4503111446351;0;0;0;0;0;5.2187441071092;0;11.809353196304;0.047143126532152;34.555911748067;0;8.7969074108995;21.261550066;github.com/GreenCharge/PMC.gridmix
ALL;20220102T120218;20190501T131500;20190501T133000;10.237642585551;0;0;3.2319391634981;4.4866920152091;0;0;0;0;0;5.2281368821293;0;11.520912547529;0.047528517110266;34.234790874525;0;9.0066539923954;21.530418250951;github.com/GreenCharge/PMC.gridmix
ALL;20220102T120218;20190501T133000;20190501T134500;10.34995919543;0;0;3.2643656089482;4.5125054006049;0;0;0;0;0;5.2517882002784;0;10.5707839278;0.048005376602179;33.992607172003;0;9.2554366089002;22.274494743411;github.com/GreenCharge/PMC.gridmix
ALL;20220102T120218;20190501T134500;20190501T140000;10.594714720518;0;0;3.2658582540219;4.5606067925987;0;0;0;0;0;5.2852794821006;0;9.4690564761583;0.048311512633461;34.078941011643;0;9.4255761147882;22.788540509203;github.com/GreenCharge/PMC.gridmix
ALL;20220102T120218;20190501T140000;20190501T141500;10.528592023066;0;0;3.2676597789524;4.5170591061989;0;0;0;0;0;5.2282556463239;0;9.3993272465161;0.048053820278712;33.820278712158;0;9.6684286400769;23.041806823642;github.com/GreenCharge/PMC.gridmix
ALL;20220102T120218;20190501T141500;20190501T143000;10.48638786191;0;0;3.2649925577376;4.5325779036827;0;0;0;0;0;5.1279588995054;0;9.1851922984587;0.048014596437317;33.706246698996;0;9.8093820521439;23.359101166755;github.com/GreenCharge/PMC.gridmix
ALL;20220102T120218;20190501T143000;20190501T144500;10.488038277512;0;0;3.2535885167464;4.5358851674641;0;0;0;0;0;5.1244019138756;0;9.1148325358852;0.047846889952153;33.062200956938;0;10.066985645933;23.827751196172;github.com/GreenCharge/PMC.gridmix
ALL;20220102T120218;20190501T144500;20190501T150000;10.427692747819;0;0;3.242263863062;4.5200972679159;0;0;0;0;0;5.0922614790445;0;9.0783388165737;0.047680350927383;32.584751823773;0;10.084394221141;24.445715920469;github.com/GreenCharge/PMC.gridmix
ALL;20220102T120218;20190501T150000;20190501T151500;10.482791586998;0;0;3.2504780114723;4.5506692160612;0;0;0;0;0;5.057361376673;0;9.0487571701721;0.047801147227533;32.30879541109;0;10.019120458891;24.75621414914;github.com/GreenCharge/PMC.gridmix
ALL;20220102T120218;20190501T151500;20190501T153000;10.740885927087;0;0;3.3320266562132;4.6452371618973;0;0;0;0;0;5.1597412779302;0;8.6681693453548;0.049000392003136;32.158957271658;0;10.559584476676;24.196393571149;github.com/GreenCharge/PMC.gridmix
ALL;20220102T120218;20190501T153000;20190501T154500;11.058467741935;0;0;3.4072580645161;4.7782258064516;0;0;0;0;0;5.3326612903226;0;8.7197580645161;0.050403225806452;31.980846774194;0;11.365927419355;22.802419354839;github.com/GreenCharge/PMC.gridmix
ALL;20220102T120218;20190501T154500;20190501T160000;11.028626633447;0;0;3.4575685157879;4.7795800071185;0;0;0;0;0;5.3846544973814;0;8.7405298215284;0.05084659582041;31.092693344181;0;11.842172166573;23.114862459958;github.com/GreenCharge/PMC.gridmix
ALL;20220102T120218;20190501T160000;20190501T161500;11.016299626999;0;0;3.4745286393133;4.8234632875172;0;0;0;0;0;5.5030402125594;0;9.1666240866588;0.051096009401666;30.095549537581;0;12.140411833836;23.218026672117;github.com/GreenCharge/PMC.gridmix
ALL;20220102T120218;20190501T161500;20190501T163000;11.001905526025;0;0;3.3898305084746;4.7337278106509;0;0;0;0;0;5.3404874134991;0;8.8957978136596;0.050145421722997;27.78056363454;0;12.601544478989;25.704543175208;github.com/GreenCharge/PMC.gridmix
ALL;20220102T120218;20190501T163000;20190501T164500;11.218243036425;0;0;3.4486276910519;4.7954290378533;0;0;0;0;0;5.4892357922661;0;9.3510866238139;0.051015202530354;26.354453627181;0;12.993572084481;25.788184879094;github.com/GreenCharge/PMC.gridmix
ALL;20220102T120218;20190501T164500;20190501T170000;11.289084489023;0;0;3.479862852464;4.8103986489944;0;0;0;0;0;5.5268410009723;0;10.721048052812;0.051174453712707;24.512563328386;0;12.993193797656;26.104088838852;github.com/GreenCharge/PMC.gridmix
ALL;20220102T120218;20190501T170000;20190501T171500;11.464009549017;0;0;3.5497431106959;4.8990606673932;0;0;0;0;0;5.5789091286522;0;11.5055270123;0.051896829103742;22.938398463854;0;13.280398567648;26.2130883803;github.com/GreenCharge/PMC.gridmix
ALL;20220102T120218;20190501T171500;20190501T173000;11.608077003557;0;0;3.5781544256121;4.9173467252563;0;0;0;0;0.05754341912534;5.6811048336472;0;12.413684871312;0.052312199204855;21.322452395899;0;13.590709353421;26.255492780917;github.com/GreenCharge/PMC.gridmix
ALL;20220102T120218;20190501T173000;20190501T174500;11.59314237926;0;0;3.5542546518921;4.9341417520385;0;0;0;0;1.4060213255279;5.6502195274932;0;12.858038887727;0.052268450763119;19.297512021744;0;13.736148860548;26.395567635375;github.com/GreenCharge/PMC.gridmix
ALL;20220102T120218;20190501T174500;20190501T180000;11.744303932554;0;0;3.607064724401;5.01574088896;0;0;0;0;1.3072941678672;5.7467584440531;0;13.691905447948;0.053358945627234;17.581772584174;0;14.172135958593;26.546075449549;github.com/GreenCharge/PMC.gridmix
ALL;20220102T120218;20190501T180000;20190501T181500;12.264046804283;0;0;3.7752511314715;5.2323656032675;0;0;0;0;0.19317805497296;5.828457887184;0;14.057843029032;0.055193729992273;15.708135555801;0;14.687051550944;27.646539353129;github.com/GreenCharge/PMC.gridmix
ALL;20220102T120218;20190501T181500;20190501T183000;12.529577464789;0;0;3.943661971831;5.3859154929577;0;0;0;0;0.084507042253521;6.0169014084507;0;14.681690140845;0.056338028169014;13.447887323944;0;15.312676056338;27.977464788732;github.com/GreenCharge/PMC.gridmix
ALL;20220102T120218;20190501T183000;20190501T184500;12.836390994849;0;0;4.0743098558944;5.5327275884021;0;0;0;0;0.27200648185659;6.1693385033856;0;15.429133630418;0.057873719543955;11.215926847618;0;15.324960935239;28.508594247352;github.com/GreenCharge/PMC.gridmix
ALL;20220102T120218;20190501T184500;20190501T190000;12.917488199797;0;0;4.2301487721814;5.7357949453307;0;0;0;0;0.30471410647069;6.3571727310749;0;15.940730118898;0.059747864013862;9.0876501165083;0;16.03632670132;28.732747804266;github.com/GreenCharge/PMC.gridmix
ALL;20220102T120218;20190501T190000;20190501T191500;13.357708714199;0;0;4.3631931748934;5.8988421694089;0;0;0;0;0.024375380865326;6.3985374771481;0;15.856185252895;0.060938452163315;7.0262035344302;0;16.520414381475;29.88421694089;github.com/GreenCharge/PMC.gridmix
ALL;20220102T120218;20190501T191500;20190501T193000;13.80062305296;0;0;4.4610591900312;6.0560747663551;0;0;0;0;0.024922118380062;6.5171339563863;0;16.08722741433;0.062305295950156;5.1152647975078;0;16.971962616822;30.280373831776;github.com/GreenCharge/PMC.gridmix
ALL;20220102T120218;20190501T193000;20190501T194500;14.094558429973;0;0;4.562253090353;6.2189371734421;0;0;0;0;0.69453294252581;6.7095705365108;0;16.987383713521;0.063718618580349;3.459920988913;0;16.847202752644;29.724735567733;github.com/GreenCharge/PMC.gridmix
ALL;20220102T120218;20190501T194500;20190501T200000;13.923970699672;0;0;4.5466026774438;6.264208133367;0;0;0;0;3.1763071482698;6.6367769638798;0;16.94872442536;0.063147259408942;2.027027027027;0;16.361454912857;29.420308158626;github.com/GreenCharge/PMC.gridmix
ALL;20220102T120218;20190501T200000;20190501T201500;14.145622356108;0;0;4.6147929752596;6.3581592103576;0;0;0;0;3.4098192539418;6.6850403794385;0;17.183694398154;0.064094346878605;0.99987181130624;0;16.594026406871;29.303935392898;github.com/GreenCharge/PMC.gridmix
ALL;20220102T120218;20190501T201500;20190501T203000;14.324586977648;0;0;4.6906381600259;6.4787819889861;0;0;0;0;1.9954648526077;6.7314544865565;0;17.376093294461;0.064787819889861;0.30450275348235;0;17.240038872692;30.145772594752;github.com/GreenCharge/PMC.gridmix
ALL;20220102T120218;20190501T203000;20190501T204500;14.486868819176;0;0;4.7678302442858;6.5230204990504;0;0;0;0;0.92998886633047;6.7456938895802;0;17.57809941712;0.065492173685245;0.045844521579671;0;17.492959591329;30.709280241011;github.com/GreenCharge/PMC.gridmix
ALL;20220102T120218;20190501T204500;20190501T210000;14.428056374959;0;0;4.7722058341527;6.4765650606359;0;0;0;0;1.2389380530973;6.7322189446083;0;17.620452310718;0.065552277941658;0.0065552277941658;0;17.358243198951;30.645689937725;github.com/GreenCharge/PMC.gridmix
ALL;20220102T120218;20190501T210000;20190501T211500;14.298707204574;0;0;4.7554083024752;5.8468134866498;0;0;0;0;3.4756057948418;6.6653673747807;0;17.462482946794;0.064964594296109;0;0;17.053206002729;29.727798349899;github.com/GreenCharge/PMC.gridmix
ALL;20220102T120218;20190501T211500;20190501T213000;14.248687876628;0;0;4.7430830039526;5.7798224583684;0;0;0;0;3.596189982505;6.6416121298516;0;17.417222834186;0.064796215900991;0;0;17.093241754682;29.767381584915;github.com/GreenCharge/PMC.gridmix
ALL;20220102T120218;20190501T213000;20190501T214500;14.460445847307;0;0;4.8135726967844;5.9183270862103;0;0;0;0;2.2686920497139;6.7074373643717;0;17.662918392845;0.065759189846781;0;0;16.597619517328;30.847635957125;github.com/GreenCharge/PMC.gridmix
ALL;20220102T120218;20190501T214500;20190501T220000;14.592760180995;0;0;4.8709076390737;6.0154378493479;0;0;0;0;1.2975778546713;6.7540590896992;0;17.893265903647;0.066542454085707;0;0;15.990151716795;31.853872770828;github.com/GreenCharge/PMC.gridmix
ALL;20220102T120218;20190501T220000;20190501T221500;14.339894069182;0;0;4.8911266592559;5.8327339305565;0;0;0;0;3.269469692016;6.6566402929445;0;17.583208003662;0.065389393840319;0;0;16.366965278232;30.340678741908;github.com/GreenCharge/PMC.gridmix
ALL;20220102T120218;20190501T221500;20190501T223000;14.360587002096;0;0;4.9266247379455;5.8438155136268;0;0;0;0;2.8825995807128;6.6430817610063;0;17.616614255765;0.065513626834382;0;0;16.581498951782;30.424528301887;github.com/GreenCharge/PMC.gridmix
ALL;20220102T120218;20190501T223000;20190501T224500;14.363445653599;0;0;4.9560770945326;5.9000917792055;0;0;0;0;2.1437000131113;6.6408810803724;0;17.628163104759;0.065556575324505;0;0;16.893929461125;30.752589484725;github.com/GreenCharge/PMC.gridmix
ALL;20220102T120218;20190501T224500;20190501T230000;14.35255354201;0;0;5.0345963756178;5.9835255354201;0;0;0;0;1.9637561779242;6.6952224052718;0;17.719934102142;0.065897858319605;0;0;17.555189456343;29.970345963756;github.com/GreenCharge/PMC.gridmix
ALL;20220102T120218;20190501T230000;20190501T231500;14.238866662294;0;0;4.7484751098577;5.9290352200433;0;0;0;0;2.2168295402374;6.6898406243851;0;17.636256312717;0.065586672788089;0;0;18.036335016725;29.782908113071;github.com/GreenCharge/PMC.gridmix
ALL;20220102T120218;20190501T231500;20190501T233000;14.065035373532;0;0;4.699162718245;5.8674628415655;0;0;0;0;1.8757707535536;6.6203673654832;0;17.427143506198;0.064905562406698;0;0;18.537028623353;30.194067631596;github.com/GreenCharge/PMC.gridmix
ALL;20220102T120218;20190501T233000;20190501T234500;14.249079431878;0;0;4.7869542346134;5.9179379274066;0;0;0;0;0.31562335612835;6.6609679116255;0;17.661756970016;0.065754865860074;0;0;18.799316149395;30.885060494477;github.com/GreenCharge/PMC.gridmix
ALL;20220102T120218;20190501T234500;20190502T000000;14.341547429783;0;0;4.8489666136725;5.5113937466879;0;0;0;0;0.27821939586645;6.6640169581346;0;17.792792792793;0.066242713301537;0;0;18.733439321675;31.100953895072;github.com/GreenCharge/PMC.gridmix
ALL;20220102T120218;20190502T000000;20190502T001500;14.51116758058;0;0;5.1357496322054;4.2530426641701;0;0;0;0;0.39454326601578;6.7272970442691;0;17.968436538719;0.066871740002675;0;0;18.617092416745;31.630333021265;github.com/GreenCharge/PMC.gridmix
ALL;20220102T120218;20190502T001500;20190502T003000;14.616214757858;0;0;5.1800890327803;4.3167408606502;0;0;0;0;0;6.7988668555241;0;18.130311614731;0.06744907594766;0;0;18.73735329826;31.451504114394;github.com/GreenCharge/PMC.gridmix
ALL;20220102T120218;20190502T003000;20190502T004500;14.600067499156;0;0;5.18393520081;4.319946000675;0;0;0;0;0;6.8309146135673;0;18.137023287209;0.067499156260547;0;0;18.555518056024;31.603104961188;github.com/GreenCharge/PMC.gridmix
ALL;20220102T120218;20190502T004500;20190502T010000;14.458961474037;0;0;5.1457286432161;4.2881072026801;0;0;0;0;0;6.8073701842546;0;18.003350083752;0.067001675041876;0;0;18.881072026801;31.651591289782;github.com/GreenCharge/PMC.gridmix
ALL;20220102T120218;20190502T010000;20190502T011500;14.258328926494;0;0;5.0502379693284;4.2305658381809;0;0;0;0;0;6.70941300899;0;17.70888418826;0.066102591221576;0;0;19.744843997885;31.544156530936;github.com/GreenCharge/PMC.gridmix
ALL;20220102T120218;20190502T011500;20190502T013000;14.217915760332;0;0;5.0359238019906;4.1922088194582;0;0;0;0;0;6.6706215806473;0;17.467536747742;0.065915233010349;0;0;20.288708720585;31.375650912926;github.com/GreenCharge/PMC.gridmix
ALL;20220102T120218;20190502T013000;20190502T014500;14.130434782609;0;0;5.0026191723415;4.1382922996333;0;0;0;0;0;6.600314300681;0;17.299633315872;0.065479308538502;0;0;20.449188056574;31.63305395495;github.com/GreenCharge/PMC.gridmix
ALL;20220102T120218;20190502T014500;20190502T020000;14.040917383372;0;0;5.0299713317696;4.1438623924941;0;0;0;0;0;6.5415689340631;0;17.064112587959;0.065155069064373;0;0;20.966901224915;31.469898358092;github.com/GreenCharge/PMC.gridmix
ALL;20220102T120218;20190502T020000;20190502T021500;13.983877259134;0;0;4.9928487842933;4.1347028994929;0;0;0;0;0;6.5466129241971;0;17.143414380445;0.065011051878819;0;0;21.141594070992;31.315823690027;github.com/GreenCharge/PMC.gridmix
ALL;20220102T120218;20190502T021500;20190502T023000;13.930283789037;0;0;4.9760269534793;4.1207723208501;0;0;0;0;0;6.5310353764416;0;17.189322275496;0.064792017623429;0;0;21.012051315278;31.501878968511;github.com/GreenCharge/PMC.gridmix
ALL;20220102T120218;20190502T023000;20190502T024500;13.957562779833;0;0;4.9834533774577;4.1528778145481;0;0;0;0;0;6.5278048147427;0;17.299331646227;0.064888715852313;0;0;21.056388294076;31.2828499124;github.com/GreenCharge/PMC.gridmix
ALL;20220102T120218;20190502T024500;20190502T030000;13.893731034928;0;0;4.9583575440635;4.1319646200529;0;0;0;0;0;6.4884756924269;0;17.19930273097;0.064561947188327;0;0;20.74375363161;31.848408548002;github.com/GreenCharge/PMC.gridmix
ALL;20220102T120218;20190502T030000;20190502T031500;13.762464842751;0;0;4.9603681922782;4.1933009460496;0;0;0;0;0;6.4561493224239;0;17.041677320378;0.063922270519049;0;0;20.723600102276;32.133725389926;github.com/GreenCharge/PMC.gridmix
ALL;20220102T120218;20190502T031500;20190502T033000;13.608533737297;0;0;4.8980622356877;4.1406299311999;0;0;0;0;0;6.3687432935681;0;16.802373287887;0.063119358707316;0;0;20.917755475604;32.544341349492;github.com/GreenCharge/PMC.gridmix
ALL;20220102T120218;20190502T033000;20190502T034500;13.556016858527;0;0;4.881424168082;4.1265647606467;0;0;0;0;0;6.3408190224571;0;16.770459835189;0.062904950619614;0;0;20.400075485941;33.207523432094;github.com/GreenCharge/PMC.gridmix
ALL;20220102T120218;20190502T034500;20190502T040000;13.575658309185;0;0;4.8884969131914;4.1073453445886;0;0;0;0;0;6.3563059090336;0;16.794758724959;0.062996094242157;0;0;19.906765780522;33.65251354416;github.com/GreenCharge/PMC.gridmix
ALL;20220102T120218;20190502T040000;20190502T041500;13.399950347567;0;0;4.8411122144985;4.1708043694141;0;0;0;0;0;6.2872393247269;0;16.614945382324;0.062065541211519;0;0;19.637537239325;34.340863952334;github.com/GreenCharge/PMC.gridmix
ALL;20220102T120218;20190502T041500;20190502T043000;13.402959094865;0;0;4.9732686808405;4.2272783787144;0;0;0;0;0;6.2974014671143;0;16.735049111028;0.062165858510506;0;0;18.898420987194;34.756931493224;github.com/GreenCharge/PMC.gridmix
ALL;20220102T120218;20190502T043000;20190502T044500;13.46477818681;0;0;4.9666188307232;4.3177138578649;0;0;0;0;0;6.3143445435827;0;16.809134585387;0.062394708928683;0;0;17.988394584139;35.427715729706;github.com/GreenCharge/PMC.gridmix
ALL;20220102T120218;20190502T044500;20190502T050000;13.436355737603;0;0;4.9649351455347;4.3939676037982;0;0;0;0;0;6.2371997765779;0;16.72562527152;0.062061689319183;0;0;17.445540867622;36.088872339105;github.com/GreenCharge/PMC.gridmix
ALL;20220102T120218;20190502T050000;20190502T051500;13.277424094025;0;0;5.3379040156709;4.2850146914789;0;0;0;0;0;6.1214495592556;0;16.497306562194;0.061214495592556;0;0;17.311459353575;36.496082272282;github.com/GreenCharge/PMC.gridmix
ALL;20220102T120218;20190502T051500;20190502T053000;13.171945152287;0;0;5.3148889697852;4.2955951947579;0;0;0;0;0;6.0490231767989;0;16.351170974396;0.06067224851353;0;0;17.431136997937;36.718844800388;github.com/GreenCharge/PMC.gridmix
ALL;20220102T120218;20190502T053000;20190502T054500;13.25271772322;0;0;5.3499450348113;4.3972150971052;0;0;0;0;0;6.1133504336143;0;16.465127641383;0.061072431904238;0.0061072431904238;0;17.014779528521;36.728960547209;github.com/GreenCharge/PMC.gridmix
ALL;20220102T120218;20190502T054500;20190502T060000;13.290559120073;0;0;5.3528872593951;4.4974029941949;0;0;0;0;0.24442407577146;6.1472655056523;0;16.498625114574;0.061106018942866;0.042774213260006;0;16.681943171402;36.571952337305;github.com/GreenCharge/PMC.gridmix
ALL;20220102T120218;20190502T060000;20190502T061500;12.999940394588;0;0;5.5790665792454;4.5061691601597;0;0;0;0;0.017881623651428;5.9188174286225;0;16.069619121416;0.059605412171425;0.29206651963998;0;16.45705430053;37.503725338261;github.com/GreenCharge/PMC.gridmix
ALL;20220102T120218;20190502T061500;20190502T063000;12.707728065078;0;0;5.5316676350959;4.6252178965718;0;0;0;0;0.017431725740848;5.7931435212086;0;15.665310865776;0.058105752469494;0.92969203951191;0;16.798373038931;37.292271934922;github.com/GreenCharge/PMC.gridmix
ALL;20220102T120218;20190502T063000;20190502T064500;12.206677442729;0;0;5.350872303662;4.659717964439;0;0;0;0;2.7256005796778;5.5403823644167;0;15.0326068781;0.055738253163146;1.9173959088122;0;16.186388718578;35.767237054791;github.com/GreenCharge/PMC.gridmix
ALL;20220102T120218;20190502T064500;20190502T070000;12.069439103444;0;0;5.3397791572818;4.8123935615009;0;0;0;0;3.00499917596;5.4990935560073;0;14.827226281382;0.054935999560512;3.2851727737186;0;16.244575070043;34.313025325496;github.com/GreenCharge/PMC.gridmix
ALL;20220102T120218;20190502T070000;20190502T071500;11.977351916376;0;0;5.5095818815331;5.0522648083624;0;0;0;0;2.6295731707317;5.4769163763066;0;14.677700348432;0.054442508710801;4.9052700348432;0;15.989764808362;33.182709059233;github.com/GreenCharge/PMC.gridmix
ALL;20220102T120218;20190502T071500;20190502T073000;11.562696912413;0;0;5.5030455786599;4.9989498004621;0;0;0;0;4.0537702163411;5.2825036756984;0;14.167191766436;0.05250997689561;6.6162570888469;0;15.621718126444;31.616257088847;github.com/GreenCharge/PMC.gridmix
ALL;20220102T120218;20190502T073000;20190502T074500;11.333779815568;0;0;5.4608211838648;4.9868631188501;0;0;0;0;4.0801607336047;5.1877801246716;0;13.914790582659;0.051517180979857;8.6548864046159;0;15.573643810211;30.240585235176;github.com/GreenCharge/PMC.gridmix
ALL;20220102T120218;20190502T074500;20190502T080000;11.083681797572;0;0;5.3604715602801;4.9372764371001;0;0;0;0;4.0304297445715;5.0481132550758;0;13.597662350748;0.050380371807144;10.741095269283;0;15.15945387677;29.487631618721;github.com/GreenCharge/PMC.gridmix
ALL;20220102T120218;20190502T080000;20190502T081500;10.783834034641;0;0;5.3038457774733;4.9711322047167;0;0;0;0;4.5601330854291;4.8928466581857;0;13.196007437127;0.048928466581857;12.745865544574;0;14.595361581368;28.412760544085;github.com/GreenCharge/PMC.gridmix
ALL;20220102T120218;20190502T081500;20190502T083000;10.700247488717;0;0;5.2215266656961;4.9885961081186;0;0;0;0;4.0229048381618;4.8527199495317;0;13.092638423837;0.048527199495317;15.164749842287;0;14.009802494298;27.413014994905;github.com/GreenCharge/PMC.gridmix
ALL;20220102T120218;20190502T083000;20190502T084500;10.684360924105;0;0;5.2114108587204;4.9789315639076;0;0;0;0;2.8188114496053;4.8239453673657;0;13.07696033322;0.048433186419335;17.789509371822;0;13.047900421369;27.035404659273;github.com/GreenCharge/PMC.gridmix
ALL;20220102T120218;20190502T084500;20190502T090000;10.288353863382;0;0;5.0205300485256;4.8338932437477;0;0;0;0;4.4326241134752;4.7265770810004;0;12.579320642031;0.046659201194476;19.652855543113;0;12.178051511758;25.774542739828;github.com/GreenCharge/PMC.gridmix
ALL;20220102T120218;20190502T090000;20190502T091500;10.073026015518;0;0;5.2396166134185;5.038795070744;0;0;0;0;3.7973528069375;4.628023733455;0;12.300319488818;0.045641259698768;21.48790506618;0;11.574623459607;25.376540392515;github.com/GreenCharge/PMC.gridmix
ALL;20220102T120218;20190502T091500;20190502T093000;9.7276093088858;0;0;6.2235543018336;4.8307475317348;0;0;0;0;3.4599788434415;4.4516925246827;0;11.878526093089;0.044076163610719;23.020980253879;0;11.578808180536;24.360895627645;github.com/GreenCharge/PMC.gridmix
ALL;20220102T120218;20190502T093000;20190502T094500;9.5514123804992;0;0;5.969632737812;4.6718864904616;0;0;0;0;2.8290868192239;4.4296405242895;0;11.463425184929;0.043258208245014;24.60094302894;0;11.891681446554;24.133754379894;github.com/GreenCharge/PMC.gridmix
ALL;20220102T120218;20190502T094500;20190502T100000;9.4481103779244;0;0;5.2103864941297;4.5590881823635;0;0;0;0;2.6651812494644;4.3876938897935;0;11.204901876768;0.042848573142514;26.403290770417;0;11.967606478704;23.699545805125;github.com/GreenCharge/PMC.gridmix
ALL;20220102T120218;20190502T100000;20190502T101500;9.4581280788177;0;0;4.831869779396;4.5063182694367;0;0;0;0;0.65967016491754;4.4035125294496;0;11.021632041122;0.042835724994646;28.520025701435;0;12.469479545941;23.675305204541;github.com/GreenCharge/PMC.gridmix
ALL;20220102T120218;20190502T101500;20190502T103000;9.3409620682348;0;0;4.780673871583;4.3907607543971;0;0;0;0;0.21614748887476;4.3483788938334;0;10.64208518754;0.042381860563679;30.002119093028;0;12.066115702479;23.763509218055;github.com/GreenCharge/PMC.gridmix
ALL;20220102T120218;20190502T103000;20190502T104500;9.0785517156156;0;0;4.6463731103514;4.2838901017424;0;0;0;0;0.168884129011;4.2097458499815;0;10.277217119084;0.041191250978292;30.811055731763;0;12.064917411542;24.02273757054;github.com/GreenCharge/PMC.gridmix
ALL;20220102T120218;20190502T104500;20190502T110000;8.9044421069666;0;0;4.5634760093859;4.1912776114572;0;0;0;0;0.16587102516385;4.1144105510155;0;10.097904361194;0.040456347600939;31.758232866737;0;12.282547131645;23.493001051865;github.com/GreenCharge/PMC.gridmix
ALL;20220102T120218;20190502T110000;20190502T111500;8.794320583895;0;0;4.4669564870578;4.0681210864276;0;0;0;0;0.063813664100826;4.0441909623898;0;9.799385793483;0.039883540063016;32.600805647509;0;12.200374905277;23.523311929167;github.com/GreenCharge/PMC.gridmix
ALL;20220102T120218;20190502T111500;20190502T113000;8.7229753764673;0;0;4.410892850085;3.9998419034821;0;0;0;0;0;3.9405557092605;0;9.4778862495554;0.039524129481048;33.11726809217;0;12.327575985139;23.568238409549;github.com/GreenCharge/PMC.gridmix
ALL;20220102T120218;20190502T113000;20190502T114500;8.6269602283837;0;0;4.3017480739901;3.9419655078018;0;0;0;0;0;3.9419655078018;0;9.4403816823746;0.039106800672637;33.103906769387;0;11.806343123069;24.406554299793;github.com/GreenCharge/PMC.gridmix
ALL;20220102T120218;20190502T114500;20190502T120000;8.5169836167164;0;0;4.2604283667067;3.826639296642;0;0;0;0;0;3.9389596808552;0;9.2567489058445;0.038731166970061;32.944730624734;0;11.301754521864;25.527712149967;github.com/GreenCharge/PMC.gridmix
ALL;20220102T120218;20190502T120000;20190502T121500;8.3880825057296;0;0;4.1864018334607;3.3460656990069;0;0;0;0;0;3.9533995416348;0;8.9954163483575;0.038197097020626;32.433155080214;0;11.634835752483;26.657754010695;github.com/GreenCharge/PMC.gridmix
ALL;20220102T120218;20190502T121500;20190502T123000;8.3580952380952;0;0;4.16;3.3219047619048;0;0;0;0;0;4.0342857142857;0;8.7847619047619;0.038095238095238;31.817142857143;0;12.194285714286;26.925714285714;github.com/GreenCharge/PMC.gridmix
ALL;20220102T120218;20190502T123000;20190502T124500;8.3813594900958;0;0;4.1677798557307;3.3433838403114;0;0;0;0;0;3.9960306858517;0;8.8011907942445;0.038166482195336;31.090416396321;0;12.381206824167;27.434067402008;github.com/GreenCharge/PMC.gridmix
ALL;20220102T120218;20190502T124500;20190502T130000;8.3690003057169;0;0;4.1424640782635;3.3781718129013;0;0;0;0;0;4.0660348517273;0;8.793182512993;0.038214613268114;30.460868236013;0;12.473249770712;27.91195353103;github.com/GreenCharge/PMC.gridmix
ALL;20220102T120218;20190502T130000;20190502T131500;8.349870248817;0;0;4.1215081666921;3.4345901389101;0;0;0;0;0;4.087162265303;0;8.777285910548;0.038162112654557;30.033582659136;0;12.200427415662;28.591054800794;github.com/GreenCharge/PMC.gridmix
ALL;20220102T120218;20190502T131500;20190502T133000;8.3301606639762;0;0;4.111779486789;3.4112540927435;0;0;0;0;0;4.0927434706465;0;8.7489530191122;0.038072032285083;29.559125866139;0;12.358181679738;28.984238178634;github.com/GreenCharge/PMC.gridmix
ALL;20220102T120218;20190502T133000;20190502T134500;8.2126154899053;0;0;4.1063077449527;3.4067145735904;0;0;0;0;0;4.0987034713509;0;8.7335082316262;0.038021368008821;29.322079008403;0;12.615489905327;29.101555073952;github.com/GreenCharge/PMC.gridmix
ALL;20220102T120218;20190502T134500;20190502T140000;8.2997643839781;0;0;4.1042790909782;3.3898305084746;0;0;0;0;0;4.0776772820552;0;8.7291935851638;0.038002584175724;28.748954928935;0;13.034886372273;29.212586455879;github.com/GreenCharge/PMC.gridmix
ALL;20220102T120218;20190502T140000;20190502T141500;8.4069776377469;0;0;4.1343272112503;3.3043879197725;0;0;0;0;0;3.996003996004;0;8.8219472834857;0.038423115346192;27.845231691386;0;13.209867056021;29.873972181664;github.com/GreenCharge/PMC.gridmix
ALL;20220102T120218;20190502T141500;20190502T143000;8.3457298699317;0;0;4.1194644696189;3.2497997482549;0;0;0;0;0;3.9974062631117;0;8.7691192737537;0.038143189533509;27.672884006561;0;12.919098294999;30.522180264714;github.com/GreenCharge/PMC.gridmix
ALL;20220102T120218;20190502T143000;20190502T144500;8.416547788873;0;0;4.1793576743648;3.315726568223;0;0;0;0;0;3.9326059297529;0;8.8599298299726;0.038554960095616;27.435709604041;0;12.22577784632;31.22566218144;github.com/GreenCharge/PMC.gridmix
ALL;20220102T120218;20190502T144500;20190502T150000;8.4910804705149;0;0;4.2221702890083;3.3652722598738;0;0;0;0;0;3.972890862351;0;8.9584793954974;0.038949910415206;27.097452675859;0;12.230271870375;31.24951312612;github.com/GreenCharge/PMC.gridmix
ALL;20220102T120218;20190502T150000;20190502T151500;8.643001305948;0;0;4.0682258894297;3.4983576714551;0;0;0;0;0;4.1948632712019;0;9.0981043966916;0.039574181803791;26.625509517591;0;12.078040286517;31.342751988603;github.com/GreenCharge/PMC.gridmix
ALL;20220102T120218;20190502T151500;20190502T153000;8.7459009837639;0;0;4.1110133567944;3.5191554027034;0;0;0;0;0;4.3109653683116;0;9.1817963688715;0.039990402303447;25.74982004319;0;11.741182116292;32.184275773814;github.com/GreenCharge/PMC.gridmix
ALL;20220102T120218;20190502T153000;20190502T154500;8.9060593737292;0;0;4.1805612037414;3.5624237494917;0;0;0;0;0;4.3310288735258;0;9.3371289141928;0.040666937779585;23.350955673038;0;11.7527450183;34.115494103294;github.com/GreenCharge/PMC.gridmix
