LOC;Time;Start;End;Biomass;Lignite;Coal;Gas;HardCoal;Oil;Shale;Peat;Geothermal;HydroPumped;Hydro;Marine;Nuclear;OtherRES;Solar;Waste;WindOffShore;WindOnShore;SwID
ALL;20220102T120220;20200901T000000;20200901T001500;14.774544291653;0;0;11.832427246562;19.155740326191;0;0;0;0;0;10.361368724017;0;31.915574032619;0.09593859929645;0;0;2.0786696514231;9.2101055324592;github.com/GreenCharge/PMC.gridmix
ALL;20220102T120220;20200901T001500;20200901T003000;14.704010184596;0;0;11.775938892425;19.032463399109;0;0;0;0;0;10.280076384468;0;31.763208147677;0.095480585614258;0;0;2.0687460216423;9.7071928707829;github.com/GreenCharge/PMC.gridmix
ALL;20220102T120220;20200901T003000;20200901T004500;14.82428115016;0;0;11.821086261981;18.722044728435;0;0;0;0;0;10.38338658147;0;31.884984025559;0.095846645367412;0;0;2.2364217252396;9.4568690095847;github.com/GreenCharge/PMC.gridmix
ALL;20220102T120220;20200901T004500;20200901T010000;15.003219575016;0;0;11.912427559562;18.544752092724;0;0;0;0;0;10.334835801674;0;32.131358660657;0.096587250482936;0;0;2.3180940115905;9.079201545396;github.com/GreenCharge/PMC.gridmix
ALL;20220102T120220;20200901T010000;20200901T011500;15.1065203357;0;0;11.975468043899;18.269851517108;0;0;0;0;0;10.458360232408;0;32.214331826985;0.096836668818593;0;0;2.2595222724338;9.0380890897353;github.com/GreenCharge/PMC.gridmix
ALL;20220102T120220;20200901T011500;20200901T013000;15.145631067961;0;0;12.006472491909;17.89644012945;0;0;0;0;0;10.582524271845;0;32.297734627832;0.097087378640777;0;0;2.3624595469256;9.0291262135922;github.com/GreenCharge/PMC.gridmix
ALL;20220102T120220;20200901T013000;20200901T014500;15.341838403664;0;0;12.136081125286;17.337258750409;0;0;0;0;0;10.66404972195;0;32.64638534511;0.098135426889107;0;0;2.3552502453386;8.8321884200196;github.com/GreenCharge/PMC.gridmix
ALL;20220102T120220;20200901T014500;20200901T020000;15.58872305141;0;0;12.305140961857;16.81592039801;0;0;0;0;0;10.812603648425;0;33.101160862355;0.099502487562189;0;0;2.3217247097844;8.3582089552239;github.com/GreenCharge/PMC.gridmix
ALL;20220102T120220;20200901T020000;20200901T021500;15.7;0;0;12.366666666667;16.8;0;0;0;0;0;10.933333333333;0;33.266666666667;0.1;0;0;2.3666666666667;7.8666666666667;github.com/GreenCharge/PMC.gridmix
ALL;20220102T120220;20200901T021500;20200901T023000;15.668662674651;0;0;12.341982701264;16.766467065868;0;0;0;0;0;10.84497671324;0;33.233532934132;0.099800399201597;0;0;2.5282767797738;7.91749833666;github.com/GreenCharge/PMC.gridmix
ALL;20220102T120220;20200901T023000;20200901T024500;15.701929474385;0;0;12.341982701264;16.733200266134;0;0;0;0;0;10.711909514305;0;33.233532934132;0.099800399201597;0;0;2.6946107784431;7.8842315369261;github.com/GreenCharge/PMC.gridmix
ALL;20220102T120220;20200901T024500;20200901T030000;15.670650730412;0;0;12.317397078353;16.666666666667;0;0;0;0;0;10.590969455511;0;33.167330677291;0.099601593625498;0;0;2.8552456839309;8.0345285524568;github.com/GreenCharge/PMC.gridmix
ALL;20220102T120220;20200901T030000;20200901T031500;15.675855197609;0;0;12.354699435404;16.17402856194;0;0;0;0;0;10.627698439057;0;33.17834606443;0.099634672866157;0;0;2.9890401859847;8.3028894055131;github.com/GreenCharge/PMC.gridmix
ALL;20220102T120220;20200901T031500;20200901T033000;15.696707682075;0;0;12.371134020619;16.195543731294;0;0;0;0;0;10.542068506817;0;33.222480877951;0.099767209843698;0;0;3.1592949783838;8.1143997339541;github.com/GreenCharge/PMC.gridmix
ALL;20220102T120220;20200901T033000;20200901T034500;15.735196274118;0;0;12.375249500998;16.234198270126;0;0;0;0;0;10.512308715902;0;33.233532934132;0.099800399201597;0;0;3.226879574185;7.9840319361277;github.com/GreenCharge/PMC.gridmix
ALL;20220102T120220;20200901T034500;20200901T040000;15.670650730412;0;0;12.350597609562;16.135458167331;0;0;0;0;0;10.458167330677;0;33.167330677291;0.099601593625498;0;0;3.2868525896414;8.2337317397078;github.com/GreenCharge/PMC.gridmix
ALL;20220102T120220;20200901T040000;20200901T041500;15.70385126162;0;0;12.284196547145;16.035856573705;0;0;0;0;0;10.524568393094;0;33.167330677291;0.099601593625498;0;0;3.2204515272244;8.3665338645418;github.com/GreenCharge/PMC.gridmix
ALL;20220102T120220;20200901T041500;20200901T043000;15.821094793057;0;0;12.349799732977;16.154873164219;0;0;0;0;0;10.580774365821;0;33.344459279039;0.10013351134846;0;0;3.0040053404539;8.0440587449933;github.com/GreenCharge/PMC.gridmix
ALL;20220102T120220;20200901T043000;20200901T044500;15.805268422808;0;0;12.337445815272;16.272090696899;0;0;0;0;0;10.636878959653;0;33.311103701234;0.10003334444815;0;0;3.134378126042;7.8026008669557;github.com/GreenCharge/PMC.gridmix
ALL;20220102T120220;20200901T044500;20200901T050000;15.740432612313;0;0;12.312811980033;16.738768718802;0;0;0;0;0;10.648918469218;0;33.24459234609;0.099833610648918;0;0;3.1281198003328;7.4875207986689;github.com/GreenCharge/PMC.gridmix
ALL;20220102T120220;20200901T050000;20200901T051500;15.643564356436;0;0;12.145214521452;17.293729372937;0;0;0;0;0;10.561056105611;0;33.003300330033;0.099009900990099;0;0;3.3003300330033;7.3927392739274;github.com/GreenCharge/PMC.gridmix
ALL;20220102T120220;20200901T051500;20200901T053000;15.551181102362;0;0;12.073490813648;17.58530183727;0;0;0;0;0;10.531496062992;0;32.874015748031;0.098425196850394;0;0;3.2808398950131;7.4475065616798;github.com/GreenCharge/PMC.gridmix
ALL;20220102T120220;20200901T053000;20200901T054500;15.369649805447;0;0;11.932555123217;18.677042801556;0;0;0;0;0;10.440985732815;0;32.490272373541;0.09727626459144;0;0;2.9507133592737;7.4902723735409;github.com/GreenCharge/PMC.gridmix
ALL;20220102T120220;20200901T054500;20200901T060000;15.169980756895;0;0;11.80243745991;19.435535599743;0;0;0;0;0;10.359204618345;0;32.16805644644;0.096215522771007;0;0;2.7261064785119;7.6972418216806;github.com/GreenCharge/PMC.gridmix
ALL;20220102T120220;20200901T060000;20200901T061500;14.908401768793;0;0;11.907770056854;20.246367656349;0;0;0;0;0;10.10739102969;0;31.680353758686;0.094756790903348;0;0;2.463676563487;8.0859128237524;github.com/GreenCharge/PMC.gridmix
ALL;20220102T120220;20200901T061500;20200901T063000;14.559505409583;0;0;11.653786707883;20.80370942813;0;0;0;0;0.34003091190108;9.9227202472952;0;30.97372488408;0.09273570324575;0.09273570324575;0;2.7511591962906;8.3153013910355;github.com/GreenCharge/PMC.gridmix
ALL;20220102T120220;20200901T063000;20200901T064500;14.093357271095;0;0;11.280670257331;21.125074805506;0;0;0;0;0.56852184320766;9.7247157390784;0;29.982046678636;0.089766606822262;0.98743267504488;0;2.722920406942;8.9467384799521;github.com/GreenCharge/PMC.gridmix
ALL;20220102T120220;20200901T064500;20200901T070000;13.866666666667;0;0;11.17037037037;21.244444444444;0;0;0;0;0.11851851851852;9.4222222222222;0;29.688888888889;0.088888888888889;1.4222222222222;0;2.4;10.103703703704;github.com/GreenCharge/PMC.gridmix
ALL;20220102T120220;20200901T070000;20200901T071500;13.813459268005;0;0;11.216056670602;20.808736717828;0;0;0;0;1.1216056670602;9.297520661157;0;29.574970484061;0.088547815820543;1.357733175915;0;2.0070838252656;10.242030696576;github.com/GreenCharge/PMC.gridmix
ALL;20220102T120220;20200901T071500;20200901T073000;13.69622475856;0;0;11.150131694469;20.134621012584;0;0;0;0;1.1706175007316;9.2186128182616;0;29.323968393327;0.087796312554873;2.516827626573;0;1.9607843137255;10.27216856892;github.com/GreenCharge/PMC.gridmix
ALL;20220102T120220;20200901T073000;20200901T074500;13.379073756432;0;0;10.891938250429;19.639794168096;0;0;0;0;1.0577472841624;8.9193825042882;0;28.616352201258;0.085763293310463;4.0308747855918;0;2.6014865637507;10.320182961692;github.com/GreenCharge/PMC.gridmix
ALL;20220102T120220;20200901T074500;20200901T080000;13.041049986037;0;0;10.639486177046;19.324211114214;0;0;0;0;1.1449315833566;8.6009494554594;0;27.925160569673;0.08377548170902;5.7805082379224;0;2.904216699246;10.108908126222;github.com/GreenCharge/PMC.gridmix
ALL;20220102T120220;20200901T080000;20200901T081500;12.39713299708;0;0;10.087602867003;17.81258295726;0;0;0;0;4.3535970268118;8.388638173613;0;26.572869657552;0.079638970002655;7.3533315635784;0;3.2917440934431;9.2381205203079;github.com/GreenCharge/PMC.gridmix
ALL;20220102T120220;20200901T081500;20200901T083000;12.322274881517;0;0;10.005265929437;17.561874670879;0;0;0;0;3.6071616640337;8.3728278041074;0;26.329647182728;0.078988941548183;9.3733543970511;0;3.6861506055819;8.2411795681938;github.com/GreenCharge/PMC.gridmix
ALL;20220102T120220;20200901T083000;20200901T084500;12.30648123852;0;0;9.9711361847284;17.318289162949;0;0;0;0;2.9651010233535;8.1868276043033;0;26.239832065075;0.078719496195224;11.440566780373;0;3.8310154815009;7.2421936499606;github.com/GreenCharge/PMC.gridmix
ALL;20220102T120220;20200901T084500;20200901T090000;12.443499069396;0;0;10.103695825578;17.442169635735;0;0;0;0;1.4357883541611;8.2956660462643;0;26.588673225206;0.079766019675618;13.799521403882;0;3.5097048657272;5.8760967827705;github.com/GreenCharge/PMC.gridmix
ALL;20220102T120220;20200901T090000;20200901T091500;12.181818181818;0;0;9.8441558441558;17.038961038961;0;0;0;0;2.8051948051948;8.1038961038961;0;25.974025974026;0.077922077922078;15.636363636364;0;3.3506493506494;4.5714285714286;github.com/GreenCharge/PMC.gridmix
ALL;20220102T120220;20200901T091500;20200901T093000;12.271062271062;0;0;9.9162742019885;17.189952904239;0;0;0;0;0.49712192569335;8.1109366823653;0;26.164311878598;0.078492935635793;18.001046572475;0;3.3751962323391;3.9769754055468;github.com/GreenCharge/PMC.gridmix
ALL;20220102T120220;20200901T093000;20200901T094500;12.061855670103;0;0;9.7680412371134;16.907216494845;0;0;0;0;0.33505154639175;7.9381443298969;0;25.721649484536;0.077319587628866;19.845360824742;0;3.1185567010309;3.8144329896907;github.com/GreenCharge/PMC.gridmix
ALL;20220102T120220;20200901T094500;20200901T100000;11.754341807199;0;0;9.5393908884974;16.511452303046;0;0;0;0;0.50339793606846;7.8026680090612;0;25.119557009816;0.075509690410269;21.46992197332;0;2.7183488547697;4.102693178958;github.com/GreenCharge/PMC.gridmix
ALL;20220102T120220;20200901T100000;20200901T101500;11.453744493392;0;0;9.2266275085658;16.324033284386;0;0;0;0;0.61184532550171;7.513460597161;0;24.424865394028;0.073421439060206;23.103279490945;0;2.3005384238864;4.5521292217327;github.com/GreenCharge/PMC.gridmix
ALL;20220102T120220;20200901T101500;20200901T103000;11.180124223602;0;0;9.0062111801242;15.95795508839;0;0;0;0;0.33444816053512;7.4056378404204;0;23.841376015289;0.071667462971811;24.581939799331;0;2.1022455805064;5.1122790253225;github.com/GreenCharge/PMC.gridmix
ALL;20220102T120220;20200901T103000;20200901T104500;10.929853181077;0;0;8.7858308086693;15.334420880914;0;0;0;0;0.13982754602657;7.5040783034258;0;23.257981822419;0.069913773013284;25.798182241902;0;2.0041948263808;5.7795385690981;github.com/GreenCharge/PMC.gridmix
ALL;20220102T120220;20200901T104500;20200901T110000;10.700433493041;0;0;8.60141455624;14.830025096966;0;0;0;0;0.022815423226101;7.4150125484828;0;22.792607802875;0.068446269678303;27.013461099703;0;1.9849418206708;6.1829796942733;github.com/GreenCharge/PMC.gridmix
ALL;20220102T120220;20200901T110000;20200901T111500;10.567646398923;0;0;8.4137312093336;14.426744446937;0;0;0;0;0.044873233116446;7.3367736145389;0;22.391743325107;0.067309849674669;28.270136863361;0;1.7949293246578;6.2822526363024;github.com/GreenCharge/PMC.gridmix
ALL;20220102T120220;20200901T111500;20200901T113000;10.420353982301;0;0;8.2964601769912;14.247787610619;0;0;0;0;0.066371681415929;7.146017699115;0;22.079646017699;0.066371681415929;29.247787610619;0;1.570796460177;6.4601769911504;github.com/GreenCharge/PMC.gridmix
ALL;20220102T120220;20200901T113000;20200901T114500;10.349373764008;0;0;8.2399472643375;14.128762909251;0;0;0;0;0.0219731927049;7.0973412436827;0;21.92924631949;0.0659195781147;30.257086354647;0;1.3403647549989;6.1744671500769;github.com/GreenCharge/PMC.gridmix
ALL;20220102T120220;20200901T114500;20200901T120000;10.187783293762;0;0;8.0941074897475;13.684437729333;0;0;0;0;0.3237642995899;6.9933088711418;0;21.541118066048;0.06475285991798;31.210878480466;0;1.2734729117203;6.2378588387654;github.com/GreenCharge/PMC.gridmix
ALL;20220102T120220;20200901T120000;20200901T121500;10.087438686287;0;0;7.9121347835359;13.670292173171;0;0;0;0;0.042653017701002;7.0164214118149;0;21.2838558328;0.063979526551504;31.968436766901;0;1.2795905310301;6.2913201108978;github.com/GreenCharge/PMC.gridmix
ALL;20220102T120220;20200901T121500;20200901T123000;9.9557987792044;0;0;7.8088823405599;13.660282045885;0;0;0;0;0.021048200378868;6.9038097242686;0;21.00610397811;0.063144601136603;32.456324984214;0;1.2839402231109;6.4617975163124;github.com/GreenCharge/PMC.gridmix
ALL;20220102T120220;20200901T123000;20200901T124500;9.843912591051;0;0;7.7211238293444;13.277835587929;0;0;0;0;0.020811654526535;6.7845993756504;0;20.770031217482;0.062434963579605;33.173777315297;0;1.4151925078044;6.5556711758585;github.com/GreenCharge/PMC.gridmix
ALL;20220102T120220;20200901T124500;20200901T130000;9.7682119205298;0;0;7.6986754966887;13.079470198675;0;0;0;0;0.020695364238411;6.8501655629139;0;20.653973509934;0.062086092715232;33.505794701987;0;1.4486754966887;6.5397350993377;github.com/GreenCharge/PMC.gridmix
ALL;20220102T120220;20200901T130000;20200901T131500;9.6169519152404;0;0;7.5794621026895;13.38630806846;0;0;0;0;0.061124694376528;6.7644661776691;0;20.334148329258;0.061124694376528;33.577832110839;0;1.4262428687857;6.8255908720456;github.com/GreenCharge/PMC.gridmix
ALL;20220102T120220;20200901T131500;20200901T133000;9.5449949443883;0;0;7.5227502527806;13.427704752275;0;0;0;0;0.020222446916077;6.5925176946411;0;20.182002022245;0.060667340748231;33.629929221436;0;1.5369059656218;7.118301314459;github.com/GreenCharge/PMC.gridmix
ALL;20220102T120220;20200901T133000;20200901T134500;9.5343680709534;0;0;7.4984882080226;13.364241080427;0;0;0;0;0.16125781092522;6.5712557952026;0;20.116911912921;0.060471679096956;33.662568030639;0;1.5117919774239;7.1558153598065;github.com/GreenCharge/PMC.gridmix
ALL;20220102T120220;20200901T134500;20200901T140000;9.4464500601685;0;0;7.4608904933815;13.317288407541;0;0;0;0;0.020056157240273;6.4781387886081;0;20.016044925792;0.060168471720818;33.8146811071;0;1.5844364219815;7.4408343361412;github.com/GreenCharge/PMC.gridmix
ALL;20220102T120220;20200901T140000;20200901T141500;9.4362255097961;0;0;7.437025189924;13.27469012395;0;0;0;0;0.039984006397441;6.437425029988;0;19.952019192323;0.059976009596162;33.386645341863;0;1.6793282686925;7.936825269892;github.com/GreenCharge/PMC.gridmix
ALL;20220102T120220;20200901T141500;20200901T143000;9.4988931374522;0;0;7.4864157778225;13.342724894345;0;0;0;0;0.020124773596297;6.4801770980076;0;20.084524049104;0.060374320788891;32.984503924331;0;1.7508553028778;7.929160796941;github.com/GreenCharge/PMC.gridmix
ALL;20220102T120220;20200901T143000;20200901T144500;9.5122934300685;0;0;7.496977025393;13.099556630391;0;0;0;0;0.080612656187021;6.4490124949617;0;20.133010882709;0.060459492140266;32.507053607416;0;1.8339379282547;8.4643288996372;github.com/GreenCharge/PMC.gridmix
ALL;20220102T120220;20200901T144500;20200901T150000;9.518023491292;0;0;7.5334143377886;13.061968408262;0;0;0;0;0.02025111381126;6.5208586472256;0;20.25111381126;0.060753341433779;31.936006480356;0;2.1466180639935;8.5864722559741;github.com/GreenCharge/PMC.gridmix
ALL;20220102T120220;20200901T150000;20200901T151500;9.5412099066179;0;0;7.5314656922452;13.195290296387;0;0;0;0;0.020300446609825;6.5570442549736;0;20.300446609825;0.060901339829476;30.592773041007;0;2.679658952497;9.1555014210313;github.com/GreenCharge/PMC.gridmix
ALL;20220102T120220;20200901T151500;20200901T153000;9.737440562332;0;0;7.6700434153401;13.438081455448;0;0;0;0;0;6.6363448418441;0;20.653297498449;0.062021914409758;29.770518916684;0;3.1631176348977;8.4970022741369;github.com/GreenCharge/PMC.gridmix
ALL;20220102T120220;20200901T153000;20200901T154500;9.8825010490978;0;0;7.7843054972723;13.596307175829;0;0;0;0;0;6.7352077213596;0;20.939991607218;0.062945866554763;28.766261015527;0;3.2522031053294;8.6026017624843;github.com/GreenCharge/PMC.gridmix
ALL;20220102T120220;20200901T154500;20200901T160000;10.038445108928;0;0;7.9239641178983;13.69073045707;0;0;0;0;0;6.9201196070056;0;21.337035454934;0.064075181546348;27.659120034173;0;3.2891926527125;8.6928662964545;github.com/GreenCharge/PMC.gridmix
ALL;20220102T120220;20200901T160000;20200901T161500;10.144927536232;0;0;8.0250919316461;13.908717283149;0;0;0;0;0;6.9868051049102;0;21.522820679213;0.064892926670993;26.346528228423;0;3.4176941380056;9.193164611724;github.com/GreenCharge/PMC.gridmix
ALL;20220102T120220;20200901T161500;20200901T163000;10.415278703087;0;0;8.2389518099045;14.19053964024;0;0;0;0;0.11103708638685;7.2174106151455;0;22.185209860093;0.066622251832112;24.983344437042;0;3.5087719298246;8.6831001554519;github.com/GreenCharge/PMC.gridmix
ALL;20220102T120220;20200901T163000;20200901T164500;10.589569160998;0;0;8.4126984126984;14.467120181406;0;0;0;0;0;7.3469387755102;0;22.607709750567;0.068027210884354;23.537414965986;0;3.3786848072562;9.1836734693878;github.com/GreenCharge/PMC.gridmix
ALL;20220102T120220;20200901T164500;20200901T170000;10.732498840983;0;0;8.5999072786277;15.299026425591;0;0;0;0;0;7.5799721835883;0;23.203523412146;0.069541029207232;21.905424200278;0;3.3379694019471;8.8548910523876;github.com/GreenCharge/PMC.gridmix
ALL;20220102T120220;20200901T170000;20200901T171500;10.992402659069;0;0;8.8319088319088;15.337132003799;0;0;0;0;0.047483380816714;7.6685660018993;0;23.622981956315;0.071225071225071;20.22792022792;0;3.5375118708452;9.2355175688509;github.com/GreenCharge/PMC.gridmix
ALL;20220102T120220;20200901T171500;20200901T173000;11.084510414173;0;0;8.9059133349294;15.44170457266;0;0;0;0;1.6519032798659;7.9243476179076;0;23.940627244434;0.071821881733301;17.931529806081;0;3.4474503231985;9.1692602346181;github.com/GreenCharge/PMC.gridmix
ALL;20220102T120220;20200901T173000;20200901T174500;11.287564133887;0;0;9.0886880039091;16.393843146836;0;0;0;0;1.5392132909846;7.8670901539213;0;24.480820913755;0.073295870999267;15.636452479844;0;3.5182018079648;9.6750549719032;github.com/GreenCharge/PMC.gridmix
ALL;20220102T120220;20200901T174500;20200901T180000;11.553884711779;0;0;9.3233082706767;16.967418546366;0;0;0;0;1.5288220551378;8.0200501253133;0;25.137844611529;0.075187969924812;13.4335839599;0;3.4335839598997;10.075187969925;github.com/GreenCharge/PMC.gridmix
ALL;20220102T120220;20200901T180000;20200901T181500;11.902917634908;0;0;9.6307771753163;17.479989672089;0;0;0;0;1.1877097856958;8.2623289439711;0;25.871417505809;0.077459333849729;11.41234185386;0;3.4082106893881;10.302091402014;github.com/GreenCharge/PMC.gridmix
ALL;20220102T120220;20200901T181500;20200901T183000;12.329499866274;0;0;9.9759293928858;17.812249264509;0;0;0;0;0.32094142818936;8.5316929660337;0;26.798609253811;0.080235357047339;9.4945172506018;0;3.5571008290987;10.617812249265;github.com/GreenCharge/PMC.gridmix
ALL;20220102T120220;20200901T183000;20200901T184500;12.56157635468;0;0;10.207991242474;18.336070060208;0;0;0;0;0.32840722495895;8.7301587301587;0;27.422003284072;0.082101806239737;7.4438970990695;0;3.448275862069;10.946907498632;github.com/GreenCharge/PMC.gridmix
ALL;20220102T120220;20200901T184500;20200901T190000;12.242164478971;0;0;9.9919635681757;19.207072060005;0;0;0;0;3.9646396999732;8.5989820519689;0;26.814894186981;0.0803643182427;5.3308331100991;0;3.1074203053844;10.179480310742;github.com/GreenCharge/PMC.gridmix
ALL;20220102T120220;20200901T190000;20200901T191500;12.599944858009;0;0;10.311552247036;20.237110559691;0;0;0;0;3.1430934656741;8.7400055141991;0;27.515853322305;0.082712985938792;3.6945133719327;0;3.0052384891095;10.173697270471;github.com/GreenCharge/PMC.gridmix
ALL;20220102T120220;20200901T191500;20200901T193000;12.927864214993;0;0;10.579915134371;20.876944837341;0;0;0;0;2.970297029703;8.9108910891089;0;28.260254596888;0.084865629420085;2.2347949080622;0;2.9420084865629;9.7029702970297;github.com/GreenCharge/PMC.gridmix
ALL;20220102T120220;20200901T193000;20200901T194500;12.927864214993;0;0;10.579915134371;20.763790664781;0;0;0;0;4.6676096181047;8.8260254596888;0;28.316831683168;0.084865629420085;1.0749646393211;0;2.6874115983027;9.5615275813296;github.com/GreenCharge/PMC.gridmix
ALL;20220102T120220;20200901T194500;20200901T200000;12.969283276451;0;0;10.637087599545;20.676905574516;0;0;0;0;4.1524459613197;8.9021615472127;0;28.469852104664;0.085324232081911;0.39817974971559;0;2.5597269624573;10.637087599545;github.com/GreenCharge/PMC.gridmix
ALL;20220102T120220;20200901T200000;20200901T201500;12.87492925863;0;0;10.611205432937;20.571590265988;0;0;0;0;4.272778720996;8.9134125636672;0;28.324844368987;0.084889643463497;0.11318619128466;0;2.4052065647991;11.318619128466;github.com/GreenCharge/PMC.gridmix
ALL;20220102T120220;20200901T201500;20200901T203000;13.28079392878;0;0;10.945709281961;20.753064798599;0;0;0;0;2.0431990659661;9.1943957968476;0;29.217746643316;0.087565674255692;0;0;2.5102159953298;11.44191476941;github.com/GreenCharge/PMC.gridmix
ALL;20220102T120220;20200901T203000;20200901T204500;13.347022587269;0;0;11.000293341156;20.387210325609;0;0;0;0;1.4667057788208;9.2402464065708;0;29.363449691992;0.088002346729246;0;0;2.5520680551481;12.02698738633;github.com/GreenCharge/PMC.gridmix
ALL;20220102T120220;20200901T204500;20200901T210000;13.224584911156;0;0;10.923390620449;20.099038741625;0;0;0;0;1.4564520827265;9.1465190795223;0;29.12904165453;0.087387124963589;0;0;2.6507427905622;12.758520244684;github.com/GreenCharge/PMC.gridmix
ALL;20220102T120220;20200901T210000;20200901T211500;12.872975277067;0;0;10.684853651606;19.494174481387;0;0;0;0;2.7564649048025;8.9514066496164;0;28.417163967036;0.085251491901108;0;0;2.9269678886047;13.299232736573;github.com/GreenCharge/PMC.gridmix
ALL;20220102T120220;20200901T211500;20200901T213000;12.796610169492;0;0;10.621468926554;19.322033898305;0;0;0;0;2.5141242937853;8.8700564971751;0;28.248587570621;0.084745762711864;0;0;3.4180790960452;13.61581920904;github.com/GreenCharge/PMC.gridmix
ALL;20220102T120220;20200901T213000;20200901T214500;12.869318181818;0;0;10.681818181818;19.261363636364;0;0;0;0;1.3068181818182;8.9488636363636;0;28.352272727273;0.085227272727273;0;0;3.6931818181818;14.289772727273;github.com/GreenCharge/PMC.gridmix
ALL;20220102T120220;20200901T214500;20200901T220000;12.965082999428;0;0;10.761305094448;19.004006868918;0;0;0;0;0.34344590726961;9.0440755580996;0;28.334287349742;0.085861476817401;0;0;3.6061820263309;15.340583858042;github.com/GreenCharge/PMC.gridmix
ALL;20220102T120220;20200901T220000;20200901T221500;13.062283737024;0;0;10.870818915802;18.252595155709;0;0;0;0;0.34602076124567;9.1407151095732;0;28.719723183391;0.086505190311419;0;0;3.3448673587082;15.657439446367;github.com/GreenCharge/PMC.gridmix
ALL;20220102T120220;20200901T221500;20200901T223000;13.222416812609;0;0;11.004086398132;17.805020431991;0;0;0;0;0.35026269702277;9.2235843549329;0;28.896672504378;0.087565674255692;0;0;2.8312901342674;16.053706946877;github.com/GreenCharge/PMC.gridmix
ALL;20220102T120220;20200901T223000;20200901T224500;13.447867298578;0;0;11.167061611374;16.913507109005;0;0;0;0;0.35545023696682;9.3898104265403;0;29.531990521327;0.088862559241706;0;0;2.5770142180095;15.995260663507;github.com/GreenCharge/PMC.gridmix
ALL;20220102T120220;20200901T224500;20200901T230000;13.717214350317;0;0;11.365691890262;16.671691287308;0;0;0;0;0.1808863430811;9.4965330117576;0;29.876394332228;0.090443171540549;0;0;2.5324088031354;15.526077781128;github.com/GreenCharge/PMC.gridmix
ALL;20220102T120220;20200901T230000;20200901T231500;13.94495412844;0;0;11.559633027523;16.788990825688;0;0;0;0;0;9.6941896024465;0;30.39755351682;0.091743119266055;0;0;2.4159021406728;14.556574923547;github.com/GreenCharge/PMC.gridmix
ALL;20220102T120220;20200901T231500;20200901T233000;14.290181363352;0;0;11.819887429644;16.82301438399;0;0;0;0;0.031269543464665;9.8811757348343;0;31.113195747342;0.093808630393996;0;0;2.2201375859912;13.164477798624;github.com/GreenCharge/PMC.gridmix
ALL;20220102T120220;20200901T233000;20200901T234500;14.530456852792;0;0;11.992385786802;16.719543147208;0;0;0;0;0.031725888324873;10.057106598985;0;31.630710659898;0.095177664974619;0;0;2.0304568527919;12.341370558376;github.com/GreenCharge/PMC.gridmix
ALL;20220102T120220;20200901T234500;20200902T000000;14.748316768195;0;0;12.119268996473;16.896441167041;0;0;0;0;0.032061558191728;10.099390830394;0;31.837127284386;0.096184674575184;0;0;1.8595703751202;11.734530298172;github.com/GreenCharge/PMC.gridmix
ALL;20220102T120220;20200902T000000;20200902T001500;14.831460674157;0;0;12.295345104334;17.271268057785;0;0;0;0;0;10.24077046549;0;32.038523274478;0.096308186195827;0;0;1.7656500802568;10.882825040128;github.com/GreenCharge/PMC.gridmix
ALL;20220102T120220;20200902T001500;20200902T003000;14.95145631068;0;0;12.394822006472;17.734627831715;0;0;0;0;0;10.291262135922;0;32.330097087379;0.097087378640777;0;0;1.8122977346278;9.8058252427184;github.com/GreenCharge/PMC.gridmix
ALL;20220102T120220;20200902T003000;20200902T004500;15.200262639527;0;0;12.573867367039;17.925147734734;0;0;0;0;0;10.407091267236;0;32.764281024294;0.098489822718319;0;0;1.7071569271175;8.7327642810243;github.com/GreenCharge/PMC.gridmix
ALL;20220102T120220;20200902T004500;20200902T010000;15.316205533597;0;0;12.615283267457;17.98418972332;0;0;0;0;0;10.441370223979;0;32.872200263505;0.098814229249012;0;0;1.8774703557312;8.201581027668;github.com/GreenCharge/PMC.gridmix
ALL;20220102T120220;20200902T010000;20200902T011500;15.453342157512;0;0;12.706816677697;18.100595632032;0;0;0;0;0;10.522832561218;0;33.090668431502;0.099272005294507;0;0;1.8199867637326;7.6108537392455;github.com/GreenCharge/PMC.gridmix
ALL;20220102T120220;20200902T011500;20200902T013000;15.476585851876;0;0;12.720026569246;18.133510461641;0;0;0;0;0;10.494852208569;0;33.211557622052;0.099634672866157;0;0;2.0259050149452;7.2401195616074;github.com/GreenCharge/PMC.gridmix
ALL;20220102T120220;20200902T013000;20200902T014500;15.484515484515;0;0;12.753912753913;18.148518148518;0;0;0;0;0;10.556110556111;0;33.266733266733;0.0999000999001;0;0;2.0979020979021;6.993006993007;github.com/GreenCharge/PMC.gridmix
ALL;20220102T120220;20200902T014500;20200902T020000;15.59049849448;0;0;12.813650050184;17.865506858481;0;0;0;0;0;10.605553696889;0;33.422549347608;0.10036801605888;0;0;2.2080963532954;6.7915690866511;github.com/GreenCharge/PMC.gridmix
ALL;20220102T120220;20200902T020000;20200902T021500;15.958904109589;0;0;13.150684931507;16.815068493151;0;0;0;0;0;10.821917808219;0;34.212328767123;0.1027397260274;0;0;2.0547945205479;6.2671232876712;github.com/GreenCharge/PMC.gridmix
ALL;20220102T120220;20200902T021500;20200902T023000;16.106685140284;0;0;13.301004502944;16.245237270523;0;0;0;0;0;10.945618288881;0;34.603394527191;0.10391409767925;0;0;2.0090058884655;6.0616556979564;github.com/GreenCharge/PMC.gridmix
ALL;20220102T120220;20200902T023000;20200902T024500;16.236933797909;0;0;13.379790940767;16.306620209059;0;0;0;0;0;11.010452961672;0;34.808362369338;0.10452961672474;0;0;1.9512195121951;5.5749128919861;github.com/GreenCharge/PMC.gridmix
ALL;20220102T120220;20200902T024500;20200902T030000;16.495575221239;0;0;13.592920353982;15.575221238938;0;0;0;0;0;11.221238938053;0;35.362831858407;0.10619469026549;0;0;1.8407079646018;5.1681415929204;github.com/GreenCharge/PMC.gridmix
ALL;20220102T120220;20200902T030000;20200902T031500;16.720487979907;0;0;13.778256189451;14.495873699318;0;0;0;0;0;11.374237531396;0;35.880875493362;0.10764262648009;0;0;1.7222820236814;5.2744886975242;github.com/GreenCharge/PMC.gridmix
ALL;20220102T120220;20200902T031500;20200902T033000;16.750358680057;0;0;13.77331420373;14.490674318508;0;0;0;0;0;11.370157819225;0;35.90387374462;0.10760401721664;0;0;1.5781922525108;5.3802008608321;github.com/GreenCharge/PMC.gridmix
ALL;20220102T120220;20200902T033000;20200902T034500;16.690544412607;0;0;13.753581661891;14.469914040115;0;0;0;0;0;11.353868194842;0;35.852435530086;0.10744985673352;0;0;1.2893982808023;5.8381088825215;github.com/GreenCharge/PMC.gridmix
ALL;20220102T120220;20200902T034500;20200902T040000;16.732353994984;0;0;13.758509494805;14.797563597277;0;0;0;0;0;11.357936223576;0;35.865281261197;0.10748835542816;0;0;0.8599068434253;5.8760300967395;github.com/GreenCharge/PMC.gridmix
ALL;20220102T120220;20200902T040000;20200902T041500;16.73835125448;0;0;13.727598566308;15.555555555556;0;0;0;0;0;11.362007168459;0;35.878136200717;0.10752688172043;0;0;0.60931899641577;5.3763440860215;github.com/GreenCharge/PMC.gridmix
ALL;20220102T120220;20200902T041500;20200902T043000;16.853121616745;0;0;13.821725009022;15.734391916276;0;0;0;0;0;11.476001443522;0;36.160230963551;0.10826416456153;0;0;0.50523276795381;4.6914471309996;github.com/GreenCharge/PMC.gridmix
ALL;20220102T120220;20200902T043000;20200902T044500;16.962025316456;0;0;13.851717902351;15.840867992767;0;0;0;0;0;11.681735985533;0;36.27486437613;0.10849909584087;0;0;0.36166365280289;4.2676311030741;github.com/GreenCharge/PMC.gridmix
ALL;20220102T120220;20200902T044500;20200902T050000;16.870944484499;0;0;13.806777217015;16.618601297765;0;0;0;0;0;11.643835616438;0;36.157173756309;0.10814708002884;0;0;0.32444124008652;3.8211968276857;github.com/GreenCharge/PMC.gridmix
ALL;20220102T120220;20200902T050000;20200902T051500;16.840215439856;0;0;13.788150807899;17.486535008977;0;0;0;0;0;11.526032315978;0;36.014362657092;0.10771992818671;0;0;0.21543985637343;3.4470377019749;github.com/GreenCharge/PMC.gridmix
ALL;20220102T120220;20200902T051500;20200902T053000;16.708140774973;0;0;13.65090650551;18.272307145396;0;0;0;0;0.035549235691433;11.41130465695;0;35.691432634198;0.1066477070743;0;0;0.17774617845716;3.3771773906861;github.com/GreenCharge/PMC.gridmix
ALL;20220102T120220;20200902T053000;20200902T054500;16.619519094767;0;0;13.578500707214;18.705799151344;0;0;0;0;0.035360678925035;11.315417256011;0;35.46676096181;0.10608203677511;0;0;0.17680339462518;3.4299858557284;github.com/GreenCharge/PMC.gridmix
ALL;20220102T120220;20200902T054500;20200902T060000;16.267776621575;0;0;13.319458896982;19.979188345473;0;0;0;0;0.034686090877558;11.238293444329;0;34.824835241068;0.10405827263267;0;0;0.24280263614291;3.4339229968783;github.com/GreenCharge/PMC.gridmix
ALL;20220102T120220;20200902T060000;20200902T061500;15.860669597565;0;0;13.053770713561;20.831924247548;0;0;0;0;1.1498140006764;10.957051065269;0;33.885694961109;0.10145417653027;0;0;0.47345282380791;3.1450794724383;github.com/GreenCharge/PMC.gridmix
ALL;20220102T120220;20200902T061500;20200902T063000;15.415019762846;0;0;12.714097496706;22.463768115942;0;0;0;0;1.1857707509881;10.836627140975;0;33.102766798419;0.098814229249012;0.032938076416337;0;0.55994729907773;3.0632411067194;github.com/GreenCharge/PMC.gridmix
ALL;20220102T120220;20200902T063000;20200902T064500;15.028901734104;0;0;12.363519588953;23.892100192678;0;0;0;0;0.57803468208092;10.822093770071;0;32.273603082852;0.096339113680154;0.57803468208092;0;0.57803468208092;3.2755298651252;github.com/GreenCharge/PMC.gridmix
ALL;20220102T120220;20200902T064500;20200902T070000;14.548860443334;0;0;12.019981267562;24.133624726819;0;0;0;0;1.4361536059944;10.521386200437;0;31.345613487356;0.093662191695286;1.0927255697783;0;0.59319388073681;3.7152669372463;github.com/GreenCharge/PMC.gridmix
ALL;20220102T120220;20200902T070000;20200902T071500;13.570180547467;0;0;11.211415259173;23.092603377985;0;0;0;0;6.9598136284217;9.8427489807804;0;29.266161910309;0.087361677344205;1.4851485148515;0;0.46592894583576;3.5527082119977;github.com/GreenCharge/PMC.gridmix
ALL;20220102T120220;20200902T071500;20200902T073000;13.391053391053;0;0;11.111111111111;23.174603174603;0;0;0;0;6.3203463203463;9.7835497835498;0;29.004329004329;0.086580086580087;2.7128427128427;0;0.34632034632035;3.6075036075036;github.com/GreenCharge/PMC.gridmix
ALL;20220102T120220;20200902T073000;20200902T074500;13.140753327669;0;0;10.903426791277;22.798074199943;0;0;0;0;6.1172472387426;9.5157179269329;0;28.490512602662;0.084961767204758;4.5029736618522;0;0.31152647975078;3.6816765788728;github.com/GreenCharge/PMC.gridmix
ALL;20220102T120220;20200902T074500;20200902T080000;12.829038514824;0;0;10.667775006927;22.388473261291;0;0;0;0;5.8742033804378;9.3100581878637;0;27.874757550568;0.083125519534497;6.5946245497368;0;0.30479357162649;3.6298143530064;github.com/GreenCharge/PMC.gridmix
ALL;20220102T120220;20200902T080000;20200902T081500;12.376369954558;0;0;10.264635124298;21.946003742315;0;0;0;0;6.5490510558674;9.115209836942;0;26.864474739374;0.080192461908581;8.7677091686715;0;0.34750066827052;3.2611601176156;github.com/GreenCharge/PMC.gridmix
ALL;20220102T120220;20200902T081500;20200902T083000;12.102243088159;0;0;10.015649452269;21.439749608764;0;0;0;0;6.5727699530516;8.8941053729786;0;26.238914971309;0.078247261345853;11.111111111111;0;0.18257694314032;2.9473135106938;github.com/GreenCharge/PMC.gridmix
ALL;20220102T120220;20200902T083000;20200902T084500;11.787072243346;0;0;9.7338403041825;20.861850443599;0;0;0;0;6.8187579214195;8.6692015209125;0;25.475285171103;0.076045627376426;13.536121673004;0;0.15209125475285;2.4841571609632;github.com/GreenCharge/PMC.gridmix
ALL;20220102T120220;20200902T084500;20200902T090000;11.93838254172;0;0;9.8587933247754;21.129653401797;0;0;0;0;3.0295250320924;8.780487804878;0;25.802310654685;0.077021822849807;16.688061617458;0;0.12836970474968;2.1566110397946;github.com/GreenCharge/PMC.gridmix
ALL;20220102T120220;20200902T090000;20200902T091500;11.975276847798;0;0;9.837754313675;21.091939222251;0;0;0;0;0.30903940252382;8.6015967035797;0;25.88204996137;0.077259850630955;19.752768477981;0;0.077259850630955;1.9830028328612;github.com/GreenCharge/PMC.gridmix
ALL;20220102T120220;20200902T091500;20200902T093000;11.687985954352;0;0;9.5811387007775;20.617005267118;0;0;0;0;0.12540757461751;8.301981439679;0;25.206922498119;0.075244544770504;22.297466766993;0;0.075244544770504;1.6302984700276;github.com/GreenCharge/PMC.gridmix
ALL;20220102T120220;20200902T093000;20200902T094500;11.3880742913;0;0;9.3352883675464;19.990224828935;0;0;0;0;0.024437927663734;8.0645161290323;0;24.560117302053;0.073313782991202;24.926686217009;0;0.097751710654936;1.1485826001955;github.com/GreenCharge/PMC.gridmix
ALL;20220102T120220;20200902T094500;20200902T100000;11.082107261509;0;0;9.0650213573802;18.936877076412;0;0;0;0;0.023730422401519;7.8310393925012;0;23.849074513526;0.071191267204556;27.764594209777;0;0.11865211200759;0.87802562885619;github.com/GreenCharge/PMC.gridmix
ALL;20220102T120220;20200902T100000;20200902T101500;10.706098120128;0;0;8.7116001834021;18.133883539661;0;0;0;0;0.022925263640532;7.5653370013755;0;23.039889958735;0.068775790921596;30.375974323705;0;0.11462631820266;0.89408528198074;github.com/GreenCharge/PMC.gridmix
ALL;20220102T120220;20200902T101500;20200902T103000;10.321151716501;0;0;8.4163898117386;17.519379844961;0;0;0;0;0.022148394241417;7.3089700996678;0;22.259136212625;0.066445182724252;32.535991140642;0;0.08859357696567;1.1074197120709;github.com/GreenCharge/PMC.gridmix
ALL;20220102T120220;20200902T103000;20200902T104500;10.008591065292;0;0;8.1615120274914;16.881443298969;0;0;0;0;0.021477663230241;7.0876288659794;0;21.563573883162;0.064432989690722;34.557560137457;0;0.042955326460481;1.2671821305842;github.com/GreenCharge/PMC.gridmix
ALL;20220102T120220;20200902T104500;20200902T110000;9.7739640016743;0;0;7.9531184596065;16.073670992047;0;0;0;0;0.020929259104228;7.0322310590205;0;21.012976140645;0.062787777312683;36.416910841356;0;0.020929259104228;1.2976140644621;github.com/GreenCharge/PMC.gridmix
ALL;20220102T120220;20200902T110000;20200902T111500;9.6654275092937;0;0;7.786038826931;15.035109458901;0;0;0;0;0.061957868649318;6.9392812887237;0;20.735233374639;0.061957868649318;38.083436596448;0;0.020652622883106;1.2804626187526;github.com/GreenCharge/PMC.gridmix
ALL;20220102T120220;20200902T111500;20200902T113000;9.4785772029103;0;0;7.6192400970089;14.430072756669;0;0;0;0;0.020210185933711;6.7906224737268;0;20.291026677445;0.060630557801132;39.733225545675;0;0.020210185933711;1.2328213419563;github.com/GreenCharge/PMC.gridmix
ALL;20220102T120220;20200902T113000;20200902T114500;9.3513728611222;0;0;7.5009948269001;13.828093911659;0;0;0;0;0.019896538002388;6.6852367688022;0;19.976124154397;0.059689614007163;41.146040588938;0;0.019896538002388;1.0943095901313;github.com/GreenCharge/PMC.gridmix
ALL;20220102T120220;20200902T114500;20200902T120000;9.2537901161646;0;0;7.4227210080725;13.290017720024;0;0;0;0;0.019688915140776;6.5957865721599;0;19.767670801339;0.059066745422327;42.13427840126;0;0.019688915140776;1.1222681630242;github.com/GreenCharge/PMC.gridmix
ALL;20220102T120220;20200902T120000;20200902T121500;9.1351772497078;0;0;7.3237241916634;12.913907284768;0;0;0;0;0.019477989871445;6.5251266069342;0;19.516945851188;0.058433969614336;43.026879626023;0;0;1.1492014024153;github.com/GreenCharge/PMC.gridmix
ALL;20220102T120220;20200902T121500;20200902T123000;9.1085271317829;0;0;7.2868217054264;12.03488372093;0;0;0;0;0.01937984496124;6.5116279069767;0;19.37984496124;0.058139534883721;44.06976744186;0;0;1.2015503875969;github.com/GreenCharge/PMC.gridmix
ALL;20220102T120220;20200902T123000;20200902T124500;9.2154177264723;0;0;7.3566816669928;11.289375855997;0;0;0;0;0.019565642731364;6.5936216004696;0;19.546077088632;0.058696928194091;44.414009000196;0;0;1.1739385638818;github.com/GreenCharge/PMC.gridmix
ALL;20220102T120220;20200902T124500;20200902T130000;9.2298647854203;0;0;7.3682147756222;11.052322163433;0;0;0;0;0.019596315892612;6.6039584558103;0;19.557123260827;0.058788947677837;44.464040760337;0;0;1.312953164805;github.com/GreenCharge/PMC.gridmix
ALL;20220102T120220;20200902T130000;20200902T131500;9.2807881773399;0;0;7.3694581280788;10.71921182266;0;0;0;0;0.039408866995074;6.5024630541872;0;19.704433497537;0.059113300492611;44.729064039409;0;0;1.2413793103448;github.com/GreenCharge/PMC.gridmix
ALL;20220102T120220;20200902T131500;20200902T133000;9.3046226787831;0;0;7.3883840379297;10.509679968392;0;0;0;0;0.019755037534571;6.499407348874;0;19.755037534571;0.059265112603714;44.626629790597;0;0;1.4816278150928;github.com/GreenCharge/PMC.gridmix
ALL;20220102T120220;20200902T133000;20200902T134500;9.3762415574096;0;0;7.4294795391339;10.270162892332;0;0;0;0;0.019864918553834;6.5156932856575;0;19.884783472388;0.059594755661502;44.417957886373;0;0;1.6686531585221;github.com/GreenCharge/PMC.gridmix
ALL;20220102T120220;20200902T134500;20200902T140000;9.3880805262109;0;0;7.4546541758023;10.205301973291;0;0;0;0;0.019932230416584;6.4979071158063;0;19.932230416584;0.059796691249751;44.249551524816;0;0;1.8337651983257;github.com/GreenCharge/PMC.gridmix
ALL;20220102T120220;20200902T140000;20200902T141500;9.4864048338369;0;0;7.5125881168177;10.31218529708;0;0;0;0;0.14098690835851;6.5458207452165;0;20.12084592145;0.060422960725076;43.363544813696;0;0;2.0946626384693;github.com/GreenCharge/PMC.gridmix
ALL;20220102T120220;20200902T141500;20200902T143000;9.5170741563952;0;0;7.5368761365933;10.32531824611;0;0;0;0;0.22226712467165;6.6073954334209;0;20.165690038392;0.060618306728632;42.776318448171;0;0;2.4247322691453;github.com/GreenCharge/PMC.gridmix
ALL;20220102T120220;20200902T143000;20200902T144500;9.5720949097546;0;0;7.5643885621578;10.525248428311;0;0;0;0;0.28391806935713;6.6720746298925;0;20.279862096938;0.060839586290813;41.979314540661;0;0;2.6972216588927;github.com/GreenCharge/PMC.gridmix
ALL;20220102T120220;20200902T144500;20200902T150000;9.5918367346939;0;0;7.6122448979592;10.897959183673;0;0;0;0;0.12244897959184;6.8367346938776;0;20.387755102041;0.061224489795918;41.142857142857;0;0;2.9795918367347;github.com/GreenCharge/PMC.gridmix
ALL;20220102T120220;20200902T150000;20200902T151500;9.6126255380201;0;0;7.6450092232015;11.498257839721;0;0;0;0;0.14347202295552;6.8456650953064;0;20.496003279361;0.061488009838082;39.946710391474;0;0;3.3818405410945;github.com/GreenCharge/PMC.gridmix
