LOC;Time;Start;End;Biomass;Lignite;Coal;Gas;HardCoal;Oil;Shale;Peat;Geothermal;HydroPumped;Hydro;Marine;Nuclear;OtherRES;Solar;Waste;WindOffShore;WindOnShore;SwID
ALL;20220102T120218;20190401T000000;20190401T001500;14.65278247346;0;0;7.0322537020759;6.0315099060112;0;0;0;0;0.39218337953885;5.8759889106769;0;26.688755155859;0.067617824058422;0;0;5.9436067347353;32.990736358104;github.com/GreenCharge/PMC.gridmix
ALL;20220102T120218;20190401T001500;20190401T003000;14.741144414169;0;0;7.0844686648501;6.2125340599455;0;0;0;0;0;5.9264305177112;0;26.846049046322;0.068119891008174;0;0;6.08310626703;32.711171662125;github.com/GreenCharge/PMC.gridmix
ALL;20220102T120218;20190401T003000;20190401T004500;14.898606704373;0;0;7.1734032280315;6.2077527934888;0;0;0;0;0;5.9525451786453;0;27.141674713754;0.068975031038764;0;0;5.6697475513864;32.556214650297;github.com/GreenCharge/PMC.gridmix
ALL;20220102T120218;20190401T004500;20190401T010000;15.073375262055;0;0;7.2676450034941;6.0936408106219;0;0;0;0;0;6.0237596086653;0;27.477288609364;0.069881201956674;0;0;5.2480782669462;32.410901467505;github.com/GreenCharge/PMC.gridmix
ALL;20220102T120218;20190401T010000;20190401T011500;15.131948343627;0;0;7.2992700729927;6.2324536777092;0;0;0;0;0;6.0991016282987;0;27.702133632791;0.070185289163391;0;0;5.0393037619315;32.088714205503;github.com/GreenCharge/PMC.gridmix
ALL;20220102T120218;20190401T011500;20190401T013000;15.177564825254;0;0;7.3562570462232;6.2570462232244;0;0;0;0;0;6.1161217587373;0;27.76916572717;0.070462232243517;0;0;5.0732807215333;31.841882750846;github.com/GreenCharge/PMC.gridmix
ALL;20220102T120218;20190401T013000;20190401T014500;15.245715904263;0;0;7.3643959779068;6.3447103809659;0;0;0;0;0;6.1251947316244;0;27.864325166407;0.070811499787565;0;0;5.4808100835576;31.164141056508;github.com/GreenCharge/PMC.gridmix
ALL;20220102T120218;20190401T014500;20190401T020000;15.31069827034;0;0;7.3457185564809;6.3776781265571;0;0;0;0;0;6.1356680190761;0;28.009110968752;0.071179443376753;0;0;5.3669300306072;31.041355256602;github.com/GreenCharge/PMC.gridmix
ALL;20220102T120218;20190401T020000;20190401T021500;15.350032113038;0;0;7.4502247912653;6.4511525012488;0;0;0;0;0;6.2299293513166;0;28.145293655891;0.071362306429744;0;0;4.9239991436523;31.035467066296;github.com/GreenCharge/PMC.gridmix
ALL;20220102T120218;20190401T021500;20190401T023000;15.407789972025;0;0;7.4887023886378;6.2836238433398;0;0;0;0;0;6.2836238433398;0;28.283480381608;0.07173086579155;0;0;4.4760060253927;31.360734524066;github.com/GreenCharge/PMC.gridmix
ALL;20220102T120218;20190401T023000;20190401T024500;15.369761121442;0;0;7.4667429552282;6.2938063224145;0;0;0;0;0;6.2508940065799;0;28.214847661279;0.071520526391074;0;0;4.2983836361036;31.690745243885;github.com/GreenCharge/PMC.gridmix
ALL;20220102T120218;20190401T024500;20190401T030000;15.345086003854;0;0;7.4798372707159;6.280779387624;0;0;0;0;0;6.2165441438869;0;28.177860252659;0.071372493041182;0;0;4.1467418456927;31.939190635929;github.com/GreenCharge/PMC.gridmix
ALL;20220102T120218;20190401T030000;20190401T031500;15.33794875455;0;0;7.6511312540147;6.2522303904075;0;0;0;0;0;6.2094068945828;0;28.234958247092;0.071372493041182;0;0;3.9112126186568;31.960602383841;github.com/GreenCharge/PMC.gridmix
ALL;20220102T120218;20190401T031500;20190401T033000;15.447621784739;0;0;7.7022560712746;6.1790487138957;0;0;0;0;0;6.2437131771806;0;28.40925420319;0.07184940364995;0;0;3.8080183934473;31.764621353643;github.com/GreenCharge/PMC.gridmix
ALL;20220102T120218;20190401T033000;20190401T034500;15.501475988192;0;0;7.7471380228958;6.4511483908129;0;0;0;0;0;6.3071495428037;0;28.526171790626;0.071999424004608;0;0;3.6863705090359;31.334149326805;github.com/GreenCharge/PMC.gridmix
ALL;20220102T120218;20190401T034500;20190401T040000;15.554592720971;0;0;7.7989601386482;6.4702484113229;0;0;0;0;0;6.3113807047949;0;28.57452339688;0.072212593876372;0;0;3.6395147313692;31.20306181398;github.com/GreenCharge/PMC.gridmix
ALL;20220102T120218;20190401T040000;20190401T041500;15.411571193592;0;0;8.0955445898591;6.7224486876922;0;0;0;0;0;6.3219623828935;0;28.32725452335;0.071515411571194;0;0;3.7259529428592;30.980476292641;github.com/GreenCharge/PMC.gridmix
ALL;20220102T120218;20190401T041500;20190401T043000;15.306412626191;0;0;8.1615242428551;6.7112185411631;0;0;0;0;0;6.6401251244135;0;28.17432105787;0.071093416749609;0;0;3.824825821129;30.769230769231;github.com/GreenCharge/PMC.gridmix
ALL;20220102T120218;20190401T043000;20190401T044500;15.318453227182;0;0;8.2172305942565;6.7386977537674;0;0;0;0;0.021324992891669;6.6462894512368;0;28.170315609895;0.071083309638897;0;0;3.6465737844754;30.82883139039;github.com/GreenCharge/PMC.gridmix
ALL;20220102T120218;20190401T044500;20190401T050000;15.311547458708;0;0;8.3646416672574;6.7767774863543;0;0;0;0;0.021266038137095;6.6988020131849;0;28.127879775998;0.070886793790317;0;0;3.6010491245481;30.686893031828;github.com/GreenCharge/PMC.gridmix
ALL;20220102T120218;20190401T050000;20190401T051500;15.303019588431;0;0;8.4859628031964;6.8736298705891;0;0;0;0;0.063644721023973;6.7392687928718;0;28.350187398345;0.070716356693303;0;0;3.5711760130118;30.20295594371;github.com/GreenCharge/PMC.gridmix
ALL;20220102T120218;20190401T051500;20190401T053000;15.267121841346;0;0;8.5028507073978;6.8135426198353;0;0;0;0;0.46455972407968;6.722038431759;0;28.485957626522;0.07038783698177;0;0;3.3223059055395;30.013373689027;github.com/GreenCharge/PMC.gridmix
ALL;20220102T120218;20190401T053000;20190401T054500;14.797869434581;0;0;8.3310570882273;6.7194755531276;0;0;0;0;3.4894837476099;6.5214422288992;0;27.690521715378;0.068287353182191;0;0;2.929527451516;29.124556132204;github.com/GreenCharge/PMC.gridmix
ALL;20220102T120218;20190401T054500;20190401T060000;14.833777049628;0;0;8.3555191480647;6.8264045327326;0;0;0;0;3.5155983343573;6.5260427332924;0;27.694723189296;0.068264045327326;0;0;2.8193050720186;29.032698477712;github.com/GreenCharge/PMC.gridmix
ALL;20220102T120218;20190401T060000;20190401T061500;15.141846431296;0;0;8.684192273011;6.8530207394049;0;0;0;0;1.4982312547687;6.4784629257127;0;28.140389817576;0.069362558091142;0;0;2.9270999514462;29.874453769855;github.com/GreenCharge/PMC.gridmix
ALL;20220102T120218;20190401T061500;20190401T063000;14.801272936556;0;0;8.5042995463471;6.554269077121;0;0;0;0;4.1708985036225;6.1209289728485;0;27.456158169138;0.067709391292572;0;0;2.6677500169273;29.331708307942;github.com/GreenCharge/PMC.gridmix
ALL;20220102T120218;20190401T063000;20190401T064500;14.518056293149;0;0;8.3908656399363;6.8507700477961;0;0;0;0;5.0053106744557;6.1603823685608;0;26.978226234732;0.066383430695698;0;0;2.8013807753585;28.909984067977;github.com/GreenCharge/PMC.gridmix
ALL;20220102T120218;20190401T064500;20190401T070000;14.332525067173;0;0;8.2836358870175;6.9467199685432;0;0;0;0;5.8064093321974;6.1668523494331;0;26.613801690805;0.06553509404286;0.013107018808572;0;2.863883609673;28.5929615309;github.com/GreenCharge/PMC.gridmix
ALL;20220102T120218;20190401T070000;20190401T071500;14.310930962343;0;0;8.2897489539749;6.8514644351464;0;0;0;0;5.1516736401674;6.1061715481172;0;26.484048117155;0.065376569037657;0.49032426778243;0;3.0465481171548;28.889905857741;github.com/GreenCharge/PMC.gridmix
ALL;20220102T120218;20190401T071500;20190401T073000;14.309962136049;0;0;8.2778430604518;6.08434521478;0;0;0;0;4.7852200026113;6.0908734821778;0;26.511293902598;0.065282673978326;1.7234625930278;0;3.2706619663141;28.567698132916;github.com/GreenCharge/PMC.gridmix
ALL;20220102T120218;20190401T073000;20190401T074500;14.089126101215;0;0;8.1538164748248;5.5816346215677;0;0;0;0;4.9385891582535;5.999614172722;0;26.133367629091;0.064304546331426;3.9354382354832;0;3.067326860009;27.728120378111;github.com/GreenCharge/PMC.gridmix
ALL;20220102T120218;20190401T074500;20190401T080000;13.636363636364;0;0;7.9062227210375;5.4370869185684;0;0;0;0;4.7948622022696;5.811198403791;0;25.395934655194;0.062351914203766;6.721536351166;0;3.2173587729143;26.717795236314;github.com/GreenCharge/PMC.gridmix
ALL;20220102T120218;20190401T080000;20190401T081500;13.225786961513;0;0;8.0720198175337;5.0268865929551;0;0;0;0;4.7670835599057;5.6189958310676;0;24.7356655187;0.06041931001148;9.8966829798804;0;3.3170201196302;24.989426620748;github.com/GreenCharge/PMC.gridmix
ALL;20220102T120218;20190401T081500;20190401T083000;12.885566282081;0;0;7.8643748528373;4.9446668236402;0;0;0;0;4.6209088768542;5.4685660466211;0;24.12879679774;0.058865081233812;13.421238521309;0;3.4141747115611;22.9102896162;github.com/GreenCharge/PMC.gridmix
ALL;20220102T120218;20190401T083000;20190401T084500;12.627808907631;0;0;7.7176361850846;4.9679394604587;0;0;0;0;4.4826988619953;5.2278897810641;0;23.69591589163;0.05776673791231;17.000750967593;0;3.5584310553983;20.385881809254;github.com/GreenCharge/PMC.gridmix
ALL;20220102T120218;20190401T084500;20190401T090000;12.666743997216;0;0;7.7485210532421;5.0342187681243;0;0;0;0;2.4185129335344;5.1560143834822;0;23.790743533233;0.057997912075165;21.163438116228;0;3.7176661640181;17.967753160886;github.com/GreenCharge/PMC.gridmix
ALL;20220102T120218;20190401T090000;20190401T091500;12.19077334522;0;0;7.3322932917317;4.813906841988;0;0;0;0;4.5186093158012;5.0312012480499;0;22.866057499443;0.055716514374861;24.420548250501;0;3.6048584800535;14.898595943838;github.com/GreenCharge/PMC.gridmix
ALL;20220102T120218;20190401T091500;20190401T093000;11.9105890031;0;0;7.1572306520912;4.7207266003154;0;0;0;0;4.5194974710393;4.9002012291293;0;22.314678849187;0.054386251155708;27.753303964758;0;3.7961603306684;12.612171643009;github.com/GreenCharge/PMC.gridmix
ALL;20220102T120218;20190401T093000;20190401T094500;11.734803082192;0;0;7.0419520547945;4.6018835616438;0;0;0;0;3.7189640410959;4.7891695205479;0;21.93386130137;0.053510273972603;30.928938356164;0;3.8741438356164;11.065924657534;github.com/GreenCharge/PMC.gridmix
ALL;20220102T120218;20190401T094500;20190401T100000;11.578502351636;0;0;6.9544998150399;4.5235956243725;0;0;0;0;1.817893568673;4.6504254082334;0;21.629762722613;0.052845743275379;34.159488453205;0;4.0849759551868;10.294350790044;github.com/GreenCharge/PMC.gridmix
ALL;20220102T120218;20190401T100000;20190401T101500;11.067892503536;0;0;6.6073954334209;4.0614265508183;0;0;0;0;2.3085471812487;4.536269953526;0;20.711254798949;0.050515255607193;35.830470802182;0;4.0866841786219;10.476864012932;github.com/GreenCharge/PMC.gridmix
ALL;20220102T120218;20190401T101500;20190401T103000;10.712540318639;0;0;6.3727885837162;3.8705893852018;0;0;0;0;1.5638744990714;4.2859935490177;0;20.002932264686;0.048871078095983;37.777343368195;0;4.0172026194898;11.093734727788;github.com/GreenCharge/PMC.gridmix
ALL;20220102T120218;20190401T103000;20190401T104500;10.357868860209;0;0;6.1646102207725;3.8386990025056;0;0;0;0;0.91240013236893;4.0892544792701;0;19.316409019997;0.047274618257458;39.223750768213;0;3.9521580863235;11.851746797145;github.com/GreenCharge/PMC.gridmix
ALL;20220102T120218;20190401T104500;20190401T110000;10.010522944594;0;0;5.9477512924921;3.7516585075719;0;0;0;0;0.8601363407604;3.9438166262525;0;18.625611932104;0.04575193301917;40.069542938189;0;3.8706135334218;12.636683899895;github.com/GreenCharge/PMC.gridmix
ALL;20220102T120218;20190401T110000;20190401T111500;9.7913967927815;0;0;5.878411578148;3.6092375039085;0;0;0;0;0.02680126859338;3.8593826774467;0;18.144458837718;0.044668780988967;41.144414168937;0;3.9129852146335;13.355965515701;github.com/GreenCharge/PMC.gridmix
ALL;20220102T120218;20190401T111500;20190401T113000;9.5687096210931;0;0;5.7447180024446;3.5446132355509;0;0;0;0;0.021826436179501;3.7847040335254;0;17.644491007508;0.043652872359001;41.989697922123;0;3.845818054828;13.584773878121;github.com/GreenCharge/PMC.gridmix
ALL;20220102T120218;20190401T113000;20190401T114500;9.501300954033;0;0;5.7068516912402;3.5385949696444;0;0;0;0;0.013009540329575;3.7163920208153;0;17.588898525585;0.043365134431917;42.931483087598;0;3.7510841283608;12.983521248916;github.com/GreenCharge/PMC.gridmix
ALL;20220102T120218;20190401T114500;20190401T120000;9.4096893554772;0;0;5.6621633250151;3.4936752430944;0;0;0;0;0;3.7045004732811;0;17.468376215472;0.043025557180965;43.959211771792;0;3.7088030289992;12.326822132347;github.com/GreenCharge/PMC.gridmix
ALL;20220102T120218;20190401T120000;20190401T121500;9.3384549722578;0;0;5.5142979086641;3.4656423388818;0;0;0;0;0;3.7217242851046;0;17.387964148528;0.042680324370465;44.767392232181;0;3.5680751173709;11.971830985915;github.com/GreenCharge/PMC.gridmix
ALL;20220102T120218;20190401T121500;20190401T123000;9.2351848725308;0;0;5.4026675671113;3.410433901739;0;0;0;0;0;3.6890089481682;0;17.221002870167;0.042208340368057;45.327536721256;0;3.5708255951376;11.881647813608;github.com/GreenCharge/PMC.gridmix
ALL;20220102T120218;20190401T123000;20190401T124500;9.1456529920964;0;0;5.3527370049764;3.3789152343913;0;0;0;0;0;3.6841885167064;0;17.070212854932;0.041818257851378;45.724083134697;0;3.642370258855;11.742566804667;github.com/GreenCharge/PMC.gridmix
ALL;20220102T120218;20190401T124500;20190401T130000;9.0392433419066;0;0;5.3098813573384;3.3518626068199;0;0;0;0;0;3.609059985066;0;16.929395171327;0.041483448104206;46.208412843276;0;3.7252136397577;11.569733676263;github.com/GreenCharge/PMC.gridmix
ALL;20220102T120218;20190401T130000;20190401T131500;8.9689236468409;0;0;5.2521094875489;3.358715785141;0;0;0;0;0;3.6139123276394;0;16.797694998971;0.041160732661041;46.3387528298;0;3.8814570899362;11.533237291624;github.com/GreenCharge/PMC.gridmix
ALL;20220102T120218;20190401T131500;20190401T133000;8.890248878009;0;0;5.2060383516932;3.312933496532;0;0;0;0;0;3.561811505508;0;16.625866993064;0.040799673602611;46.197470420237;0;4.1493268053856;11.803345573235;github.com/GreenCharge/PMC.gridmix
ALL;20220102T120218;20190401T133000;20190401T134500;8.8527918781726;0;0;5.1817258883249;3.2649746192893;0;0;0;0;0;3.5451776649746;0;16.531979695431;0.040609137055838;45.928934010152;0;4.2761421319797;12.166497461929;github.com/GreenCharge/PMC.gridmix
ALL;20220102T120218;20190401T134500;20190401T140000;8.8069905740523;0;0;5.1620211173591;3.1878312229459;0;0;0;0;0;3.4952870261742;0;16.424612646143;0.04045471095109;45.44277681136;0;4.6037461062341;12.625915287835;github.com/GreenCharge/PMC.gridmix
ALL;20220102T120218;20190401T140000;20190401T141500;8.745338626248;0;0;5.3089538473876;3.22386623361;0;0;0;0;0;3.5205902401861;0;16.299771442319;0.040097838726493;44.600826015478;0;5.1405429247364;12.911504069931;github.com/GreenCharge/PMC.gridmix
ALL;20220102T120218;20190401T141500;20190401T143000;8.7323492939718;0;0;5.2482099283971;3.1841273650946;0;0;0;0;0;3.5401416056642;0;16.256650266011;0.040001600064003;43.765750630025;0;5.5922236889476;13.432537301492;github.com/GreenCharge/PMC.gridmix
ALL;20220102T120218;20190401T143000;20190401T144500;8.7113464083744;0;0;5.2460594392973;3.2406850358962;0;0;0;0;0;3.569566438054;0;16.203425179481;0.040107488068022;42.915012232784;0;6.0201339590101;13.845104881081;github.com/GreenCharge/PMC.gridmix
ALL;20220102T120218;20190401T144500;20190401T150000;8.7552955416583;0;0;5.2773855154327;3.292313899536;0;0;0;0;0;3.6231591688521;0;16.114585434739;0.040346984062941;42.013314504741;0;6.2094008472867;14.464393786564;github.com/GreenCharge/PMC.gridmix
ALL;20220102T120218;20190401T150000;20190401T151500;8.8117489986649;0;0;5.3080875510782;3.382287494437;0;0;0;0;0;3.6533559898046;0;16.146781567342;0.040457984383218;40.575312537929;0;6.6108346482178;15.276934903103;github.com/GreenCharge/PMC.gridmix
ALL;20220102T120218;20190401T151500;20190401T153000;8.906039446282;0;0;5.3575074523255;3.3974437502552;0;0;0;0;0;3.638368246968;0;16.248111396954;0.040834660459798;39.270692964188;0;7.0194781330393;15.925517579321;github.com/GreenCharge/PMC.gridmix
ALL;20220102T120218;20190401T153000;20190401T154500;9.0201919894075;0;0;5.4617676266137;3.3763654419067;0;0;0;0;0;3.7239324726912;0;16.513571665012;0.041377027474346;38.00066203244;0;6.9678914266799;16.695630585899;github.com/GreenCharge/PMC.gridmix
ALL;20220102T120218;20190401T154500;20190401T160000;9.1627105826997;0;0;5.5455194723354;3.3777254967861;0;0;0;0;0;3.7978406083267;0;16.745788346007;0.042011511154056;36.470192832836;0;6.9655085493425;17.691047346973;github.com/GreenCharge/PMC.gridmix
ALL;20220102T120218;20190401T160000;20190401T161500;9.3674905595606;0;0;5.6127703398558;3.4328870580158;0;0;0;0;0;3.8877445932029;0;17.095777548919;0.042911088225197;34.925334706488;0;6.9172674219018;18.49467902506;github.com/GreenCharge/PMC.gridmix
ALL;20220102T120218;20190401T161500;20190401T163000;9.5358686634939;0;0;5.711042221543;3.4580622625857;0;0;0;0;0;3.9427149281753;0;17.416932279614;0.043662402305375;32.895253896869;0;7.1606339780815;19.608784875344;github.com/GreenCharge/PMC.gridmix
ALL;20220102T120218;20190401T163000;20190401T164500;9.7789685197589;0;0;6.0013395847287;3.5543648135745;0;0;0;0;0;4.0500111632061;0;17.83433802188;0.044652824291136;30.88189327975;0;7.1623130162983;20.459924090199;github.com/GreenCharge/PMC.gridmix
ALL;20220102T120218;20190401T164500;20190401T170000;10.020168683535;0;0;6.1606160616062;3.6670333700037;0;0;0;0;0;4.2354235423542;0;18.303080308031;0.045837917125046;28.607444077741;0;7.1323799046571;21.589658965897;github.com/GreenCharge/PMC.gridmix
ALL;20220102T120218;20190401T170000;20190401T171500;10.268170543361;0;0;6.3462348481303;3.6879299854916;0;0;0;0;0;4.4367482566575;0;18.879580661768;0.046801141947864;25.96059343848;0;7.5490241961904;22.600271446623;github.com/GreenCharge/PMC.gridmix
ALL;20220102T120218;20190401T171500;20190401T173000;10.59825768879;0;0;6.5264475140781;3.8119073976031;0;0;0;0;0.23583770515474;4.5434855850219;0;19.531212398325;0.04813014390913;23.121721133946;0;7.6960100110699;23.655965731338;github.com/GreenCharge/PMC.gridmix
ALL;20220102T120218;20190401T173000;20190401T174500;10.742434562616;0;0;6.5972560085628;3.8338036391943;0;0;0;0;2.6515520093412;4.7679283837696;0;19.728519996108;0.048652330446628;19.514449742143;0;7.7405857740586;24.141286367617;github.com/GreenCharge/PMC.gridmix
ALL;20220102T120218;20190401T174500;20190401T180000;11.065347330353;0;0;6.8511728364056;3.917826108795;0;0;0;0;3.6164548696569;4.9274197599076;0;20.37771861972;0.050228539856346;16.289115475413;0;8.0064292531016;24.65719021548;github.com/GreenCharge/PMC.gridmix
ALL;20220102T120218;20190401T180000;20190401T181500;11.9176013805;0;0;7.5711820534944;4.1415012942192;0;0;0;0;0.96527178602243;5.2254098360656;0;21.796807592752;0.053925798101812;13.589301121657;0;8.3423209663503;26.137834339948;github.com/GreenCharge/PMC.gridmix
ALL;20220102T120218;20190401T181500;20190401T183000;12.538865961897;0;0;7.9371360732659;4.3642941941319;0;0;0;0;0.45791169653457;5.3027305104867;0;22.867318672621;0.056532308214144;10.384985018938;0;8.5363785403358;27.282491944146;github.com/GreenCharge/PMC.gridmix
ALL;20220102T120218;20190401T183000;20190401T184500;12.475414442259;0;0;7.9123349255409;4.3382972745153;0;0;0;0;3.8044394492835;5.4959258218601;0;22.731104242765;0.056195560550716;7.1536948581062;0;8.5417252037089;27.221129530767;github.com/GreenCharge/PMC.gridmix
ALL;20220102T120218;20190401T184500;20190401T190000;12.785862785863;0;0;8.1312081312081;4.4583044583045;0;0;0;0;4.7528297528298;5.6826056826057;0;23.359898359898;0.057750057750058;4.5680295680296;0;8.6798336798337;27.246477246477;github.com/GreenCharge/PMC.gridmix
ALL;20220102T120218;20190401T190000;20190401T191500;13.359422034919;0;0;8.573148705599;4.7441300421433;0;0;0;0;4.1601444912703;5.9422034918724;0;24.406983744732;0.060204695966285;2.5586995785671;0;8.6514148103552;27.254665863937;github.com/GreenCharge/PMC.gridmix
ALL;20220102T120218;20190401T191500;20190401T193000;13.563260563811;0;0;8.707882345747;4.7942273588944;0;0;0;0;4.3784015165413;6.0417048859536;0;24.796673393261;0.061150859169571;1.2169020974745;0;8.5794655414909;27.566807313643;github.com/GreenCharge/PMC.gridmix
ALL;20220102T120218;20190401T193000;20190401T194500;13.458386450555;0;0;8.6444484914709;4.7835852607297;0;0;0;0;4.5468342135616;5.9855521155831;0;24.579615127785;0.060705396709767;0.39458507861349;0;8.5776725550901;28.677229405694;github.com/GreenCharge/PMC.gridmix
ALL;20220102T120218;20190401T194500;20190401T200000;13.132451509579;0;0;8.4465270775254;4.6740613322261;0;0;0;0;4.4367993356664;5.8544397651106;0;24.010914051842;0.059315499139925;0.065247049053918;0;8.5058425766653;30.52968740732;github.com/GreenCharge/PMC.gridmix
ALL;20220102T120218;20190401T200000;20190401T201500;12.773196470792;0;0;8.2348192145782;4.5441439363359;0;0;0;0;4.4980104953578;5.6974799607866;0;23.343521134883;0.057666801222536;0;0;8.6096534225247;31.964707917652;github.com/GreenCharge/PMC.gridmix
ALL;20220102T120218;20190401T201500;20190401T203000;12.323806340186;0;0;7.9558749791075;4.3902167251657;0;0;0;0;4.1729344253162;5.5100562705443;0;22.563931138225;0.055713410217839;0;0;9.1091425706167;33.650899771575;github.com/GreenCharge/PMC.gridmix
ALL;20220102T120218;20190401T203000;20190401T204500;12.337481167346;0;0;7.9236649740528;4.4417164220747;0;0;0;0;1.7353942302327;5.5075051615423;0;22.615925450589;0.055800457563752;0;0;9.2572959098265;35.857374030467;github.com/GreenCharge/PMC.gridmix
ALL;20220102T120218;20190401T204500;20190401T210000;12.143448275862;0;0;7.7462068965517;4.4579310344828;0;0;0;0;0.5848275862069;5.4344827586207;0;22.366896551724;0.055172413793103;0;0;9.3572413793103;37.588965517241;github.com/GreenCharge/PMC.gridmix
ALL;20220102T120218;20190401T210000;20190401T211500;11.608133086876;0;0;7.3092157380512;4.2461050963824;0;0;0;0;2.2339582783206;5.2495378927911;0;21.452336942171;0.052812252442567;0;0;9.2949564298917;38.299445471349;github.com/GreenCharge/PMC.gridmix
ALL;20220102T120218;20190401T211500;20190401T213000;11.421583931731;0;0;7.2015818503486;4.1835778957228;0;0;0;0;1.7067332708919;5.0681652617338;0;21.167655323135;0.052034550941825;0;0;9.2725569778333;39.676345093142;github.com/GreenCharge/PMC.gridmix
ALL;20220102T120218;20190401T213000;20190401T214500;11.348361079516;0;0;7.1140523213732;4.1567573156861;0;0;0;0;0.55837038568917;4.7771688553407;0;21.026781098128;0.051700961637886;0;0;9.662909730121;41.055733636646;github.com/GreenCharge/PMC.gridmix
ALL;20220102T120218;20190401T214500;20190401T220000;11.213470494908;0;0;6.980909974922;4.0943753518604;0;0;0;0;0.2405445519218;4.6675879011208;0;20.784072879881;0.051179691898255;0;0;10.25641025641;41.465786375966;github.com/GreenCharge/PMC.gridmix
ALL;20220102T120218;20190401T220000;20190401T221500;10.964736525746;0;0;6.4716489681427;3.8268883991184;0;0;0;0;3.2358244840713;4.6333400120216;0;20.376678020437;0.050090162292126;0;0;10.418753756762;39.781606892406;github.com/GreenCharge/PMC.gridmix
ALL;20220102T120218;20190401T221500;20190401T223000;11.071735938845;0;0;6.480028350124;3.8475168328861;0;0;0;0;1.6048195210854;4.6676454209487;0;20.589277578089;0.050625221485344;0;0;10.955297929428;40.490052143978;github.com/GreenCharge/PMC.gridmix
ALL;20220102T120218;20190401T223000;20190401T224500;11.155948306686;0;0;6.3339633243091;3.9025386933647;0;0;0;0;0.54145170352965;4.7096082137202;0;20.789702201563;0.05108034938959;0;0;11.401133983756;40.869387546611;github.com/GreenCharge/PMC.gridmix
ALL;20220102T120218;20190401T224500;20190401T230000;11.083316316112;0;0;6.3304063712477;3.8595058198897;0;0;0;0;0.50541147641413;4.7069634470084;0;20.757606697978;0.051051664284256;0;0;11.665305288952;40.795384929549;github.com/GreenCharge/PMC.gridmix
ALL;20220102T120218;20190401T230000;20190401T231500;10.96803514619;0;0;6.2010806443468;3.8176033934252;0;0;0;0;0.42922789476342;4.6659597030753;0;20.582739988891;0.050497399383932;0;0;11.781043276271;41.241226076857;github.com/GreenCharge/PMC.gridmix
ALL;20220102T120218;20190401T231500;20190401T233000;10.914483937459;0;0;6.1736463727314;3.8208234880097;0;0;0;0;0.035191795284299;4.6453169775275;0;20.47157005681;0.050273993263285;0;0;11.919963802725;41.707304811221;github.com/GreenCharge/PMC.gridmix
ALL;20220102T120218;20190401T233000;20190401T234500;10.821992921589;0;0;6.1213299436718;3.7685060565276;0;0;0;0;0.019939185484273;4.6358606250935;0;20.273166841135;0.049847963710682;0;0;12.437066945815;41.613080105678;github.com/GreenCharge/PMC.gridmix
ALL;20220102T120218;20190401T234500;20190402T000000;10.78338721711;0;0;6.107933349913;3.7005719970157;0;0;0;0;0.014921661278289;4.6605322059189;0;20.218851032082;0.04973887092763;0;0;12.777915941308;41.427505595623;github.com/GreenCharge/PMC.gridmix
ALL;20220102T120218;20190402T000000;20190402T001500;10.803820135296;0;0;6.0485475527258;3.5017906884202;0;0;0;0;0;4.75029844807;0;20.24970155193;0.049741345005969;0;0;13.007361719061;41.33008356546;github.com/GreenCharge/PMC.gridmix
ALL;20220102T120218;20190402T001500;20190402T003000;10.78904191319;0;0;6.0259533634962;3.4803361010292;0;0;0;0;0;4.76806045841;0;20.16108984239;0.04971908715756;0;0;13.384378262815;41.082881718292;github.com/GreenCharge/PMC.gridmix
ALL;20220102T120218;20190402T003000;20190402T004500;10.798004987531;0;0;6.0448877805486;3.5311720698254;0;0;0;0;0;4.783042394015;0;20.104738154613;0.049875311720698;0;0;13.825436408978;40.60349127182;github.com/GreenCharge/PMC.gridmix
ALL;20220102T120218;20190402T004500;20190402T010000;10.760723359737;0;0;6.0180341752603;3.527125990136;0;0;0;0;0;4.8423255118816;0;20.166392666766;0.049818163702486;0;0;14.347631146316;40.028894534947;github.com/GreenCharge/PMC.gridmix
ALL;20220102T120218;20190402T010000;20190402T011500;10.705608171766;0;0;5.9701492537313;3.4908513908861;0;0;0;0;0;4.7701690881142;0;20.102147071949;0.049585957256905;0;0;14.880745772797;39.772896315763;github.com/GreenCharge/PMC.gridmix
ALL;20220102T120218;20190402T011500;20190402T013000;10.681053256781;0;0;5.9592159968323;3.4844585230647;0;0;0;0;0;4.8010294991091;0;20.09998020194;0.049495149475351;0;0;15.105919619877;39.561472975648;github.com/GreenCharge/PMC.gridmix
ALL;20220102T120218;20190402T013000;20190402T014500;10.682683276484;0;0;5.9716248949528;3.4801522566612;0;0;0;0;0;4.8346433338277;0;20.070196252904;0.049433980918483;0;0;15.364081269465;39.290128034011;github.com/GreenCharge/PMC.gridmix
ALL;20220102T120218;20190402T014500;20190402T020000;10.681053256781;0;0;5.9790140566225;3.4646604632746;0;0;0;0;0;4.8307265887943;0;20.104929716888;0.049495149475351;0;0;15.54147693526;39.091269055633;github.com/GreenCharge/PMC.gridmix
ALL;20220102T120218;20190402T020000;20190402T021500;10.678652573348;0;0;5.9863676775659;3.3982021139978;0;0;0;0;0;4.796009088215;0;20.063222364912;0.049392472587178;0;0;15.761138002568;39.010174849353;github.com/GreenCharge/PMC.gridmix
ALL;20220102T120218;20190402T021500;20190402T023000;10.639869957145;0;0;5.9701492537313;3.3889956159795;0;0;0;0;0;4.7436086892271;0;19.989163095414;0.049258657209004;0;0;15.905620412788;39.05718930102;github.com/GreenCharge/PMC.gridmix
ALL;20220102T120218;20190402T023000;20190402T024500;10.672464054548;0;0;5.9884381639409;3.4784327288898;0;0;0;0;0;4.7779040466426;0;19.768763278818;0.049409555808093;0;0;16.082810415534;38.924848065616;github.com/GreenCharge/PMC.gridmix
ALL;20220102T120218;20190402T024500;20190402T030000;10.722795869738;0;0;6.0166799046863;3.5742652899126;0;0;0;0;0;4.8153296266878;0;19.608816521048;0.049642573471009;0;0;16.248014297061;38.706314535346;github.com/GreenCharge/PMC.gridmix
ALL;20220102T120218;20190402T030000;20190402T031500;10.955155814543;0;0;6.1616417532303;3.6888776285787;0;0;0;0;0;4.8391183177097;0;19.787180136813;0.05067139599696;0;0;15.525715733468;38.728147960476;github.com/GreenCharge/PMC.gridmix
ALL;20220102T120218;20190402T031500;20190402T033000;11.09285970946;0;0;6.241979364509;3.7369744879626;0;0;0;0;0;4.9484112725219;0;19.773112263231;0.051332067142344;0;0;15.343154868847;38.545249217186;github.com/GreenCharge/PMC.gridmix
ALL;20220102T120218;20190402T033000;20190402T034500;11.201450025893;0;0;6.2972553081305;3.7700673226308;0;0;0;0;0;4.9715173485241;0;19.948213360953;0.051786639047126;0;0;15.240807871569;38.249611600207;github.com/GreenCharge/PMC.gridmix
ALL;20220102T120218;20190402T034500;20190402T040000;11.222216465468;0;0;6.3001916999119;3.7511009792239;0;0;0;0;0;4.9790166312626;0;19.952334075955;0.051810787005855;0;0;15.211647064919;38.262266203824;github.com/GreenCharge/PMC.gridmix
ALL;20220102T120218;20190402T040000;20190402T041500;11.170651277824;0;0;6.3685078318219;3.8746908491344;0;0;0;0;0;4.848516075845;0;19.821723000824;0.051525144270404;0;0;15.751236603462;37.845218466612;github.com/GreenCharge/PMC.gridmix
ALL;20220102T120218;20190402T041500;20190402T043000;11.119667334052;0;0;6.365829868063;3.8811027260126;0;0;0;0;0;4.8205760049284;0;19.651932850762;0.05133733764567;0;0;16.284203501206;37.558396221572;github.com/GreenCharge/PMC.gridmix
ALL;20220102T120218;20190402T043000;20190402T044500;11.182240578214;0;0;6.4223025296851;3.9442436757873;0;0;0;0;0;4.8322147651007;0;19.762519359835;0.05162622612287;0;0;15.988642230253;37.547754259164;github.com/GreenCharge/PMC.gridmix
ALL;20220102T120218;20190402T044500;20190402T050000;11.271331500597;0;0;6.4733648010789;4.0043570724623;0;0;0;0;0;4.8809585559417;0;19.86098864049;0.051869910265055;0;0;15.768452720577;37.418953265211;github.com/GreenCharge/PMC.gridmix
ALL;20220102T120218;20190402T050000;20190402T051500;11.386061080658;0;0;6.7032106499608;4.1346906812843;0;0;0;0;0;4.9490994518403;0;20.046985121378;0.052205690420256;0;0;15.609501435656;36.867658574785;github.com/GreenCharge/PMC.gridmix
ALL;20220102T120218;20190402T051500;20190402T053000;11.470758236561;0;0;6.8099416741107;4.1616310230676;0;0;0;0;0;4.9340549629552;0;20.245914560454;0.052545846250854;0;0;15.3538962745;36.719037360097;github.com/GreenCharge/PMC.gridmix
ALL;20220102T120218;20190402T053000;20190402T054500;11.585592276272;0;0;7.1932523473556;4.201368627659;0;0;0;0;0;4.9811681077927;0;20.439233992892;0.053047583682563;0;0;14.768447297226;36.523261365445;github.com/GreenCharge/PMC.gridmix
ALL;20220102T120218;20190402T054500;20190402T060000;11.618301207371;0;0;7.3501376826943;4.2152086422368;0;0;0;0;0.38127515356916;5.0466002965473;0;20.392925227706;0.052954882440161;0;0;14.287227282355;36.401186189367;github.com/GreenCharge/PMC.gridmix
ALL;20220102T120218;20190402T060000;20190402T061500;11.482505084215;0;0;7.3212702716796;4.296813891641;0;0;0;0;0.50581425666163;5.0007821869948;0;20.065703707566;0.052145799655838;0;0;13.938572248005;37.086092715232;github.com/GreenCharge/PMC.gridmix
ALL;20220102T120218;20190402T061500;20190402T063000;11.254019292605;0;0;7.3903945286582;4.2872454448017;0;0;0;0;1.3219006788139;5.0426172612668;0;19.700913591589;0.051038636247639;0;0;13.586484969122;37.120400142908;github.com/GreenCharge/PMC.gridmix
ALL;20220102T120218;20190402T063000;20190402T064500;10.940832217428;0;0;7.3600158706542;4.2850766255022;0;0;0;0;3.7097654118931;5.0538114367902;0;19.148936170213;0.049595794276645;0;0;13.460298566682;35.753608094034;github.com/GreenCharge/PMC.gridmix
ALL;20220102T120218;20190402T064500;20190402T070000;10.875969753511;0;0;7.8365903957576;4.3405676126878;0;0;0;0;3.9182951978788;4.9936168123343;0;18.997348522047;0.049101443582441;0.05892173229893;0;13.385053520574;35.308848080134;github.com/GreenCharge/PMC.gridmix
ALL;20220102T120218;20190402T070000;20190402T071500;11.028167612223;0;0;7.4051955807704;4.3993231810491;0;0;0;0;3.1651239175873;5.0612123021798;0;19.17985468299;0.049766099333134;0.53249726286454;0;13.531402408679;35.408579675525;github.com/GreenCharge/PMC.gridmix
ALL;20220102T120218;20190402T071500;20190402T073000;10.892698788058;0;0;7.3307715045817;4.3748152527343;0;0;0;0;4.5029066903143;4.9955660656222;0;19.046211449404;0.049265937530791;1.6848950635531;0;13.282096758301;33.604295989753;github.com/GreenCharge/PMC.gridmix
ALL;20220102T120218;20190402T073000;20190402T074500;10.799843551384;0;0;7.274860662951;4.3414491053095;0;0;0;0;4.5761220299208;4.9623545516769;0;18.910726508262;0.048890192627359;3.4223134839151;0;13.347022587269;32.081744402073;github.com/GreenCharge/PMC.gridmix
ALL;20220102T120218;20190402T074500;20190402T080000;10.548987699229;0;0;7.1220025845977;4.269372517111;0;0;0;0;4.2406547647537;4.8772316086728;0;18.499018810128;0.047862920595415;5.5520987890681;0;13.25324271287;31.359785574116;github.com/GreenCharge/PMC.gridmix
ALL;20220102T120218;20190402T080000;20190402T081500;10.319651799504;0;0;7.0950531192961;4.1746618617494;0;0;0;0;4.6754340805916;4.7643562502925;0;18.055880563486;0.046801141947864;8.0731969860065;0;13.04347826087;29.526840454907;github.com/GreenCharge/PMC.gridmix
ALL;20220102T120218;20190402T081500;20190402T083000;10.080146553698;0;0;7.3460041218228;4.0851843370735;0;0;0;0;4.5843828715365;4.6530799175635;0;17.691779253492;0.045798030684681;10.744217998626;0;12.786810167163;27.762766201053;github.com/GreenCharge/PMC.gridmix
ALL;20220102T120218;20190402T083000;20190402T084500;10.000454566117;0;0;6.8003091049593;4.091095049775;0;0;0;0;4.5092958770853;4.6502113732442;0;17.550797763535;0.045456611664167;13.718805400245;0;12.327833083322;26.087549434065;github.com/GreenCharge/PMC.gridmix
ALL;20220102T120218;20190402T084500;20190402T090000;10.105698529412;0;0;6.875;4.1544117647059;0;0;0;0;2.65625;4.7242647058824;0;17.752757352941;0.045955882352941;16.980698529412;0;12.136948529412;24.347426470588;github.com/GreenCharge/PMC.gridmix
ALL;20220102T120218;20190402T090000;20190402T091500;9.8275708031806;0;0;6.6470115250603;3.913160010721;0;0;0;0;4.4358080943447;4.6010899669436;0;17.274189225409;0.044670776378093;19.628339140534;0;11.48038952917;21.915482891093;github.com/GreenCharge/PMC.gridmix
ALL;20220102T120218;20190402T091500;20190402T093000;9.8551243069218;0;0;6.6535503487748;3.8991235914863;0;0;0;0;3.6084779109283;4.6190305848685;0;17.246467537113;0.044714720085852;22.688248971561;0;11.214451797532;19.938293686282;github.com/GreenCharge/PMC.gridmix
ALL;20220102T120218;20190402T093000;20190402T094500;9.8261526832955;0;0;6.5270552665511;3.8415366146459;0;0;0;0;2.7522119959095;4.5129162776222;0;17.157974300831;0.044462229336179;25.499088524299;0;11.302298697257;18.305099817705;github.com/GreenCharge/PMC.gridmix
ALL;20220102T120218;20190402T094500;20190402T100000;9.6405586445427;0;0;6.3394772558119;3.7651591436452;0;0;0;0;2.6706361367716;4.2248588065321;0;16.855654305854;0.043780920274944;27.757103454315;0;11.47935729609;16.995753250733;github.com/GreenCharge/PMC.gridmix
ALL;20220102T120218;20190402T100000;20190402T101500;9.4079931609318;0;0;6.1380636888224;3.7101944860013;0;0;0;0;3.5734131224621;4.1932036759991;0;16.494977559308;0.042744176106006;29.566146612524;0;11.38704851464;15.263945287455;github.com/GreenCharge/PMC.gridmix
ALL;20220102T120218;20190402T101500;20190402T103000;9.4370434035238;0;0;6.1538461538462;3.6957455951869;0;0;0;0;1.6458960034379;4.40911044263;0;16.600773528148;0.042973785990546;32.011173184358;0;11.388053287495;14.391920928234;github.com/GreenCharge/PMC.gridmix
ALL;20220102T120218;20190402T103000;20190402T104500;9.3577981651376;0;0;6.1105184553019;3.7379987198635;0;0;0;0;0.70834222317047;4.36953275016;0;16.445487518669;0.042671218263281;33.646255600597;0;11.649242585876;13.710262427992;github.com/GreenCharge/PMC.gridmix
ALL;20220102T120218;20190402T104500;20190402T110000;9.2674876221912;0;0;6.0767635732724;3.7239219669079;0;0;0;0;0.18619609834539;4.1090093521222;0;16.266768228175;0.042317295078499;35.097964538107;0;11.861537810503;13.14798358089;github.com/GreenCharge/PMC.gridmix
ALL;20220102T120218;20190402T110000;20190402T111500;9.1197197781577;0;0;5.9046745340061;3.6695717442976;0;0;0;0;0.21683833034486;4.0365289187273;0;16.054376381302;0.041699678912472;36.124431841875;0;11.955297944206;12.660022517827;github.com/GreenCharge/PMC.gridmix
ALL;20220102T120218;20190402T111500;20190402T113000;8.9456477319166;0;0;5.7703310175725;3.5962402942378;0;0;0;0;0.25745811197385;3.9476910502656;0;15.713118103801;0.040866366979975;36.69391091132;0;11.888026154475;12.934205149162;github.com/GreenCharge/PMC.gridmix
ALL;20220102T120218;20190402T113000;20190402T114500;8.8070585391402;0;0;5.6726159300592;3.545384956287;0;0;0;0;0.32633656984005;3.8757503726683;0;15.486886104508;0.040288465412352;37.08553241207;0;11.699770355747;13.250876274123;github.com/GreenCharge/PMC.gridmix
ALL;20220102T120218;20190402T114500;20190402T120000;8.686820408651;0;0;5.592065957701;3.4731349822759;0;0;0;0;0.1553351654917;3.8316007487952;0;15.298522324451;0.039829529613255;37.459672601267;0;11.375313657546;13.880591070219;github.com/GreenCharge/PMC.gridmix
ALL;20220102T120218;20190402T120000;20190402T121500;8.5399340969716;0;0;5.4134630472305;3.5619017731053;0;0;0;0;0.15298917307391;3.7658873372038;0;15.075317746744;0.039227993095873;37.537266593441;0;10.877922485486;14.83210418955;github.com/GreenCharge/PMC.gridmix
ALL;20220102T120218;20190402T121500;20190402T123000;8.4151147515648;0;0;5.31643613322;3.4927749014759;0;0;0;0;0.027045823352137;3.6859593539912;0;14.828838575071;0.038636890503052;37.674831929526;0;10.435824124874;15.883625685805;github.com/GreenCharge/PMC.gridmix
ALL;20220102T120218;20190402T123000;20190402T124500;8.2555934774365;0;0;5.2332195676906;3.4129692832765;0;0;0;0;0;3.6405005688282;0;14.550625711035;0.037921880925294;37.334091770952;0;10.640879787637;16.697004171407;github.com/GreenCharge/PMC.gridmix
ALL;20220102T120218;20190402T124500;20190402T130000;8.111851463652;0;0;5.1658306505952;3.3989668338699;0;0;0;0;0;3.5674178333458;0;14.352025155349;0.037433555439096;37.122856928951;0;10.74343041102;17.305532679494;github.com/GreenCharge/PMC.gridmix
ALL;20220102T120218;20190402T130000;20190402T131500;8.0189377126794;0;0;5.0599201065246;3.3288948069241;0;0;0;0;0;3.5545198993934;0;14.206983281551;0.036987720076934;36.795383932534;0;10.989051634857;17.816984761059;github.com/GreenCharge/PMC.gridmix
ALL;20220102T120218;20190402T131500;20190402T133000;7.9091306884481;0;0;4.9883313885648;3.2963827304551;0;0;0;0;0;3.4969369894982;0;13.969515752625;0.036464410735123;36.314906651109;0;11.260210035006;18.538506417736;github.com/GreenCharge/PMC.gridmix
ALL;20220102T120218;20190402T133000;20190402T134500;7.8695305130252;0;0;4.9633553443146;3.2508526231768;0;0;0;0;0;3.4649154633191;0;13.888687323126;0.036281837312241;35.719468833902;0;11.548508816486;19.069733691314;github.com/GreenCharge/PMC.gridmix
ALL;20220102T120218;20190402T134500;20190402T140000;7.8100244850929;0;0;4.9258245715109;3.2118680685583;0;0;0;0;0;3.431513754861;0;13.783667002737;0.036007489557828;34.833645398243;0;11.806855826012;19.973354457727;github.com/GreenCharge/PMC.gridmix
ALL;20220102T120218;20190402T140000;20190402T141500;7.8160423189032;0;0;4.8940228147828;3.1523264601101;0;0;0;0;0;3.4689985245961;0;13.789628989888;0.035985461873403;34.078232394113;0;11.918384972471;20.67364784627;github.com/GreenCharge/PMC.gridmix
ALL;20220102T120218;20190402T141500;20190402T143000;7.7994028132532;0;0;4.8926143108969;3.1226391337195;0;0;0;0;0;3.511170270173;0;13.782062812534;0.035975105227183;33.003561535417;0;11.792639493471;21.887254020218;github.com/GreenCharge/PMC.gridmix
ALL;20220102T120218;20190402T143000;20190402T144500;7.833669645431;0;0;4.9005477082733;3.1421158835399;0;0;0;0;0;3.4087633323724;0;13.786393773422;0.036033439031421;31.940040357452;0;12.017151916979;22.762323436149;github.com/GreenCharge/PMC.gridmix
ALL;20220102T120218;20190402T144500;20190402T150000;7.8916841876314;0;0;5.0025375190314;3.1610237076778;0;0;0;0;0;3.403900529254;0;13.858478938592;0.036250271877039;30.863481476111;0;12.422968172261;23.185673892554;github.com/GreenCharge/PMC.gridmix
ALL;20220102T120218;20190402T150000;20190402T151500;7.9405551103664;0;0;4.9974502804691;3.161652218256;0;0;0;0;0;3.4457638231223;0;13.928753551395;0.036424564726452;29.547606906097;0;12.573759743571;24.193195891309;github.com/GreenCharge/PMC.gridmix
ALL;20220102T120218;20190402T151500;20190402T153000;7.9771871458341;0;0;5.015903191606;3.1733265089752;0;0;0;0;0;3.4548312799327;0;13.980184988849;0.036559061163309;28.081014879538;0;12.938251745695;25.167257704822;github.com/GreenCharge/PMC.gridmix
