LOC;Time;Start;End;Biomass;Lignite;Coal;Gas;HardCoal;Oil;Shale;Peat;Geothermal;HydroPumped;Hydro;Marine;Nuclear;OtherRES;Solar;Waste;WindOffShore;WindOnShore;SwID
ALL;20220102T120222;20211001T000000;20211001T001500;10.949742021785;0;0;3.2295050640168;1.4141028090961;0;0;0;0;0;3.6308045098414;0;11.40836995987;0.13376648194152;0;0;24.001528759794;43.8562965794;github.com/GreenCharge/PMC.gridmix
ALL;20220102T120222;20211001T001500;20211001T003000;10.908052541405;0;0;3.2362459546926;1.4467923091567;0;0;0;0;0;3.6550542547116;0;10.831905577765;0.13325718636969;0;0;23.891109841995;44.526936988388;github.com/GreenCharge/PMC.gridmix
ALL;20220102T120222;20211001T003000;20211001T004500;10.807217473884;0;0;3.2098765432099;1.4055080721747;0;0;0;0;0;3.5897435897436;0;10.522317188984;0.1329534662868;0;0;23.836657169991;45.128205128205;github.com/GreenCharge/PMC.gridmix
ALL;20220102T120222;20211001T004500;20211001T010000;10.793410338951;0;0;3.2001514864609;1.3823139556902;0;0;0;0;0;3.503124408256;0;10.320015148646;0.13255065328536;0;0;23.764438553304;45.540617307328;github.com/GreenCharge/PMC.gridmix
ALL;20220102T120222;20211001T010000;20211001T011500;10.730421686747;0;0;3.0496987951807;1.4118975903614;0;0;0;0;0;3.5015060240964;0;10.184487951807;0.13177710843373;0;0;23.644578313253;45.990210843373;github.com/GreenCharge/PMC.gridmix
ALL;20220102T120222;20211001T011500;20211001T013000;10.671417854464;0;0;3.0195048762191;1.3690922730683;0;0;0;0;0;3.4696174043511;0;10.146286571643;0.13128282070518;0;0;23.574643660915;46.267816954239;github.com/GreenCharge/PMC.gridmix
ALL;20220102T120222;20211001T013000;20211001T014500;10.649447875725;0;0;3.0132884147483;1.3475575519371;0;0;0;0;0;3.6309189593861;0;10.106681639528;0.13101253977166;0;0;23.507392850459;46.266142616508;github.com/GreenCharge/PMC.gridmix
ALL;20220102T120222;20211001T014500;20211001T020000;10.56259314456;0;0;2.9806259314456;1.322652757079;0;0;0;0;0;3.4649776453055;0;10.003725782414;0.13040238450075;0;0;23.714605067064;46.47913561848;github.com/GreenCharge/PMC.gridmix
ALL;20220102T120222;20211001T020000;20211001T021500;10.413223140496;0;0;2.9201101928375;1.2121212121212;0;0;0;0;0;3.3976124885216;0;9.9357208448118;0.12855831037649;0;0;23.911845730028;46.758494031221;github.com/GreenCharge/PMC.gridmix
ALL;20220102T120222;20211001T021500;20211001T023000;10.353027254436;0;0;2.9083592463874;1.1706603255899;0;0;0;0;0;3.3473568684836;0;9.8408633619901;0.1280409731114;0;0;23.888787269069;47.045911834644;github.com/GreenCharge/PMC.gridmix
ALL;20220102T120222;20211001T023000;20211001T024500;10.293313900528;0;0;2.9149207505921;1.184186554928;0;0;0;0;0;3.3339406084897;0;9.8014210238659;0.1275277828384;0;0;23.774822372017;47.258152668974;github.com/GreenCharge/PMC.gridmix
ALL;20220102T120222;20211001T024500;20211001T030000;10.212225648467;0;0;2.9022310901506;1.1790313803737;0;0;0;0;0;3.3194268093597;0;9.7768909849447;0.12697261019409;0;0;23.6169054961;47.560311989842;github.com/GreenCharge/PMC.gridmix
ALL;20220102T120222;20211001T030000;20211001T031500;10.18267317779;0;0;2.8757460661964;1.1575330077772;0;0;0;0;0;3.2917344908663;0;9.802857659613;0.12660517272563;0;0;23.58473503346;47.693977211069;github.com/GreenCharge/PMC.gridmix
ALL;20220102T120222;20211001T031500;20211001T033000;10.14074341393;0;0;2.8870443883075;1.154817755323;0;0;0;0;0;3.2840129916997;0;9.7437748105377;0.12630819198845;0;0;23.529411764706;47.852760736196;github.com/GreenCharge/PMC.gridmix
ALL;20220102T120222;20211001T033000;20211001T034500;10.122699386503;0;0;2.8870443883075;1.1728617827499;0;0;0;0;0;3.2840129916997;0;9.7437748105377;0.12630819198845;0;0;23.529411764706;47.852760736196;github.com/GreenCharge/PMC.gridmix
ALL;20220102T120222;20211001T034500;20211001T040000;10.130718954248;0;0;2.9048656499637;1.1619462599855;0;0;0;0;0;3.2861292665214;0;9.8039215686275;0.12708787218591;0;0;23.674655047204;47.621641249092;github.com/GreenCharge/PMC.gridmix
ALL;20220102T120222;20211001T040000;20211001T041500;10.147567862999;0;0;2.9149207505921;1.1659683002368;0;0;0;0;0;3.3157223537985;0;9.8560757879395;0.1275277828384;0;0;23.738385862634;47.440335215886;github.com/GreenCharge/PMC.gridmix
ALL;20220102T120222;20211001T041500;20211001T043000;10.186539868325;0;0;2.9261155815655;1.1704462326262;0;0;0;0;0;3.3101682516459;0;9.8939283101683;0.12801755669349;0;0;23.829553767374;47.256766642282;github.com/GreenCharge/PMC.gridmix
ALL;20220102T120222;20211001T043000;20211001T044500;10.205203371198;0;0;2.9314767314034;1.1725906925614;0;0;0;0;0;3.2979113228289;0;9.9120556980579;0.1282521069989;0;0;23.836570172224;47.215097105167;github.com/GreenCharge/PMC.gridmix
ALL;20220102T120222;20211001T044500;20211001T050000;10.165137614679;0;0;2.9357798165138;1.1926605504587;0;0;0;0;0;3.2844036697248;0;9.9082568807339;0.12844036697248;0;0;23.871559633028;47.211009174312;github.com/GreenCharge/PMC.gridmix
ALL;20220102T120222;20211001T050000;20211001T051500;10.172603745869;0;0;2.9379360998898;1.1568123393316;0;0;0;0;0;3.2500918105031;0;9.9155343371282;0.12853470437018;0;0;23.907455012853;47.227322805729;github.com/GreenCharge/PMC.gridmix
ALL;20220102T120222;20211001T051500;20211001T053000;10.187568959176;0;0;2.9238690695108;1.195292386907;0;0;0;0;0;3.2364840014711;0;9.9485104817948;0.12872379551306;0;0;23.924236851784;47.149687385068;github.com/GreenCharge/PMC.gridmix
ALL;20220102T120222;20211001T053000;20211001T054500;10.21198156682;0;0;2.9861751152074;1.2165898617512;0;0;0;0;0;3.2442396313364;0;9.9539170506912;0.12903225806452;0;0;23.981566820276;46.967741935484;github.com/GreenCharge/PMC.gridmix
ALL;20220102T120222;20211001T054500;20211001T060000;10.193905817175;0;0;2.9916897506925;1.3111726685134;0;0;0;0;0;3.2502308402585;0;9.9907663896584;0.12927054478301;0;0;24.04432132964;46.777469990766;github.com/GreenCharge/PMC.gridmix
ALL;20220102T120222;20211001T060000;20211001T061500;9.963963963964;0;0;3.1531531531532;1.5495495495495;0;0;0;0;0;3.1351351351351;0;9.6936936936937;0.12612612612613;0;0;23.459459459459;47.603603603604;github.com/GreenCharge/PMC.gridmix
ALL;20220102T120222;20211001T061500;20211001T063000;9.8979774476463;0;0;3.5081439054949;1.6824771791659;0;0;0;0;0;3.0964739574011;0;9.6294970467156;0.12529085376767;0;0;23.304098800788;47.449436191158;github.com/GreenCharge/PMC.gridmix
ALL;20220102T120222;20211001T063000;20211001T064500;9.8910908766292;0;0;3.4993751115872;1.9460810569541;0;0;0;0;0.1606855918586;3.1601499732191;0;9.6946973754687;0.12497768255669;0;0;23.227995000893;46.991608641314;github.com/GreenCharge/PMC.gridmix
ALL;20220102T120222;20211001T064500;20211001T070000;9.8209537316079;0;0;3.4745612480057;2.0918276901259;0;0;0;0;1.1345506115937;3.279560361638;0;9.5904981386279;0.12409147314306;0;0;23.063286651303;46.126573302606;github.com/GreenCharge/PMC.gridmix
ALL;20220102T120222;20211001T070000;20211001T071500;9.6343787905042;0;0;3.7081961531797;2.6685149887368;0;0;0;0;2.5992029111073;3.1536995321435;0;9.3398024605788;0.12129613585167;0.051984058222145;0;22.578409287818;44.879570265119;github.com/GreenCharge/PMC.gridmix
ALL;20220102T120222;20211001T071500;20211001T073000;9.560590456574;0;0;3.6731891520769;2.7291452111226;0;0;0;0;3.2269138345348;3.1239272227944;0;9.2687950566426;0.12015104703055;0.25746652935118;0;22.416752488843;44.370065224854;github.com/GreenCharge/PMC.gridmix
ALL;20220102T120222;20211001T073000;20211001T074500;9.5885694611809;0;0;3.6839387157858;2.7371320364951;0;0;0;0;3.7700120502668;3.1158547082114;0;9.2959201239456;0.12050266827337;1.1533826820451;0;22.53399896712;42.744017903254;github.com/GreenCharge/PMC.gridmix
ALL;20220102T120222;20211001T074500;20211001T080000;9.4044414535666;0;0;3.600269179004;2.6749663526245;0;0;0;0;3.8526244952894;3.0450874831763;0;9.0511440107672;0.11776581426649;2.5067294751009;0;22.039030955585;42.479811574697;github.com/GreenCharge/PMC.gridmix
ALL;20220102T120222;20211001T080000;20211001T081500;9.2961487383798;0;0;3.7350597609562;2.5896414342629;0;0;0;0;3.8180610889774;2.9880478087649;0;8.9807436918991;0.11620185922975;4.2662682602922;0;21.729747675963;41.268260292165;github.com/GreenCharge/PMC.gridmix
ALL;20220102T120222;20211001T081500;20211001T083000;9.1711623344777;0;0;3.6782736635606;2.5666176230178;0;0;0;0;3.4657511852215;2.9426189308485;0;8.8442046754945;0.11443518064411;6.3920222331208;0;21.383030897499;40.248487820827;github.com/GreenCharge/PMC.gridmix
ALL;20220102T120222;20211001T083000;20211001T084500;9.2252133946159;0;0;3.693368351937;2.5771503611294;0;0;0;0;1.3788575180565;2.8233749179251;0;8.8640840446487;0.11490479317137;8.8148391332896;0;21.470781352594;39.83913328956;github.com/GreenCharge/PMC.gridmix
ALL;20220102T120222;20211001T084500;20211001T090000;9.0514469453376;0;0;3.6173633440514;2.524115755627;0;0;0;0;1.5273311897106;2.7331189710611;0;8.6655948553055;0.11254019292605;11.20578778135;0;21.028938906752;38.360128617363;github.com/GreenCharge/PMC.gridmix
ALL;20220102T120222;20211001T090000;20211001T091500;8.7891538101917;0;0;3.2881408757987;2.0414523920835;0;0;0;0;2.7271310581269;2.6336294218482;0;8.4307308711236;0.10908524232507;13.557737260402;0;20.367773102696;36.901979117968;github.com/GreenCharge/PMC.gridmix
ALL;20220102T120222;20211001T091500;20211001T093000;8.6120018323408;0;0;3.2218659337303;1.8476103221866;0;0;0;0;2.3973125668041;2.5805466483433;0;8.2302641624676;0.10688654756451;15.910826080318;0;19.957245380974;36.005497022446;github.com/GreenCharge/PMC.gridmix
ALL;20220102T120222;20211001T093000;20211001T094500;8.4585336538462;0;0;3.1700721153846;1.7578125;0;0;0;0;2.0582932692308;2.5240384615385;0;8.0829326923077;0.10516826923077;18.284254807692;0;19.636418269231;34.810697115385;github.com/GreenCharge/PMC.gridmix
ALL;20220102T120222;20211001T094500;20211001T100000;8.3038348082596;0;0;3.1120943952802;1.7256637168142;0;0;0;0;1.8289085545723;2.4778761061947;0;7.9351032448378;0.10324483775811;20.47197640118;0;19.277286135693;33.672566371681;github.com/GreenCharge/PMC.gridmix
ALL;20220102T120222;20211001T100000;20211001T101500;8.2382206613989;0;0;2.9265437518291;1.6827626573017;0;0;0;0;0.55604331284753;2.4582967515364;0;7.9016681299385;0.10242903131402;22.783143107989;0;19.168861574481;33.113842551946;github.com/GreenCharge/PMC.gridmix
ALL;20220102T120222;20211001T101500;20211001T103000;8.113561031849;0;0;2.8534370946822;1.7005332180429;0;0;0;0;0.23058077532786;2.4066868424845;0;7.7532785703992;0.10087908920594;24.542441273959;0;18.893212278426;32.35336503819;github.com/GreenCharge/PMC.gridmix
ALL;20220102T120222;20211001T103000;20211001T104500;7.954224357163;0;0;2.8115286804182;1.6953941791467;0;0;0;0;0.19779598756711;2.3594235659791;0;7.6010172365075;0.098897993783555;26.222096637468;0;18.522181407177;31.506075162475;github.com/GreenCharge/PMC.gridmix
ALL;20220102T120222;20211001T104500;20211001T110000;7.8485944892847;0;0;2.7692735875313;1.6838296688004;0;0;0;0;0.16699137211244;2.3378792095742;0;7.4728639020317;0.097411633732257;27.734483718341;0;18.271639298636;30.601168939605;github.com/GreenCharge/PMC.gridmix
ALL;20220102T120222;20211001T110000;20211001T111500;7.7227452585619;0;0;2.8243962341384;1.650975576477;0;0;0;0;0.40933278755628;2.2786191840633;0;7.3952790285169;0.095510983763133;28.898894801474;0;17.901487242461;29.826715786601;github.com/GreenCharge/PMC.gridmix
ALL;20220102T120222;20211001T111500;20211001T113000;7.5818572195384;0;0;2.7777777777778;1.6237251744498;0;0;0;0;0.61728395061728;2.2678475577026;0;7.2329575952764;0.093934514224369;29.871175523349;0;17.565754159957;29.38808373591;github.com/GreenCharge/PMC.gridmix
ALL;20220102T120222;20211001T113000;20211001T114500;7.4966887417219;0;0;2.7417218543046;1.5894039735099;0;0;0;0;0.88741721854305;2.2251655629139;0;7.1523178807947;0.092715231788079;30.675496688742;0;17.377483443709;28.794701986755;github.com/GreenCharge/PMC.gridmix
ALL;20220102T120222;20211001T114500;20211001T120000;7.4910820451843;0;0;2.7348394768133;1.5722024045449;0;0;0;0;0.1585414189457;2.2195798652398;0;7.1343638525565;0.092482494384991;31.549742370194;0;17.584885718061;28.497820055489;github.com/GreenCharge/PMC.gridmix
ALL;20220102T120222;20211001T120000;20211001T121500;7.4248366013072;0;0;2.6666666666667;1.4771241830065;0;0;0;0;0.22222222222222;2.2091503267974;0;7.0718954248366;0.091503267973856;32.065359477124;0;17.398692810458;28.418300653595;github.com/GreenCharge/PMC.gridmix
ALL;20220102T120222;20211001T121500;20211001T123000;7.4472269568638;0;0;2.7009309033696;1.4815786023338;0;0;0;0;0.15733578077881;2.2158122459683;0;7.1063327651763;0.091779205454307;32.673397141733;0;17.464271666448;27.704208732136;github.com/GreenCharge/PMC.gridmix
ALL;20220102T120222;20211001T123000;20211001T124500;7.3958333333333;0;0;2.6822916666667;1.4583333333333;0;0;0;0;0.15625;2.1875;0;7.0833333333333;0.091145833333333;32.942708333333;0;17.34375;27.708333333333;github.com/GreenCharge/PMC.gridmix
ALL;20220102T120222;20211001T124500;20211001T130000;7.3752430330525;0;0;2.6701231367466;1.451717433571;0;0;0;0;0.15554115359689;2.1905379131562;0;7.0123136746598;0.090732339598185;33.052495139339;0;17.252106286455;27.802981205444;github.com/GreenCharge/PMC.gridmix
ALL;20220102T120222;20211001T130000;20211001T131500;7.313012295082;0;0;2.5102459016393;1.4472336065574;0;0;0;0;0.15368852459016;2.1516393442623;0;6.9800204918033;0.089651639344262;32.863729508197;0;17.03381147541;28.522028688525;github.com/GreenCharge/PMC.gridmix
ALL;20220102T120222;20211001T131500;20211001T133000;7.3277527366388;0;0;2.5112685125563;1.4166130070831;0;0;0;0;0.1545396007727;2.1764327108822;0;6.9800386349002;0.09014810045074;33.071474565357;0;17.115260785576;28.216355441082;github.com/GreenCharge/PMC.gridmix
ALL;20220102T120222;20211001T133000;20211001T134500;7.3839389628863;0;0;2.5216604163973;1.3966119229277;0;0;0;0;0.15517910254752;2.1854390275443;0;7.0089227983965;0.090521143152722;33.040217250744;0;17.186085607138;28.087417561102;github.com/GreenCharge/PMC.gridmix
ALL;20220102T120222;20211001T134500;20211001T140000;7.4853037230568;0;0;2.5342913128674;1.3716525146963;0;0;0;0;0.15676028739386;2.2077073807969;0;7.0672762900065;0.091443500979752;32.828216851731;0;17.36120182887;27.942521227956;github.com/GreenCharge/PMC.gridmix
ALL;20220102T120222;20211001T140000;20211001T141500;7.483348569936;0;0;2.4552696878673;1.4104740760089;0;0;0;0;0.15671934177876;2.1940707849027;0;7.0784902703409;0.091419616037613;32.127465064647;0;17.330547211702;28.70575943581;github.com/GreenCharge/PMC.gridmix
ALL;20220102T120222;20211001T141500;20211001T143000;7.5127835321883;0;0;2.4649272322014;1.4029107119444;0;0;0;0;0.53756391766094;2.2289235610332;0;7.1063327651763;0.091779205454307;31.270486429789;0;17.385603776059;29.028451553691;github.com/GreenCharge/PMC.gridmix
ALL;20220102T120222;20211001T143000;20211001T144500;7.5523922499011;0;0;2.4515618821669;1.3575853433505;0;0;0;0;0.93581125609595;2.2538552787663;0;7.1569790431;0.092263081586925;30.262290760511;0;17.477263740609;29.484644787136;github.com/GreenCharge/PMC.gridmix
ALL;20220102T120222;20211001T144500;20211001T150000;7.719298245614;0;0;2.5101214574899;1.3900134952767;0;0;0;0;1.0526315789474;2.3211875843455;0;7.3414304993252;0.0944669365722;29.514170040486;0;17.435897435897;29.622132253711;github.com/GreenCharge/PMC.gridmix
ALL;20220102T120222;20211001T150000;20211001T151500;7.8932817251866;0;0;2.5297207630633;1.5758916228919;0;0;0;0;1.9767763339784;2.4191318772463;0;7.5200442355543;0.096765275089853;28.683992258778;0;17.265689798175;29.015758916229;github.com/GreenCharge/PMC.gridmix
ALL;20220102T120222;20211001T151500;20211001T153000;8.0740950226244;0;0;2.5735294117647;1.8382352941176;0;0;0;0;2.8987556561086;2.4745475113122;0;7.6923076923077;0.098981900452489;27.432126696833;0;17.647058823529;28.223981900452;github.com/GreenCharge/PMC.gridmix
ALL;20220102T120222;20211001T153000;20211001T154500;8.2874529121994;0;0;2.6369168356998;1.9704433497537;0;0;0;0;3.4337873080267;2.549985511446;0;7.8962619530571;0.10141987829615;26.122862938279;0;18.096203998841;27.832512315271;github.com/GreenCharge/PMC.gridmix
ALL;20220102T120222;20211001T154500;20211001T160000;8.468168758506;0;0;2.7521548465144;2.1019204597006;0;0;0;0;3.5536065325873;2.661424466959;0;8.2110993497656;0.10585210948132;25.041584757296;0;18.902162407379;27.083018297293;github.com/GreenCharge/PMC.gridmix
ALL;20220102T120222;20211001T160000;20211001T161500;8.9589905362776;0;0;3.01261829653;2.2239747634069;0;0;0;0;2.6971608832808;2.6971608832808;0;8.5646687697161;0.11041009463722;23.596214511041;0;19.179810725552;27.760252365931;github.com/GreenCharge/PMC.gridmix
ALL;20220102T120222;20211001T161500;20211001T163000;9.2265282957678;0;0;3.2106372628507;2.4971623155505;0;0;0;0;2.6917463920869;2.7890384303551;0;8.837360142695;0.11350737797957;21.598832495541;0;19.393546294795;28.409275174315;github.com/GreenCharge/PMC.gridmix
ALL;20220102T120222;20211001T163000;20211001T164500;9.53418230563;0;0;3.4517426273458;2.8150134048257;0;0;0;0;2.8820375335121;2.9155495978552;0;9.1487935656836;0.11729222520107;19.453753351206;0;19.973190348525;28.434986595174;github.com/GreenCharge/PMC.gridmix
ALL;20220102T120222;20211001T164500;20211001T170000;9.8954703832753;0;0;3.6585365853659;3.2229965156794;0;0;0;0;3.8850174216028;3.01393728223;0;9.5296167247387;0.1219512195122;17.212543554007;0;20.766550522648;27.369337979094;github.com/GreenCharge/PMC.gridmix
ALL;20220102T120222;20211001T170000;20211001T171500;10.033562974739;0;0;4.0805511393747;4.398516163222;0;0;0;0;4.380851439675;2.9853382794559;0;9.5742801625155;0.12365306482954;14.449743861509;0;21.091679915209;27.539304009892;github.com/GreenCharge/PMC.gridmix
ALL;20220102T120222;20211001T171500;20211001T173000;10.492347409183;0;0;4.2596348884381;4.9419140697031;0;0;0;0;3.7433155080214;3.2269961276046;0;10.049787940254;0.12907984510419;11.949105661073;0;21.980453623456;27.825926608888;github.com/GreenCharge/PMC.gridmix
ALL;20220102T120222;20211001T173000;20211001T174500;10.879541108987;0;0;4.4168260038241;5.3154875717017;0;0;0;0;3.8432122370937;3.3460803059273;0;10.497131931166;0.13384321223709;9.2543021032505;0;22.772466539197;28.087954110899;github.com/GreenCharge/PMC.gridmix
ALL;20220102T120222;20211001T174500;20211001T180000;11.093780464028;0;0;4.6012868005459;5.3811659192825;0;0;0;0;4.9912263599142;3.5484499902515;0;10.70384090466;0.1364788457789;6.531487619419;0;23.201403782414;28.329108988107;github.com/GreenCharge/PMC.gridmix
ALL;20220102T120222;20211001T180000;20211001T181500;11.592434411226;0;0;5.7352043929225;5.6131787675412;0;0;0;0;3.3557046979866;3.6200935529795;0;10.98230628432;0.14236322961155;4.2302216798861;0;24.262761846654;28.920073215375;github.com/GreenCharge/PMC.gridmix
ALL;20220102T120222;20211001T181500;20211001T183000;11.83800623053;0;0;6.417445482866;5.7320872274143;0;0;0;0;3.073727933541;3.6760124610592;0;11.318795430945;0.1453790238837;2.2845275181724;0;24.693665628245;29.241952232606;github.com/GreenCharge/PMC.gridmix
ALL;20220102T120222;20211001T183000;20211001T184500;11.847848680108;0;0;6.8592808147994;5.736853045105;0;0;0;0;2.9099979214301;3.6998545001039;0;11.286634795261;0.1454998960715;0.81064227811266;0;24.734982332155;30.388692579505;github.com/GreenCharge/PMC.gridmix
ALL;20220102T120222;20211001T184500;20211001T190000;11.778147071043;0;0;6.8965517241379;5.7332779393436;0;0;0;0;2.6589115081014;3.6975488159535;0;11.300373909431;0.14540922309929;0.14540922309929;0;24.761113419194;31.304528458662;github.com/GreenCharge/PMC.gridmix
ALL;20220102T120222;20211001T190000;20211001T191500;11.740473738414;0;0;6.7559217301751;5.6642636457261;0;0;0;0;2.3686920700309;3.6045314109166;0;11.143151390319;0.14418125643666;0;0;24.778578784758;32.234809474768;github.com/GreenCharge/PMC.gridmix
ALL;20220102T120222;20211001T191500;20211001T193000;11.566558441558;0;0;6.6558441558442;5.5803571428571;0;0;0;0;2.0698051948052;3.4699675324675;0;11.059253246753;0.14204545454545;0;0;25.162337662338;32.751623376623;github.com/GreenCharge/PMC.gridmix
ALL;20220102T120222;20211001T193000;20211001T194500;11.411411411411;0;0;6.5665665665666;5.5055055055055;0;0;0;0;2.4224224224224;3.5435435435435;0;10.850850850851;0.14014014014014;0;0;25.165165165165;32.872872872873;github.com/GreenCharge/PMC.gridmix
ALL;20220102T120222;20211001T194500;20211001T200000;11.452682338758;0;0;6.5903154510749;5.525416917822;0;0;0;0;1.8485031143259;3.3956198513161;0;10.890094434398;0.14064697609001;0;0;25.175808720113;33.453887884268;github.com/GreenCharge/PMC.gridmix
ALL;20220102T120222;20211001T200000;20211001T201500;11.36997212266;0;0;6.2325766626842;5.3962564715253;0;0;0;0;2.3098367184389;3.5643170051772;0;10.812425328554;0.13938669852648;0;0;24.850657108722;33.811230585424;github.com/GreenCharge/PMC.gridmix
ALL;20220102T120222;20211001T201500;20211001T203000;11.446868120873;0;0;5.8234940964579;5.4232539523714;0;0;0;0;1.180708425055;3.3620172103262;0;10.78647188313;0.14008405043026;0;0;24.874924954973;35.441264758855;github.com/GreenCharge/PMC.gridmix
ALL;20220102T120222;20211001T203000;20211001T204500;11.474423269809;0;0;5.6569709127382;5.4162487462387;0;0;0;0;1.0230692076229;3.3901705115346;0;10.852557673019;0.14042126379137;0;0;24.834503510532;35.687061183551;github.com/GreenCharge/PMC.gridmix
ALL;20220102T120222;20211001T204500;20211001T210000;11.495176848875;0;0;5.6872990353698;5.2049839228296;0;0;0;0;0.46221864951768;3.3963022508039;0;10.852090032154;0.14067524115756;0;0;24.618167202572;36.61575562701;github.com/GreenCharge/PMC.gridmix
ALL;20220102T120222;20211001T210000;20211001T211500;11.57341951121;0;0;5.211068471016;4.4637446980408;0;0;0;0;1.0906887497475;3.6356291658251;0;11.028075136336;0.14138557867098;0;0;23.793173096344;37.527772167239;github.com/GreenCharge/PMC.gridmix
ALL;20220102T120222;20211001T211500;20211001T213000;11.863354037267;0;0;5.1552795031056;4.4099378881988;0;0;0;0;1.3250517598344;3.6438923395445;0;11.221532091097;0.14492753623188;0;0;21.573498964803;39.089026915114;github.com/GreenCharge/PMC.gridmix
ALL;20220102T120222;20211001T213000;20211001T214500;12.079124579125;0;0;5.1557239057239;4.3350168350168;0;0;0;0;1.473063973064;3.766835016835;0;11.405723905724;0.1473063973064;0;0;20.749158249158;39.288720538721;github.com/GreenCharge/PMC.gridmix
ALL;20220102T120222;20211001T214500;20211001T220000;12.117373865316;0;0;5.1298290056998;4.179860671311;0;0;0;0;1.7310534093308;3.6943213004011;0;11.399620012666;0.14777285201604;0;0;20.477095207938;39.518682710576;github.com/GreenCharge/PMC.gridmix
ALL;20220102T120222;20211001T220000;20211001T221500;12.595837897043;0;0;5.1259583789704;4.2935377875137;0;0;0;0;1.5334063526835;3.789704271632;0;11.938663745893;0.15334063526835;0;0;19.189485213582;39.693318729463;github.com/GreenCharge/PMC.gridmix
ALL;20220102T120222;20211001T221500;20211001T223000;12.554585152838;0;0;5.0873362445415;4.3013100436681;0;0;0;0;2.5545851528384;3.7772925764192;0;11.812227074236;0.1528384279476;0;0;18.406113537118;39.672489082969;github.com/GreenCharge/PMC.gridmix
ALL;20220102T120222;20211001T223000;20211001T224500;12.729687845915;0;0;5.1582909010405;3.9849457604605;0;0;0;0;1.8153641797653;3.8521142351118;0;12.043391631614;0.1549701129068;0;0;18.618552136374;39.938011954837;github.com/GreenCharge/PMC.gridmix
ALL;20220102T120222;20211001T224500;20211001T230000;12.83542039356;0;0;5.1654740608229;3.4883720930233;0;0;0;0;1.3193202146691;3.8908765652952;0;12.16457960644;0.15652951699463;0;0;19.230769230769;40.026833631485;github.com/GreenCharge/PMC.gridmix
ALL;20220102T120222;20211001T230000;20211001T231500;13.228854574787;0;0;5.2777137589306;3.065222401475;0;0;0;0;0.71445033417838;4.1484212952293;0;12.652684950449;0.16132749481447;0;0;18.760082968426;40.331873703618;github.com/GreenCharge/PMC.gridmix
ALL;20220102T120222;20211001T231500;20211001T233000;13.418903150525;0;0;5.3208868144691;2.6604434072345;0;0;0;0;1.5869311551925;4.1073512252042;0;12.812135355893;0.16336056009335;0;0;18.599766627771;39.649941656943;github.com/GreenCharge/PMC.gridmix
ALL;20220102T120222;20211001T233000;20211001T234500;13.615912858158;0;0;5.3279659010182;2.4863840871418;0;0;0;0;1.6575893914279;4.2150130239166;0;13.023916646933;0.16575893914279;0;0;18.067724366564;39.734785697372;github.com/GreenCharge/PMC.gridmix
ALL;20220102T120222;20211001T234500;20211002T000000;13.832090449844;0;0;5.4366129420255;2.3093577098869;0;0;0;0;1.2509020928554;4.1135434207361;0;13.423141688718;0.16839066634592;0;0;17.897522251624;39.83642049555;github.com/GreenCharge/PMC.gridmix
ALL;20220102T120222;20211002T000000;20211002T001500;14.145623927433;0;0;5.1973522922285;1.7161068889434;0;0;0;0;0.34322137778867;4.2657514096592;0;13.974013238539;0.17161068889434;0;0;18.533954400588;39.960774699681;github.com/GreenCharge/PMC.gridmix
ALL;20220102T120222;20211002T001500;20211002T003000;14.201329067192;0;0;5.2670440561162;1.7474772335713;0;0;0;0;0.29534826482894;4.4302239724342;0;15.185823283288;0.17228648781688;0;0;18.188530642382;38.813684469604;github.com/GreenCharge/PMC.gridmix
ALL;20220102T120222;20211002T003000;20211002T004500;14.51572327044;0;0;5.4088050314465;1.7861635220126;0;0;0;0;0.27672955974843;4.3018867924528;0;15.446540880503;0.17610062893082;0;0;17.283018867925;39.069182389937;github.com/GreenCharge/PMC.gridmix
ALL;20220102T120222;20211002T004500;20211002T010000;14.816726897264;0;0;5.5498193082086;1.8069179143005;0;0;0;0;0;4.4140423335054;0;15.178110480124;0.18069179143005;0;0;17.08828084667;39.184305627259;github.com/GreenCharge/PMC.gridmix
ALL;20220102T120222;20211002T010000;20211002T011500;15.194908512331;0;0;5.674887297799;1.882789710952;0;0;0;0;0;4.5876425351366;0;15.221426677274;0.1856271546009;0;0;16.123044285335;39.299920445505;github.com/GreenCharge/PMC.gridmix
ALL;20220102T120222;20211002T011500;20211002T013000;15.634379263302;0;0;5.8390177353342;1.93724420191;0;0;0;0;0;4.774897680764;0;15.607094133697;0.19099590723056;0;0;14.815825375171;39.317871759891;github.com/GreenCharge/PMC.gridmix
ALL;20220102T120222;20211002T013000;20211002T014500;15.974351826038;0;0;5.965988291051;1.9793699470309;0;0;0;0;0;4.8508502927237;0;16.197379425704;0.19514914970728;0;0;13.911346529133;39.001951491497;github.com/GreenCharge/PMC.gridmix
ALL;20220102T120222;20211002T014500;20211002T020000;16.379310344828;0;0;6.1206896551724;1.9827586206897;0;0;0;0;0;4.9425287356322;0;17.068965517241;0.20114942528736;0;0;12.701149425287;38.620689655172;github.com/GreenCharge/PMC.gridmix
ALL;20220102T120222;20211002T020000;20211002T021500;16.754850088183;0;0;6.2610229276896;2.0576131687243;0;0;0;0;0;5.0852439741329;0;18.253968253968;0.20576131687243;0;0;11.463844797178;37.889476778366;github.com/GreenCharge/PMC.gridmix
ALL;20220102T120222;20211002T021500;20211002T023000;17.148884870404;0;0;6.4195298372514;2.1097046413502;0;0;0;0;0;5.5153707052441;0;19.439421338156;0.21097046413502;0;0;10.88004822182;36.196503918023;github.com/GreenCharge/PMC.gridmix
ALL;20220102T120222;20211002T023000;20211002T024500;17.498459642637;0;0;6.5619223659889;2.1565003080715;0;0;0;0;0.40049291435613;5.637707948244;0;19.932224276032;0.21565003080715;0;0;9.765865680838;35.705483672212;github.com/GreenCharge/PMC.gridmix
ALL;20220102T120222;20211002T024500;20211002T030000;17.842454919329;0;0;6.7700094906675;2.2144890857324;0;0;0;0;0.31635558367605;5.7260360645365;0;20.436570705473;0.22144890857324;0;0;8.6048718759886;35.684909838659;github.com/GreenCharge/PMC.gridmix
ALL;20220102T120222;20211002T030000;20211002T031500;18.23472356935;0;0;6.8865179437439;2.2631749110896;0;0;0;0;0.32331070158422;5.4962819269318;0;20.950533462658;0.22631749110896;0;0;7.3714839961203;36.016812156482;github.com/GreenCharge/PMC.gridmix
ALL;20220102T120222;20211002T031500;20211002T033000;18.716755319149;0;0;7.0811170212766;2.3603723404255;0;0;0;0;0.33244680851064;5.5851063829787;0;21.476063829787;0.23271276595745;0;0;6.2167553191489;35.704787234043;github.com/GreenCharge/PMC.gridmix
ALL;20220102T120222;20211002T033000;20211002T034500;18.973666441594;0;0;7.1910871033086;3.0384875084402;0;0;0;0;0.30384875084402;5.6380823767725;0;21.775827143822;0.23632680621202;0;0;5.6043214044564;34.908845374747;github.com/GreenCharge/PMC.gridmix
ALL;20220102T120222;20211002T034500;20211002T040000;19.363762102351;0;0;7.3305670816044;3.3195020746888;0;0;0;0;0.31120331950207;5.7399723374827;0;21.887966804979;0.24204702627939;0;0;4.7026279391425;34.716459197787;github.com/GreenCharge/PMC.gridmix
ALL;20220102T120222;20211002T040000;20211002T041500;19.614035087719;0;0;7.4736842105263;3.4385964912281;0;0;0;0;0;5.7894736842105;0;22.561403508772;0.24561403508772;0;0;4.140350877193;34.315789473684;github.com/GreenCharge/PMC.gridmix
ALL;20220102T120222;20211002T041500;20211002T043000;19.801277501774;0;0;7.5230660042583;3.5486160397445;0;0;0;0;0;5.819730305181;0;22.888573456352;0.24840312278211;0;0;3.7970191625266;33.924769339957;github.com/GreenCharge/PMC.gridmix
ALL;20220102T120222;20211002T043000;20211002T044500;20.188133140376;0;0;7.6700434153401;3.6541244573082;0;0;0;0;0;5.9334298118669;0;22.865412445731;0.25325615050651;0;0;3.4370477568741;33.502170767004;github.com/GreenCharge/PMC.gridmix
ALL;20220102T120222;20211002T044500;20211002T050000;20.285087719298;0;0;7.7485380116959;3.7280701754386;0;0;0;0;0;5.9941520467836;0;22.953216374269;0.25584795321637;0;0;3.0701754385965;33.44298245614;github.com/GreenCharge/PMC.gridmix
ALL;20220102T120222;20211002T050000;20211002T051500;20.532741398446;0;0;7.8801331853496;4.1065482796892;0;0;0;0;0;6.0303366629671;0;23.011468738439;0.25897151313356;0;0;2.5527192008879;33.0743618202;github.com/GreenCharge/PMC.gridmix
ALL;20220102T120222;20211002T051500;20211002T053000;20.772403449569;0;0;7.9865016872891;4.3494563179603;0;0;0;0;0;6.07424071991;0;23.322084739408;0.26246719160105;0;0;2.5871766029246;32.058492688414;github.com/GreenCharge/PMC.gridmix
ALL;20220102T120222;20211002T053000;20211002T054500;20.679357969392;0;0;7.8760731616275;4.3673012318029;0;0;0;0;0;6.0843598357596;0;23.366927958193;0.26129152668906;0;0;2.8368794326241;31.952220977977;github.com/GreenCharge/PMC.gridmix
ALL;20220102T120222;20211002T054500;20211002T060000;20.819240886885;0;0;7.891770011274;4.6974821495678;0;0;0;0;0;6.0127771514468;0;23.37467117625;0.2630590003758;0;0;2.5930101465614;31.754979331079;github.com/GreenCharge/PMC.gridmix
ALL;20220102T120222;20211002T060000;20211002T061500;20.54134223211;0;0;8.5650723025584;6.5999258435298;0;0;0;0;0;5.8583611420096;0;22.803114571746;0.25954764553207;0;0;2.5954764553207;30.218761586948;github.com/GreenCharge/PMC.gridmix
ALL;20220102T120222;20211002T061500;20211002T063000;20.307917888563;0;0;8.4677419354839;7.5513196480938;0;0;0;0;0.54985337243402;5.791788856305;0;22.287390029326;0.25659824046921;0;0;2.8592375366569;29.398826979472;github.com/GreenCharge/PMC.gridmix
ALL;20220102T120222;20211002T063000;20211002T064500;19.963963963964;0;0;8.3243243243243;7.6396396396396;0;0;0;0;2.3783783783784;5.6576576576577;0;21.90990990991;0.25225225225225;0;0;2.8828828828829;28.504504504505;github.com/GreenCharge/PMC.gridmix
ALL;20220102T120222;20211002T064500;20211002T070000;19.424964936886;0;0;8.0995792426367;7.4333800841515;0;0;0;0;5.3997194950912;5.5049088359046;0;21.318373071529;0.24544179523142;0;0;2.8401122019635;27.314165497896;github.com/GreenCharge/PMC.gridmix
ALL;20220102T120222;20211002T070000;20211002T071500;19.878223495702;0;0;8.6676217765043;7.378223495702;0;0;0;0;2.9727793696275;5.5873925501433;0;21.740687679083;0.25071633237822;0.07163323782235;0;3.4383954154728;27.542979942693;github.com/GreenCharge/PMC.gridmix
ALL;20220102T120222;20211002T071500;20211002T073000;19.224108070662;0;0;8.3824038794596;7.6550051957049;0;0;0;0;4.8146865258053;5.4035330793211;0;21.025285763769;0.24246622791825;0.48493245583651;0;4.0180117769311;26.35954277797;github.com/GreenCharge/PMC.gridmix
ALL;20220102T120222;20211002T073000;20211002T074500;18.607764390897;0;0;8.09906291834;7.3962516733601;0;0;0;0;5.1874163319946;5.2208835341365;0;20.381526104418;0.23427041499331;1.2048192771084;0;5.6224899598394;25.736278447122;github.com/GreenCharge/PMC.gridmix
ALL;20220102T120222;20211002T074500;20211002T080000;17.784163473819;0;0;7.7266922094508;7.0561941251596;0;0;0;0;5.1724137931034;5.1085568326948;0;19.444444444444;0.2234993614304;2.4904214559387;0;7.4074074074074;25.383141762452;github.com/GreenCharge/PMC.gridmix
ALL;20220102T120222;20211002T080000;20211002T081500;17.221195317314;0;0;7.4553296364757;6.8391866913124;0;0;0;0;5.4836722119532;4.8059149722736;0;18.730745532964;0.21565003080715;4.5286506469501;0;7.8250154035736;24.738139248306;github.com/GreenCharge/PMC.gridmix
ALL;20220102T120222;20211002T081500;20211002T083000;16.701523752614;0;0;7.2303555422767;6.6328054974604;0;0;0;0;5.3181953988647;4.6608903495668;0;18.225276366896;0.20914251568569;7.170600537795;0;7.9474155960562;23.812369285928;github.com/GreenCharge/PMC.gridmix
ALL;20220102T120222;20211002T083000;20211002T084500;16.033152329237;0;0;6.8876821949128;6.3446699056873;0;0;0;0;5.6301800514433;4.4012575021435;0;17.376393255216;0.20005715918834;10.317233495284;0;8.5452986567591;22.263503858245;github.com/GreenCharge/PMC.gridmix
ALL;20220102T120222;20211002T084500;20211002T090000;15.130151843818;0;0;6.5347071583514;6.0195227765727;0;0;0;0;5.3958785249458;4.175704989154;0;16.513015184382;0.18980477223427;12.744034707158;0;11.008676789588;20.390455531453;github.com/GreenCharge/PMC.gridmix
ALL;20220102T120222;20211002T090000;20211002T091500;15.165367034149;0;0;6.4533476741059;5.6466792148427;0;0;0;0;5.4315676257058;4.1408980908846;0;16.402258671686;0.18822264049476;15.541812315138;0;9.4111320247378;19.736488303307;github.com/GreenCharge/PMC.gridmix
ALL;20220102T120222;20211002T091500;20211002T093000;15.002655337228;0;0;6.372809346787;5.6027615507169;0;0;0;0;5.3372278279341;4.089219330855;0;16.144450345194;0.18587360594796;18.587360594796;0;8.0456718003186;18.773234200743;github.com/GreenCharge/PMC.gridmix
ALL;20220102T120222;20211002T093000;20211002T094500;14.572605561277;0;0;6.1791967044284;5.43254376931;0;0;0;0;4.994850669413;3.9392378990731;0;15.653964984552;0.18022657054583;21.292481977343;0;8.1616889804325;17.790937178167;github.com/GreenCharge/PMC.gridmix
ALL;20220102T120222;20211002T094500;20211002T100000;14.271306101866;0;0;6.0514372163389;5.3202218860313;0;0;0;0;4.3872919818457;3.857791225416;0;15.30509329299;0.17650025214322;24.180534543621;0;8.1442259203227;16.540595057993;github.com/GreenCharge/PMC.gridmix
ALL;20220102T120222;20211002T100000;20211002T101500;13.986702782566;0;0;5.8852499384388;5.0480177296232;0;0;0;0;3.9152918000492;3.7921694163999;0;14.873183944841;0.17237133710909;26.939177542477;0;7.929081507018;15.735040630387;github.com/GreenCharge/PMC.gridmix
ALL;20220102T120222;20211002T101500;20211002T103000;13.709872073377;0;0;5.7687665942554;4.9481052377504;0;0;0;0;2.2930243784697;3.6688390055515;0;14.361573738837;0.16895969104514;29.857591117548;0;8.158339367608;15.375331885107;github.com/GreenCharge/PMC.gridmix
ALL;20220102T120222;20211002T103000;20211002T104500;13.383600377003;0;0;5.631479736098;4.4533459000943;0;0;0;0;0.42412818096136;3.5108388312912;0;13.854853911404;0.16493873704053;32.422243166824;0;9.0951932139491;15.409990574929;github.com/GreenCharge/PMC.gridmix
ALL;20220102T120222;20211002T104500;20211002T110000;12.835551545229;0;0;5.3913828107376;3.8348748026167;0;0;0;0;0.40604556733589;3.3611549740582;0;13.241597112565;0.15790660951951;33.904804872547;0;9.9706744868035;15.316941123393;github.com/GreenCharge/PMC.gridmix
ALL;20220102T120222;20211002T110000;20211002T111500;12.319309600863;0;0;4.8327939590076;2.6968716289105;0;0;0;0;2.9341963322546;3.2578209277238;0;12.750809061489;0.15102481121899;35.016181229773;0;9.6008629989213;14.95145631068;github.com/GreenCharge/PMC.gridmix
ALL;20220102T120222;20211002T111500;20211002T113000;12.226980728051;0;0;4.8179871520343;2.2698072805139;0;0;0;0;0.62098501070664;3.2334047109208;0;12.569593147752;0.14989293361884;37.087794432548;0;9.678800856531;15.867237687366;github.com/GreenCharge/PMC.gridmix
ALL;20220102T120222;20211002T113000;20211002T114500;11.963125916614;0;0;4.7140163419233;2.1998742928975;0;0;0;0;0.46092604232139;3.1636287450241;0;12.277393672743;0.14665828619317;38.068300858999;0;9.0718625602347;16.488581604861;github.com/GreenCharge/PMC.gridmix
ALL;20220102T120222;20211002T114500;20211002T120000;11.675852214738;0;0;4.5927740355175;2.1432945499081;0;0;0;0;0.53072055521535;3.0618493570116;0;12.022861808532;0.14288630332721;38.885486834048;0;8.4302918963054;17.105531741172;github.com/GreenCharge/PMC.gridmix
ALL;20220102T120222;20211002T120000;20211002T121500;11.044718581342;0;0;4.1249036237471;2.0817270624518;0;0;0;0;2.7756360832691;2.8912875867386;0;11.372397841172;0.1349267540478;38.087895142637;0;7.8643022359291;18.292212798766;github.com/GreenCharge/PMC.gridmix
ALL;20220102T120222;20211002T121500;20211002T123000;11.108956960062;0;0;4.1488949205118;1.8224117875145;0;0;0;0;0.44590926715781;2.9274912756883;0;11.43854207057;0.13571151609151;39.588987979837;0;8.2396277626987;18.805738658395;github.com/GreenCharge/PMC.gridmix
ALL;20220102T120222;20211002T123000;20211002T124500;10.989643268124;0;0;4.1043344840813;1.4959723820483;0;0;0;0;0.24932873034139;2.8576908323744;0;11.181434599156;0.13425393172229;40.257000383583;0;8.4004602991945;19.006520905255;github.com/GreenCharge/PMC.gridmix
ALL;20220102T120222;20211002T124500;20211002T130000;10.893907762384;0;0;4.061491744164;1.4803568039476;0;0;0;0;0.24672613399127;2.8278610742076;0;11.045739229455;0.13285253368761;40.652875308408;0;8.4076674890871;18.940975517176;github.com/GreenCharge/PMC.gridmix
ALL;20220102T120222;20211002T130000;20211002T131500;10.562086700955;0;0;3.9125642909625;1.4144011756062;0;0;0;0;1.6164584864071;2.7553269654666;0;10.709037472447;0.12858192505511;39.529757531227;0;9.3497428361499;18.754592211609;github.com/GreenCharge/PMC.gridmix
ALL;20220102T120222;20211002T131500;20211002T133000;10.39595009944;0;0;3.8329416018803;1.3921533176641;0;0;0;0;2.2599891520521;2.6758271560297;0;10.522509491954;0.12655939251492;39.269571506057;0;10.160911227626;18.116073042849;github.com/GreenCharge/PMC.gridmix
ALL;20220102T120222;20211002T133000;20211002T134500;10.332434860737;0;0;3.8095238095238;1.3656783468104;0;0;0;0;1.2219227313567;2.6774483378257;0;10.458221024259;0.12578616352201;39.119496855346;0;11.123090745732;18.526504941599;github.com/GreenCharge/PMC.gridmix
ALL;20220102T120222;20211002T134500;20211002T140000;10.434466460644;0;0;3.8356662425014;1.3452099618251;0;0;0;0;0.27267769496455;2.7085984366479;0;10.598073077622;0.12724959098346;38.865660788947;0;12.106889656426;18.451190692601;github.com/GreenCharge/PMC.gridmix
ALL;20220102T120222;20211002T140000;20211002T141500;10.469774217043;0;0;3.8601602330663;1.3656227239621;0;0;0;0;0.69191551347414;2.8769118718135;0;10.651857246905;0.12745812090313;38.037144938092;0;12.345229424618;18.317552804079;github.com/GreenCharge/PMC.gridmix
ALL;20220102T120222;20211002T141500;20211002T143000;10.468920392585;0;0;3.8531443111596;1.3449654671029;0;0;0;0;0.81788440567067;2.7444565612505;0;11.159578335151;0.12722646310433;36.76844783715;0;13.067975281716;18.393311523083;github.com/GreenCharge/PMC.gridmix
ALL;20220102T120222;20211002T143000;20211002T144500;10.539798719122;0;0;3.8609332113449;1.3357731015554;0;0;0;0;0.71363220494053;2.7447392497713;0;11.399817017383;0.12808783165599;35.645013723696;0;13.815187557182;18.554437328454;github.com/GreenCharge/PMC.gridmix
ALL;20220102T120222;20211002T144500;20211002T150000;10.753091045335;0;0;3.9527913076058;1.3675533907831;0;0;0;0;0.37467216185837;2.7913076058449;0;11.539902585238;0.13113525665043;34.938179093293;0;14.331210191083;18.527538403897;github.com/GreenCharge/PMC.gridmix
ALL;20220102T120222;20211002T150000;20211002T151500;10.964408725603;0;0;4.0566398775354;1.3777267508611;0;0;0;0;0.095675468809797;2.812858783008;0;11.213164944508;0.13394565633372;33.849980864906;0;15.078453884424;19.096823574436;github.com/GreenCharge/PMC.gridmix
