LOC;Time;Start;End;Biomass;Lignite;Coal;Gas;HardCoal;Oil;Shale;Peat;Geothermal;HydroPumped;Hydro;Marine;Nuclear;OtherRES;Solar;Waste;WindOffShore;WindOnShore;SwID
ALL;20220102T120219;20200301T000000;20200301T001500;8.6501288659794;0.048324742268041;0;2.5934278350515;2.1262886597938;0;0;0;0;1.208118556701;3.4632731958763;0;14.320231958763;0.048324742268041;0;0;17.106958762887;50.064432989691;github.com/GreenCharge/PMC.gridmix
ALL;20220102T120219;20200301T001500;20200301T003000;8.7337662337662;0.048701298701299;0;2.6136363636364;2.7597402597403;0;0;0;0;0.53571428571429;3.5064935064935;0;14.383116883117;0.048701298701299;0;0;16.444805194805;50.551948051948;github.com/GreenCharge/PMC.gridmix
ALL;20220102T120219;20200301T003000;20200301T004500;8.9235362414994;0.049759495770443;0;2.6704262730138;3.0187427434069;0;0;0;0;0.19903798308177;3.5495106982916;0;14.59611875933;0.049759495770443;0;0;14.745397246641;51.816221595621;github.com/GreenCharge/PMC.gridmix
ALL;20220102T120219;20200301T004500;20200301T010000;8.9158226797277;0.049809065249875;0;2.6730865017433;3.1213680889922;0;0;0;0;0.1992362609995;3.5530466544911;0;14.560850074714;0.049809065249875;0;0;14.710277270463;51.784824838121;github.com/GreenCharge/PMC.gridmix
ALL;20220102T120219;20200301T010000;20200301T011500;8.6900339202068;0.048457438216766;0;2.5843967048942;3.1981909223066;0;0;0;0;0;3.4889355516072;0;14.198029397513;0.048457438216766;0;0;16.152479405589;51.219512195122;github.com/GreenCharge/PMC.gridmix
ALL;20220102T120219;20200301T011500;20200301T013000;8.6963562753036;0.048582995951417;0;2.5910931174089;3.3036437246964;0;0;0;0;0;3.5303643724696;0;14.202429149798;0.048582995951417;0;0;16.048582995951;51.157894736842;github.com/GreenCharge/PMC.gridmix
ALL;20220102T120219;20200301T013000;20200301T014500;8.7459283387622;0.04885993485342;0;2.6058631921824;3.3224755700326;0;0;0;0;0;3.4690553745928;0;14.446254071661;0.04885993485342;0;0;15.71661237785;51.221498371336;github.com/GreenCharge/PMC.gridmix
ALL;20220102T120219;20200301T014500;20200301T020000;8.7950024658885;0.049317770836758;0;2.6302811112938;3.2220943613349;0;0;0;0;0;3.5180009863554;0;14.548742396844;0.049317770836758;0;0;13.792536577347;53.016603649515;github.com/GreenCharge/PMC.gridmix
ALL;20220102T120219;20200301T020000;20200301T021500;8.7993421052632;0.049342105263158;0;2.6315789473684;3.0921052631579;0;0;0;0;0;3.5690789473684;0;14.654605263158;0.049342105263158;0;0;13.75;53.026315789474;github.com/GreenCharge/PMC.gridmix
ALL;20220102T120219;20200301T021500;20200301T023000;8.7930182776223;0.049398979087766;0;2.6510785443767;3.0792030298041;0;0;0;0;0;3.5567264943191;0;14.490367199078;0.049398979087766;0;0;13.699983533674;53.252099456611;github.com/GreenCharge/PMC.gridmix
ALL;20220102T120219;20200301T023000;20200301T024500;8.8420703384207;0.049767750497678;0;2.6708692767087;3.1021897810219;0;0;0;0;0;3.4837425348374;0;14.714664897147;0.049767750497678;0;0;13.669542136695;53.035832780358;github.com/GreenCharge/PMC.gridmix
ALL;20220102T120219;20200301T024500;20200301T030000;8.8729815215582;0.049941734642917;0;2.6802064258365;3.0963875478608;0;0;0;0;0;3.4959214250042;0;14.599633760613;0.049941734642917;0;0;13.717329781921;53.054769435658;github.com/GreenCharge/PMC.gridmix
ALL;20220102T120219;20200301T030000;20200301T031500;8.8567630442007;0.049850448654038;0;2.6753074111;3.0907278165503;0;0;0;0;0;3.4729145895646;0;14.572947823197;0.049850448654038;0;0;13.29345297441;53.555998670655;github.com/GreenCharge/PMC.gridmix
ALL;20220102T120219;20200301T031500;20200301T033000;8.8070059484468;0.049570389953734;0;2.6602775941837;3.0898876404494;0;0;0;0;0;3.4038334434898;0;14.342366159947;0.049570389953734;0;0;13.499669530734;53.71777924653;github.com/GreenCharge/PMC.gridmix
ALL;20220102T120219;20200301T033000;20200301T034500;8.787578460522;0.049554013875124;0;2.6593987446316;3.0723488602577;0;0;0;0;0;3.4192269573835;0;14.321110009911;0.049554013875124;0;0;13.627353815659;53.633961017509;github.com/GreenCharge/PMC.gridmix
ALL;20220102T120219;20200301T034500;20200301T040000;8.7409120951751;0.049570389953734;0;2.6602775941837;3.0898876404494;0;0;0;0;0;3.3873099801718;0;14.309319233311;0.049570389953734;0;0;13.84666226041;53.486450760079;github.com/GreenCharge/PMC.gridmix
ALL;20220102T120219;20200301T040000;20200301T041500;8.6792452830189;0.049220672682527;0;2.6251025430681;3.0680885972108;0;0;0;0;0;3.3305988515176;0;13.962264150943;0.049220672682527;0;0;13.995077932732;53.863822805578;github.com/GreenCharge/PMC.gridmix
ALL;20220102T120219;20200301T041500;20200301T043000;8.7243886318572;0.049570389953734;0;2.6602775941837;3.0733641771315;0;0;0;0;0;3.2881692002644;0;13.797091870456;0.049570389953734;0;0;13.813615333774;54.163912756114;github.com/GreenCharge/PMC.gridmix
ALL;20220102T120219;20200301T043000;20200301T044500;8.7402747889422;0.049660652209899;0;2.6485681178613;3.0789604370137;0;0;0;0;0;3.2776030458533;0;13.838768415825;0.049660652209899;0;0;13.838768415825;54.097003807317;github.com/GreenCharge/PMC.gridmix
ALL;20220102T120219;20200301T044500;20200301T050000;8.672042126049;0.049366463715649;0;2.6493335527398;3.044265262465;0;0;0;0;0;3.2417311173276;0;13.954253743623;0.049366463715649;0;0;13.773243376666;54.187921671878;github.com/GreenCharge/PMC.gridmix
ALL;20220102T120219;20200301T050000;20200301T051500;8.5891574134553;0.065316786414108;0;2.6290006531679;3.0209013716525;0;0;0;0;0;3.2005225342913;0;13.961463096016;0.048987589810581;0;0;13.683866753756;54.425212279556;github.com/GreenCharge/PMC.gridmix
ALL;20220102T120219;20200301T051500;20200301T053000;8.5089141004862;0.06482982171799;0;2.6094003241491;2.9983792544571;0;0;0;0;0;3.160453808752;0;13.922204213938;0.048622366288493;0;0;13.598055105348;54.716369529984;github.com/GreenCharge/PMC.gridmix
ALL;20220102T120219;20200301T053000;20200301T054500;8.546729734138;0.065242211710977;0;2.6259990213668;2.9848311857772;0;0;0;0;0;3.1805578209101;0;14.010764964932;0.048931658783233;0;0;13.700864459305;54.460936225738;github.com/GreenCharge/PMC.gridmix
ALL;20220102T120219;20200301T054500;20200301T060000;8.572836262112;0.065692231893579;0;2.6276892757431;3.0218426671046;0;0;0;0;0;3.2189193627854;0;14.025291509279;0.049269173920184;0;0;13.795368697652;54.245360486123;github.com/GreenCharge/PMC.gridmix
ALL;20220102T120219;20200301T060000;20200301T061500;8.5954223612712;0.082331631812943;0;2.6346122180142;3.0298040507163;0;0;0;0;0;3.2273999670673;0;13.946978429112;0.049398979087766;0;0;13.518853943685;54.552939239256;github.com/GreenCharge/PMC.gridmix
ALL;20220102T120219;20200301T061500;20200301T063000;8.6001980851766;0.082535490260812;0;2.641135688346;3.0207989435457;0;0;0;0;0;3.2353912182238;0;14.097061736547;0.049521294156487;0;0;13.354242324199;54.555959062397;github.com/GreenCharge/PMC.gridmix
ALL;20220102T120219;20200301T063000;20200301T064500;8.5846103147141;0.082385895534684;0;2.6363486571099;3.0153237765695;0;0;0;0;0;3.2295271049596;0;14.071510957324;0.049431537320811;0;0;13.774921733399;54.193442082715;github.com/GreenCharge/PMC.gridmix
ALL;20220102T120219;20200301T064500;20200301T070000;8.5550082101806;0.082101806239737;0;2.6272577996716;3.0213464696223;0;0;0;0;0;3.2183908045977;0;14.022988505747;0.049261083743842;0;0;14.170771756979;53.891625615764;github.com/GreenCharge/PMC.gridmix
ALL;20220102T120219;20200301T070000;20200301T071500;8.5297969875573;0.081859855926654;0;2.6195153896529;3.0124426981009;0;0;0;0;0;3.1925343811395;0;14.112639161755;0.049115913555992;0.049115913555992;0;14.276358873608;53.71643745907;github.com/GreenCharge/PMC.gridmix
ALL;20220102T120219;20200301T071500;20200301T073000;8.3266613290633;0.080064051240993;0;2.5620496397118;2.9303442754203;0;0;0;0;0;3.0904723779023;0;13.835068054444;0.048038430744596;0.33626901521217;0;15.99679743795;52.44195356285;github.com/GreenCharge/PMC.gridmix
ALL;20220102T120219;20200301T073000;20200301T074500;8.348049446139;0.080269706212875;0;2.568630598812;2.9539251886338;0;0;0;0;0;3.098410659817;0;13.870605233585;0.048161823727725;0.93112859206935;0;16.166318831273;51.581313212394;github.com/GreenCharge/PMC.gridmix
ALL;20220102T120219;20200301T074500;20200301T080000;8.2947099248841;0.079910500239731;0;2.5571360076714;2.9407064088221;0;0;0;0;0;3.1804379095413;0;14.016301742049;0.047946300143839;1.78999520537;0;16.077992648234;50.66325715199;github.com/GreenCharge/PMC.gridmix
ALL;20220102T120219;20200301T080000;20200301T081500;8.0765639589169;0.077808901338313;0;2.489884842826;2.8633675692499;0;0;0;0;0;3.1434796140678;0;13.554310613134;0.046685340802988;2.8322440087146;0;15.670712729536;50.902583255524;github.com/GreenCharge/PMC.gridmix
ALL;20220102T120219;20200301T081500;20200301T083000;7.9515857208518;0.076604872069864;0;2.4513559062356;2.819059292171;0;0;0;0;0;3.0182319595526;0;13.2679638425;0.045962923241918;3.9987743220469;0;15.428221234871;50.605178489352;github.com/GreenCharge/PMC.gridmix
ALL;20220102T120219;20200301T083000;20200301T084500;7.8803522623747;0.075918615244458;0;2.4293956878227;2.7938050409961;0;0;0;0;0;2.9608259945339;0;13.058001822047;0.045551169146675;5.1624658366231;0;15.290009110234;49.969632553902;github.com/GreenCharge/PMC.gridmix
ALL;20220102T120219;20200301T084500;20200301T090000;7.7636499626028;0.074794315632012;0;2.3934181002244;2.752430815258;0;0;0;0;0;2.9169783096485;0;12.939416604338;0.044876589379207;6.4023934181002;0;15.063575168287;49.319371727749;github.com/GreenCharge/PMC.gridmix
ALL;20220102T120219;20200301T090000;20200301T091500;7.6877499629684;0.074063101762702;0;2.3700192564065;2.7107095245149;0;0;0;0;0;2.8736483483928;0;12.94623018812;0.044437861057621;7.4951858983854;0;14.427492223374;49.044585987261;github.com/GreenCharge/PMC.gridmix
ALL;20220102T120219;20200301T091500;20200301T093000;7.6099706744868;0.073313782991202;0;2.3460410557185;2.683284457478;0;0;0;0;0;2.8005865102639;0;12.624633431085;0.043988269794721;8.475073313783;0;14.237536656891;48.782991202346;github.com/GreenCharge/PMC.gridmix
ALL;20220102T120219;20200301T093000;20200301T094500;7.6358296622614;0.073421439060206;0;2.3494860499266;2.6872246696035;0;0;0;0;0;2.8046989720999;0;12.569750367107;0.044052863436123;9.647577092511;0;13.950073421439;47.91483113069;github.com/GreenCharge/PMC.gridmix
ALL;20220102T120219;20200301T094500;20200301T100000;7.645486935867;0.074228028503563;0;2.375296912114;2.7315914489311;0;0;0;0;0;2.8206650831354;0;12.767220902613;0.044536817102138;10.896674584323;0;12.321852731591;47.995843230404;github.com/GreenCharge/PMC.gridmix
ALL;20220102T120219;20200301T100000;20200301T101500;7.5198843094722;0.057845263919017;0;2.3138105567607;2.6753434562545;0;0;0;0;0;2.7476500361533;0;12.451193058568;0.043383947939262;11.699204627621;0;12.031814895155;48.141720896602;github.com/GreenCharge/PMC.gridmix
ALL;20220102T120219;20200301T101500;20200301T103000;7.4716764663703;0.057364118743726;0;2.294564749749;2.6674315215832;0;0;0;0;0;2.724795640327;0;12.347626559587;0.043023089057794;12.448013767388;0;11.917395669009;47.712605765094;github.com/GreenCharge/PMC.gridmix
ALL;20220102T120219;20200301T103000;20200301T104500;7.3879750425411;0.056721497447533;0;2.2688598979013;2.6517300056721;0;0;0;0;0;2.6942711287578;0;12.266023823029;0.042541123085649;13.301191151446;0;11.783891094725;47.234826999433;github.com/GreenCharge/PMC.gridmix
ALL;20220102T120219;20200301T104500;20200301T110000;7.3099005741493;0.056014563786585;0;2.2405825514634;2.6326844979695;0;0;0;0;0;2.6466881389161;0;11.69304019045;0.042010922839938;15.165943145218;0;11.637025626663;46.268029687719;github.com/GreenCharge/PMC.gridmix
ALL;20220102T120219;20200301T110000;20200301T111500;7.2317477876106;0.041482300884956;0;2.212389380531;2.6133849557522;0;0;0;0;0;2.6133849557522;0;11.504424778761;0.041482300884956;16.523783185841;0;11.518252212389;45.39546460177;github.com/GreenCharge/PMC.gridmix
ALL;20220102T120219;20200301T111500;20200301T113000;7.0982627578719;0.04071661237785;0;2.171552660152;2.5651465798046;0;0;0;0;0;2.5787187839305;0;11.346362649294;0.04071661237785;17.576004343105;0;11.29207383279;44.991856677524;github.com/GreenCharge/PMC.gridmix
ALL;20220102T120219;20200301T113000;20200301T114500;7.0572390572391;0.04040404040404;0;2.1548821548822;2.5589225589226;0;0;0;0;0;2.5319865319865;0;11.286195286195;0.04040404040404;18.141414141414;0;11.191919191919;44.700336700337;github.com/GreenCharge/PMC.gridmix
ALL;20220102T120219;20200301T114500;20200301T120000;7.0025390886008;0.040090872644661;0;2.1381798743819;2.5524522250434;0;0;0;0;0;2.5123613523988;0;11.278898837365;0.040090872644661;18.29480155018;0;11.118535346786;44.728050247227;github.com/GreenCharge/PMC.gridmix
ALL;20220102T120219;20200301T120000;20200301T121500;7.0318778462363;0.04018215912135;0;2.143048486472;2.558264130726;0;0;0;0;0;2.4912938655237;0;11.197428341816;0.04018215912135;18.818644521832;0;10.889365121886;44.508438253415;github.com/GreenCharge/PMC.gridmix
ALL;20220102T120219;20200301T121500;20200301T123000;7.0648510179318;0.04044762033167;0;2.1572064176891;2.5616826210058;0;0;0;0;0;2.5616826210058;0;10.961305109883;0.04044762033167;19.913711743292;0;10.475933665903;43.939598220305;github.com/GreenCharge/PMC.gridmix
ALL;20220102T120219;20200301T123000;20200301T124500;7.1282261368292;0.040966816878329;0;2.1848969001775;2.5945650689608;0;0;0;0;0;2.5535982520825;0;10.979106923392;0.040966816878329;20.114707087259;0;10.624061177113;43.45213710228;github.com/GreenCharge/PMC.gridmix
ALL;20220102T120219;20200301T124500;20200301T130000;7.1919691969197;0.041254125412541;0;2.2002200220022;2.6127612761276;0;0;0;0;0;2.5715071507151;0;10.904840484048;0.041254125412541;20.159515951595;0;10.712321232123;43.275577557756;github.com/GreenCharge/PMC.gridmix
ALL;20220102T120219;20200301T130000;20200301T131500;7.3068893528184;0.041753653444676;0;2.2129436325678;2.6443980514962;0;0;0;0;0;2.5887265135699;0;10.897703549061;0.041753653444676;20.612386917189;0;10.939457202505;42.40779401531;github.com/GreenCharge/PMC.gridmix
ALL;20220102T120219;20200301T131500;20200301T133000;7.2583990045624;0.041476565740357;0;2.1982579842389;2.6406746854694;0;0;0;0;0;2.5715470759021;0;10.797732614406;0.041476565740357;20.973316742707;0;10.880685745887;42.29227153325;github.com/GreenCharge/PMC.gridmix
ALL;20220102T120219;20200301T133000;20200301T134500;7.3045410359672;0.041660880433273;0;2.2080266629635;2.6107485071518;0;0;0;0;0;2.5690876267185;0;10.887376753229;0.041660880433273;21.108179419525;0;10.720733231496;42.202471878906;github.com/GreenCharge/PMC.gridmix
ALL;20220102T120219;20200301T134500;20200301T140000;7.4230877787186;0.04233700254022;0;2.2438611346317;2.6531188258538;0;0;0;0;0;2.6248941574936;0;11.120519333898;0.04233700254022;20.956816257409;0;11.049957662997;41.532599491956;github.com/GreenCharge/PMC.gridmix
ALL;20220102T120219;20200301T140000;20200301T141500;7.4762377642219;0.042559228259328;0;2.2556390977444;2.6528585614981;0;0;0;0;0;2.6386721520783;0;11.136331394524;0.042559228259328;20.329124698539;0;11.334941126401;41.77897574124;github.com/GreenCharge/PMC.gridmix
ALL;20220102T120219;20200301T141500;20200301T143000;7.5121393887461;0.042844901456727;0;2.2707797772065;2.6563838903171;0;0;0;0;0;2.6563838903171;0;11.496715224222;0.042844901456727;19.608683233362;0;11.411025421308;41.988003427592;github.com/GreenCharge/PMC.gridmix
ALL;20220102T120219;20200301T143000;20200301T144500;7.6387882301783;0.043484562980142;0;2.3046818379475;2.6815480504421;0;0;0;0;0.11595883461371;2.6815480504421;0;11.842295984925;0.043484562980142;19.292651108856;0;11.711842295985;41.324829685462;github.com/GreenCharge/PMC.gridmix
ALL;20220102T120219;20200301T144500;20200301T150000;7.6811383766517;0.043560331058516;0;2.3086975461014;2.6717003049223;0;0;0;0;0.39204297952664;2.8314215188035;0;12.138812254973;0.043560331058516;18.658341803398;0;12.008131261798;40.903150863947;github.com/GreenCharge/PMC.gridmix
ALL;20220102T120219;20200301T150000;20200301T151500;7.5560634195115;0.042851021282674;0;2.2853878017426;2.756749035852;0;0;0;0;0.14283673760891;2.6710469932867;0;11.584059420083;0.042851021282674;17.068990144265;0;15.054992143979;40.479931438366;github.com/GreenCharge/PMC.gridmix
ALL;20220102T120219;20200301T151500;20200301T153000;7.5035460992908;0.042553191489362;0;2.2695035460993;2.822695035461;0;0;0;0;0.31205673758865;2.8085106382979;0;12.141843971631;0.042553191489362;15.617021276596;0;15.489361702128;40.63829787234;github.com/GreenCharge/PMC.gridmix
ALL;20220102T120219;20200301T153000;20200301T154500;7.6169906407487;0.043196544276458;0;2.3038156947444;2.8509719222462;0;0;0;0;1.036717062635;2.9085673146148;0;13.477321814255;0.043196544276458;14.168466522678;0;15.925125989921;39.308855291577;github.com/GreenCharge/PMC.gridmix
ALL;20220102T120219;20200301T154500;20200301T160000;7.817348899069;0.044332791488104;0;2.3644155460322;2.8668538495641;0;0;0;0;1.0344318013891;2.9407418353776;0;14.467267622285;0.044332791488104;12.974730308852;0;16.536131225063;38.584306191813;github.com/GreenCharge/PMC.gridmix
ALL;20220102T120219;20200301T160000;20200301T161500;8.1964673070964;0.046482801363496;0;2.6495196777192;2.8819336845367;0;0;0;0;0.20142547257515;2.8664394174156;0;15.091416176015;0.046482801363496;11.775643012086;0;17.601487449644;38.30182832352;github.com/GreenCharge/PMC.gridmix
ALL;20220102T120219;20200301T161500;20200301T163000;8.5723545616594;0.048614487117161;0;2.8196402527953;2.9654837141468;0;0;0;0;0.2430724355858;2.9816885431859;0;15.92934694539;0.048614487117161;10.111813320369;0;18.473505104521;37.449359909253;github.com/GreenCharge/PMC.gridmix
ALL;20220102T120219;20200301T163000;20200301T164500;8.8328602437803;0.05009183503089;0;2.9554182668225;3.0722992152279;0;0;0;0;1.0853230923359;3.1557856069461;0;16.580397395225;0.05009183503089;8.2317582234096;0;19.051594590082;36.56703957255;github.com/GreenCharge/PMC.gridmix
ALL;20220102T120219;20200301T164500;20200301T170000;8.9418526031102;0.050709939148073;0;3.0594996619337;3.1440162271805;0;0;0;0;3.0425963488844;3.4144692359702;0;16.85260311021;0.050709939148073;6.000676132522;0;20.114942528736;34.956051386072;github.com/GreenCharge/PMC.gridmix
ALL;20220102T120219;20200301T170000;20200301T171500;9.3595187544232;0.088464260438783;0;3.8039631988677;3.2908704883227;0;0;0;0;3.3793347487615;3.3262561924982;0;17.657466383581;0.05307855626327;4.140127388535;0;21.160651096957;33.351026185421;github.com/GreenCharge/PMC.gridmix
ALL;20220102T120219;20200301T171500;20200301T173000;9.5590892663535;0.090350560173473;0;3.903144199494;3.3971810625226;0;0;0;0;4.1741958800145;3.4513913986267;0;18.070112034695;0.054210336104084;2.3129743404409;0;21.59378388146;32.996024575352;github.com/GreenCharge/PMC.gridmix
ALL;20220102T120219;20200301T173000;20200301T174500;9.5590892663535;0.090350560173473;0;3.903144199494;3.4152511745573;0;0;0;0;6.8485724611493;3.5959522949042;0;18.106252258764;0.054210336104084;0.92157571376943;0;21.59378388146;31.514275388507;github.com/GreenCharge/PMC.gridmix
ALL;20220102T120219;20200301T174500;20200301T180000;9.4920749279539;0.090057636887608;0;3.8904899135447;3.6923631123919;0;0;0;0;7.2226224783862;3.4942363112392;0;18.047550432277;0.054034582132565;0.23414985590778;0;21.541786743516;31.844380403458;github.com/GreenCharge/PMC.gridmix
ALL;20220102T120219;20200301T180000;20200301T181500;9.6491228070175;0.091374269005848;0;4.4773391812865;3.6001461988304;0;0;0;0;6.25;3.3808479532164;0;18.220029239766;0.054824561403509;0.01827485380117;0;21.765350877193;32.090643274854;github.com/GreenCharge/PMC.gridmix
ALL;20220102T120219;20200301T181500;20200301T183000;9.8031934645377;0.092833271444486;0;4.5488303007798;3.3419977720015;0;0;0;0;3.787597474935;3.434831043446;0;18.585220943186;0.055699962866691;0;0;23.319717786855;32.621611585592;github.com/GreenCharge/PMC.gridmix
ALL;20220102T120219;20200301T183000;20200301T184500;9.7224774857563;0.091894872266128;0;4.5028487410402;2.5179195000919;0;0;0;0;5.623966182687;3.4552471972064;0;18.378974453226;0.055136923359677;0;0;23.525087300129;31.722109906267;github.com/GreenCharge/PMC.gridmix
ALL;20220102T120219;20200301T184500;20200301T190000;9.7832128960534;0.092644061515657;0;4.5395590142672;2.5199184732259;0;0;0;0;5.780989438577;3.4834167129887;0;18.528812303131;0.055586436909394;0;0;23.605706874189;31.202519918473;github.com/GreenCharge/PMC.gridmix
ALL;20220102T120219;20200301T190000;20200301T191500;9.8933981671966;0.093510379652141;0;4.5633065270245;2.487376098747;0;0;0;0;6.0220684495979;3.4785861230597;0;18.720778006359;0.056106227791285;0;0;23.732934355713;30.521787918459;github.com/GreenCharge/PMC.gridmix
ALL;20220102T120219;20200301T191500;20200301T193000;9.9210822998873;0.093949642991357;0;4.5847425779782;2.5178504321684;0;0;0;0;5.5054490792935;3.4949267192785;0;18.827508455468;0.056369785794814;0;0;24.23900789177;30.32694475761;github.com/GreenCharge/PMC.gridmix
ALL;20220102T120219;20200301T193000;20200301T194500;9.7651192898095;0.092472720547439;0;4.512668762715;2.4782689106714;0;0;0;0;5.0859996301091;3.4399852043647;0;18.531533197707;0.055483632328463;0;0;23.876456445349;31.736637691881;github.com/GreenCharge/PMC.gridmix
ALL;20220102T120219;20200301T194500;20200301T200000;10.076481835564;0.095602294455067;0;4.6653919694073;2.5812619502868;0;0;0;0;2.3326959847036;3.5564053537285;0;19.139579349904;0.05736137667304;0;0;24.550669216061;32.504780114723;github.com/GreenCharge/PMC.gridmix
ALL;20220102T120219;20200301T200000;20200301T201500;9.9080502908613;0.093826233814975;0;4.5599549634078;2.5333083130043;0;0;0;0;5.1979733533496;3.527866391443;0;18.67142052918;0.056295740288985;0;0;23.813098142241;31.206605366861;github.com/GreenCharge/PMC.gridmix
ALL;20220102T120219;20200301T201500;20200301T203000;9.862043251305;0.093214019388516;0;4.5302013422819;2.5167785234899;0;0;0;0;6.785980611484;3.5234899328859;0;18.512304250559;0.05592841163311;0;0;22.89336316182;30.797912005966;github.com/GreenCharge/PMC.gridmix
ALL;20220102T120219;20200301T203000;20200301T204500;10.170792554212;0.095950873152946;0;4.6632124352332;2.5906735751295;0;0;0;0;3.876415275379;3.5693724812896;0;19.055843408175;0.057570523891767;0;0;22.893878334293;32.58491652274;github.com/GreenCharge/PMC.gridmix
ALL;20220102T120219;20200301T204500;20200301T210000;10.424862313139;0.098347757671125;0;4.7797010228167;2.6750590086546;0;0;0;0;1.3571990558615;3.6585365853659;0;19.590873328088;0.059008654602675;0;0;22.619984264359;34.284028324154;github.com/GreenCharge/PMC.gridmix
ALL;20220102T120219;20200301T210000;20200301T211500;10.580747812251;0.099443118536197;0;4.7931583134447;2.6849642004773;0;0;0;0;0.67621320604614;3.739061256961;0;19.968178202068;0.059665871121718;0;0;22.215592680986;34.72553699284;github.com/GreenCharge/PMC.gridmix
ALL;20220102T120219;20200301T211500;20200301T213000;10.788886635571;0.10139931048469;0;4.887446765362;2.7580612451835;0;0;0;0;1.1356722774285;3.8328939363212;0;20.320421821132;0.060839586290813;0;0;21.537213546948;34.110728047049;github.com/GreenCharge/PMC.gridmix
ALL;20220102T120219;20200301T213000;20200301T214500;10.96256684492;0.10283833813246;0;4.9568078979844;2.8383381324558;0;0;0;0;1.1929247223365;3.8667215137803;0;20.608802961744;0.061703002879473;0;0;21.637186343069;33.299053887289;github.com/GreenCharge/PMC.gridmix
ALL;20220102T120219;20200301T214500;20200301T220000;11.094920899251;0.10407993338884;0;5.0166527893422;2.9142381348876;0;0;0;0;0.83263946711074;3.8925895087427;0;20.857618651124;0.062447960033306;0;0;21.690258118235;33.055786844296;github.com/GreenCharge/PMC.gridmix
ALL;20220102T120219;20200301T220000;20200301T221500;10.928849702686;0.10252204223908;0;4.8800492105803;2.7680951404552;0;0;0;0;2.4400246052901;3.8548287881895;0;20.606930490055;0.061513225343449;0;0;21.755177363133;32.130408037728;github.com/GreenCharge/PMC.gridmix
ALL;20220102T120219;20200301T221500;20200301T223000;10.790058597697;0.10103051121439;0;4.8292584360477;2.7682360072742;0;0;0;0;2.8288543140028;3.8189533239038;0;20.246514447363;0.060618306728632;0;0;21.499292786421;32.592442917761;github.com/GreenCharge/PMC.gridmix
ALL;20220102T120219;20200301T223000;20200301T224500;10.775427995972;0.10070493454179;0;4.8136958710977;2.8197381671702;0;0;0;0;2.7593152064451;3.8066465256798;0;20.181268882175;0.060422960725076;0;0;20.906344410876;33.313192346425;github.com/GreenCharge/PMC.gridmix
ALL;20220102T120219;20200301T224500;20200301T230000;10.897959183673;0.10204081632653;0;4.8775510204082;2.9387755102041;0;0;0;0;1.1632653061224;3.8571428571429;0;20.469387755102;0.061224489795918;0;0;21.428571428571;33.734693877551;github.com/GreenCharge/PMC.gridmix
ALL;20220102T120219;20200301T230000;20200301T231500;10.983606557377;0.061475409836066;0;4.8975409836066;2.9508196721311;0;0;0;0;0.73770491803279;3.8934426229508;0;20.573770491803;0.061475409836066;0;0;21.905737704918;33.483606557377;github.com/GreenCharge/PMC.gridmix
ALL;20220102T120219;20200301T231500;20200301T233000;10.983606557377;0.061475409836066;0;4.8975409836066;2.9918032786885;0;0;0;0;0.96311475409836;3.9139344262295;0;20.47131147541;0.061475409836066;0;0;22.151639344262;33.053278688525;github.com/GreenCharge/PMC.gridmix
ALL;20220102T120219;20200301T233000;20200301T234500;10.950244698206;0.061174551386623;0;4.873572593801;2.9771615008157;0;0;0;0;0.97879282218597;3.894779771615;0;20.371125611746;0.061174551386623;0;0;22.47145187602;32.911908646003;github.com/GreenCharge/PMC.gridmix
ALL;20220102T120219;20200301T234500;20200302T000000;10.810264699939;0.060618306728632;0;4.8292584360477;2.9096787229743;0;0;0;0;1.6569003839159;3.8593655283896;0;20.105071731663;0.060618306728632;0;0;22.792483329966;32.471206304304;github.com/GreenCharge/PMC.gridmix
ALL;20220102T120219;20200302T000000;20200302T001500;10.84142394822;0.060679611650485;0;5.3398058252427;2.6901294498382;0;0;0;0;1.3956310679612;3.8834951456311;0;20.145631067961;0.060679611650485;0;0;22.673948220065;32.46359223301;github.com/GreenCharge/PMC.gridmix
ALL;20220102T120219;20200302T001500;20200302T003000;11.095011384806;0.062098944317947;0;5.4647070999793;2.8772510867315;0;0;0;0;0;4.0364313806665;0;20.45125232871;0.062098944317947;0;0;22.541916787415;32.953839784724;github.com/GreenCharge/PMC.gridmix
ALL;20220102T120219;20200302T003000;20200302T004500;11.092715231788;0.062086092715232;0;5.4635761589404;2.8973509933775;0;0;0;0;0;4.0562913907285;0;20.529801324503;0.062086092715232;0;0;22.164735099338;33.216059602649;github.com/GreenCharge/PMC.gridmix
ALL;20220102T120219;20200302T004500;20200302T010000;11.199331383201;0.062682824905976;0;5.5787714166318;2.9043042206435;0;0;0;0;0;4.0743836188884;0;20.476389469285;0.062682824905976;0;0;21.604680317593;33.577099874634;github.com/GreenCharge/PMC.gridmix
ALL;20220102T120219;20200302T010000;20200302T011500;11.274716028607;0.06310475389146;0;5.6373580143037;2.8817837610433;0;0;0;0;0;4.1228439209087;0;20.635254522507;0.06310475389146;0;0;21.266302061422;33.59276398822;github.com/GreenCharge/PMC.gridmix
ALL;20220102T120219;20200302T011500;20200302T013000;11.329944938585;0.063532401524778;0;5.6967386700551;2.9013130029648;0;0;0;0;0;4.1296060991105;0;20.732740364252;0.063532401524778;0;0;20.753917831427;33.862770012706;github.com/GreenCharge/PMC.gridmix
ALL;20220102T120219;20200302T013000;20200302T014500;11.590121317158;0.064991334488735;0;5.8275563258232;2.9896013864818;0;0;0;0;0;4.2244367417678;0;21.252166377816;0.064991334488735;0;0;19.172443674177;34.337088388215;github.com/GreenCharge/PMC.gridmix
ALL;20220102T120219;20200302T014500;20200302T020000;11.839182585518;0.066637050199911;0;5.997334517992;3.0430919591293;0;0;0;0;0;4.3314082629942;0;21.790315415371;0.066637050199911;0;0;17.458907152377;34.917814304753;github.com/GreenCharge/PMC.gridmix
ALL;20220102T120219;20200302T020000;20200302T021500;11.915940084954;0.067069081153588;0;6.0585736642075;3.0851777330651;0;0;0;0;0;4.3594902749832;0;21.931589537223;0.067069081153588;0;0;16.722557567628;35.300693047172;github.com/GreenCharge/PMC.gridmix
ALL;20220102T120219;20200302T021500;20200302T023000;12.070524412297;0.067811934900542;0;6.125678119349;3.0967450271248;0;0;0;0;0;4.3625678119349;0;22.038878842676;0.067811934900542;0;0;15.867992766727;35.804701627486;github.com/GreenCharge/PMC.gridmix
ALL;20220102T120219;20200302T023000;20200302T024500;11.988304093567;0.067476383265857;0;6.0953666216824;3.1039136302294;0;0;0;0;0;4.3184885290148;0;21.929824561404;0.067476383265857;0;0;16.351776878093;35.582546108862;github.com/GreenCharge/PMC.gridmix
ALL;20220102T120219;20200302T024500;20200302T030000;11.912225705329;0.06717420510524;0;6.1352440662785;3.0676220331393;0;0;0;0;0;4.2767577250336;0;21.809225257501;0.06717420510524;0;0;16.79355127631;35.37841468876;github.com/GreenCharge/PMC.gridmix
ALL;20220102T120219;20200302T030000;20200302T031500;11.763402747009;0.066459902525476;0;6.0700044306602;3.0350022153301;0;0;0;0;0;4.3642002658396;0;21.621621621622;0.066459902525476;0;0;17.611874169251;34.913602126717;github.com/GreenCharge/PMC.gridmix
ALL;20220102T120219;20200302T031500;20200302T033000;12.037247331365;0.068135362253009;0;6.2684533272769;3.1342266636384;0;0;0;0;0;4.4742221212809;0;22.166704519646;0.068135362253009;0;0;15.671133318192;35.612082670906;github.com/GreenCharge/PMC.gridmix
ALL;20220102T120219;20200302T033000;20200302T034500;12.25955967555;0.069524913093859;0;6.396292004635;3.4298957126304;0;0;0;0;0;4.611819235226;0;22.618771726535;0.069524913093859;0;0;13.951332560834;36.083429895713;github.com/GreenCharge/PMC.gridmix
ALL;20220102T120219;20200302T034500;20200302T040000;12.15405904059;0.069188191881919;0;6.3653136531365;4.3357933579336;0;0;0;0;0;4.6356088560886;0;22.486162361624;0.069188191881919;0;0;13.883763837638;35.493542435424;github.com/GreenCharge/PMC.gridmix
ALL;20220102T120219;20200302T040000;20200302T041500;11.930142889544;0.11340440009072;0;6.2826037650261;4.694942163756;0;0;0;0;0;4.4227716035382;0;22.317985937854;0.068042640054434;0;0;14.561124971649;35.110002268088;github.com/GreenCharge/PMC.gridmix
ALL;20220102T120219;20200302T041500;20200302T043000;11.626878868258;0.1105216622458;0;6.1229000884173;4.9513704686118;0;0;0;0;0;4.3103448275862;0;21.794871794872;0.06631299734748;0;0;16.025641025641;34.504862953139;github.com/GreenCharge/PMC.gridmix
ALL;20220102T120219;20200302T043000;20200302T044500;11.555360281195;0.10984182776801;0;6.1072056239016;5.4920913884007;0;0;0;0;0;4.2179261862917;0;21.682776801406;0.065905096660808;0;0;15.927065026362;34.358523725835;github.com/GreenCharge/PMC.gridmix
ALL;20220102T120219;20200302T044500;20200302T050000;11.427949499347;0.10883761427949;0;6.0731388767958;5.811928602525;0;0;0;0;0;4.1358293426208;0;21.506312581628;0.065302568567697;0;0;17.065737919025;33.326077492381;github.com/GreenCharge/PMC.gridmix
ALL;20220102T120219;20200302T050000;20200302T051500;11.300043047783;0.10761945759793;0;6.2634524321997;6.4356435643564;0;0;0;0;0;4.1110632802411;0;21.35170038743;0.06457167455876;0;0;16.702539819199;33.189840723203;github.com/GreenCharge/PMC.gridmix
ALL;20220102T120219;20200302T051500;20200302T053000;11.268512556343;0.10731916720326;0;6.4606138656364;6.9113543678901;0;0;0;0;0;4.1210560206053;0;21.292122773127;0.064391500321958;0;0;17.342777420047;31.959647993132;github.com/GreenCharge/PMC.gridmix
ALL;20220102T120219;20200302T053000;20200302T054500;11.194029850746;0.10660980810235;0;6.4818763326226;6.9936034115139;0;0;0;0;0;4.1151385927505;0;21.172707889126;0.063965884861407;0;0;18.699360341151;30.703624733475;github.com/GreenCharge/PMC.gridmix
ALL;20220102T120219;20200302T054500;20200302T060000;11.252151462995;0.10757314974182;0;6.5404475043029;7.8313253012048;0;0;0;0;0;4.1738382099828;0;21.385542168675;0.064543889845095;0;0;17.943201376936;30.228055077453;github.com/GreenCharge/PMC.gridmix
ALL;20220102T120219;20200302T060000;20200302T061500;11.291018998273;0.10794473229706;0;6.7357512953368;8.2253886010363;0;0;0;0;0.19430051813472;4.1666666666667;0;21.783246977547;0.064766839378238;0;0;17.055267702936;29.900690846287;github.com/GreenCharge/PMC.gridmix
ALL;20220102T120219;20200302T061500;20200302T063000;11.206342404114;0.10713520462824;0;6.7066638097279;8.827940861367;0;0;0;0;0.49282194128991;4.1782729805014;0;21.705592457682;0.064281122776945;0;0;16.670237840154;29.569316477394;github.com/GreenCharge/PMC.gridmix
ALL;20220102T120219;20200302T063000;20200302T064500;11.05007394887;0.10564124234101;0;6.8878090006338;9.3598140714135;0;0;0;0;1.6902598774562;4.1411366997676;0;21.38178744982;0.063384745404606;0;0;16.649059792943;28.20621170505;github.com/GreenCharge/PMC.gridmix
ALL;20220102T120219;20200302T064500;20200302T070000;10.635696821516;0.10187449062755;0;6.8255908720456;9.7799511002445;0;0;0;0;4.7677261613692;4.1157294213529;0;20.619396903015;0.061124694376528;0;0;16.462917685412;26.18174409128;github.com/GreenCharge/PMC.gridmix
ALL;20220102T120219;20200302T070000;20200302T071500;10.706946157008;0.10275380189067;0;7.213316892725;10.583641594739;0;0;0;0;1.7468146321414;4.1101520756268;0;20.735717221537;0.061652281134402;0.45211672831895;0;17.673653925195;26.161117961365;github.com/GreenCharge/PMC.gridmix
ALL;20220102T120219;20200302T071500;20200302T073000;10.201683963188;0.097904836498923;0;7.0491482279225;10.475817505385;0;0;0;0;3.4854121793617;4.1120031329548;0;19.835519874682;0.058742901899354;1.8797728607793;0;17.25083219111;25.122381045624;github.com/GreenCharge/PMC.gridmix
ALL;20220102T120219;20200302T073000;20200302T074500;10.227718884963;0.098154691794268;0;7.243816254417;11.189634864547;0;0;0;0;1.4134275618375;4.161758932077;0;19.905771495878;0.058892815076561;4.0832351786415;0;16.509619159796;24.676089517079;github.com/GreenCharge/PMC.gridmix
ALL;20220102T120219;20200302T074500;20200302T080000;10.036672457055;0.096506465933218;0;7.4116965836711;12.063308241652;0;0;0;0;0.82995560702567;4.0918741555684;0;19.571511291257;0.057903879559931;6.6782474425787;0;16.097278517661;22.640416907933;github.com/GreenCharge/PMC.gridmix
ALL;20220102T120219;20200302T080000;20200302T081500;9.630314232902;0.092421441774492;0;6.5249537892791;12.218114602588;0;0;0;0;3.0683918669131;3.9001848428835;0;18.743068391867;0.055452865064695;9.2606284658041;0;15.452865064695;20.683918669131;github.com/GreenCharge/PMC.gridmix
ALL;20220102T120219;20200302T081500;20200302T083000;9.4951704027702;0.091124476034263;0;6.433388008019;12.228904683798;0;0;0;0;2.2963367960634;3.8454528886459;0;18.498268634955;0.054674685620558;12.064880626936;0;14.835064698378;19.792236194642;github.com/GreenCharge/PMC.gridmix
ALL;20220102T120219;20200302T083000;20200302T084500;9.5090344953459;0.091257528746122;0;6.4427815294762;12.374520897974;0;0;0;0;1.1863478736996;3.5407921153495;0;18.525278335463;0.054754517247673;15.002737725862;0;14.436941047636;18.470523818215;github.com/GreenCharge/PMC.gridmix
ALL;20220102T120219;20200302T084500;20200302T090000;9.4882535057367;0.091058095064651;0;6.4287015115644;12.420324166818;0;0;0;0;0.38244399927154;3.4784192314697;0;18.484793298124;0.054634857038791;17.647058823529;0;13.913676925879;17.246403205245;github.com/GreenCharge/PMC.gridmix
ALL;20220102T120219;20200302T090000;20200302T091500;9.2523530456402;0.088794175102113;0;7.1035340081691;12.20031965903;0;0;0;0;0.35517670040845;3.4096963239212;0;18.007458710709;0.053276505061268;19.676789202628;0;13.780855975848;15.716568993074;github.com/GreenCharge/PMC.gridmix
ALL;20220102T120219;20200302T091500;20200302T093000;9.0687554395126;0.087032201914708;0;6.9625761531767;11.975630983464;0;0;0;0;0.27850304612707;3.3420365535248;0;17.650130548303;0.052219321148825;21.688424717145;0;13.838120104439;14.708442123586;github.com/GreenCharge/PMC.gridmix
ALL;20220102T120219;20200302T093000;20200302T094500;8.9475488515598;0.085704490915324;0;6.8563592732259;11.895783339047;0;0;0;0;0.53136784367501;3.3253342475146;0;17.398011655811;0.051422694549194;23.568735001714;0;12.649982859102;14.346931779225;github.com/GreenCharge/PMC.gridmix
ALL;20220102T120219;20200302T094500;20200302T100000;8.8594704684318;0.084860828241684;0;6.8228105906314;11.846571622539;0;0;0;0;0.6449422946368;3.3095723014257;0;17.209775967413;0.05091649694501;25.237610319077;0;11.625933469111;13.968092328581;github.com/GreenCharge/PMC.gridmix
ALL;20220102T120219;20200302T100000;20200302T101500;8.871925360475;0.08481764206955;0;6.7345207803223;11.840542832909;0;0;0;0;0.47497879558948;3.3078880407125;0;17.217981340119;0.05089058524173;26.938083121289;0;10.50042408821;13.638676844784;github.com/GreenCharge/PMC.gridmix
ALL;20220102T120219;20200302T101500;20200302T103000;8.8334457181389;0.084288604180715;0;6.6925151719488;11.749831422792;0;0;0;0;0.472016183412;3.304113283884;0;17.110586648685;0.050573162508429;28.219824679703;0;9.3728927848955;13.772757923129;github.com/GreenCharge/PMC.gridmix
ALL;20220102T120219;20200302T103000;20200302T104500;8.8264963012777;0.084061869535978;0;6.6745124411567;11.785474108944;0;0;0;0;0.45393409549428;3.2952252858104;0;17.064559515804;0.050437121721587;29.354404841964;0;9.0618695359785;13.012777404169;github.com/GreenCharge/PMC.gridmix
ALL;20220102T120219;20200302T104500;20200302T110000;8.9005235602094;0.084445195068401;0;6.704948488431;11.856105387603;0;0;0;0;0.37155885830096;3.2764735686539;0;17.142374598885;0.05066711704104;30.265157912515;0;8.8329674041547;12.176997128863;github.com/GreenCharge/PMC.gridmix
ALL;20220102T120219;20200302T110000;20200302T111500;9.0350128095645;0.085397096498719;0;6.7292912040991;11.921434671221;0;0;0;0;0.30742954739539;3.3134073441503;0;17.33561058924;0.051238257899231;30.862510674637;0;8.4543125533732;11.562766865927;github.com/GreenCharge/PMC.gridmix
ALL;20220102T120219;20200302T111500;20200302T113000;9.0551181102362;0.085587127695995;0;6.7442656624444;11.9650804519;0;0;0;0;0.29099623416638;3.3207805546046;0;17.357069496748;0.051352276617597;31.239301609038;0;8.2505991098939;11.297500855871;github.com/GreenCharge/PMC.gridmix
ALL;20220102T120219;20200302T113000;20200302T114500;9.131633356306;0.086147484493453;0;6.7884217780841;12.043418332185;0;0;0;0;0.31013094417643;3.3252929014473;0;17.453480358374;0.051688490696072;31.822880771881;0;7.6154376292212;11.026878015162;github.com/GreenCharge/PMC.gridmix
ALL;20220102T120219;20200302T114500;20200302T120000;9.2460386557548;0.087062510882814;0;6.8605258575657;12.153926519241;0;0;0;0;0.41790005223751;3.3432004179001;0;17.638864704858;0.052237506529688;32.230541528818;0;6.2162632770329;11.405188925649;github.com/GreenCharge/PMC.gridmix
ALL;20220102T120219;20200302T120000;20200302T121500;9.3584772647162;0.088121254846669;0;6.9439548819175;12.284102925626;0;0;0;0;0.31723651744801;3.3838561861121;0;17.835741980966;0.052872752908001;32.446246034544;0;5.2872752908001;11.667254141699;github.com/GreenCharge/PMC.gridmix
ALL;20220102T120219;20200302T121500;20200302T123000;9.4011018304603;0.088857295183935;0;7.001954860494;12.38670694864;0;0;0;0;0.31988626266216;3.4121201350631;0;17.984716545228;0.053314377110361;32.02416918429;0;5.2603518748889;11.729162964279;github.com/GreenCharge/PMC.gridmix
ALL;20220102T120219;20200302T123000;20200302T124500;9.4478307637146;0.089637863033345;0;7.0634636070276;12.477590534242;0;0;0;0;0.44818931516673;3.4420939404805;0;18.142703477949;0.053782717820007;31.642165650771;0;5.252778773754;11.599139476515;github.com/GreenCharge/PMC.gridmix
ALL;20220102T120219;20200302T124500;20200302T130000;9.6526508226691;0.091407678244973;0;7.2029250457038;12.778793418647;0;0;0;0;0.3473491773309;3.5100548446069;0;18.482632541133;0.054844606946984;31.425959780622;0;4.4972577696527;11.608775137112;github.com/GreenCharge/PMC.gridmix
ALL;20220102T120219;20200302T130000;20200302T131500;9.8781630740394;0.093720712277413;0;7.3289597000937;13.158388003749;0;0;0;0;0.24367385192127;3.5988753514527;0;18.969072164948;0.056232427366448;30.834114339269;0;3.767572633552;11.696344892221;github.com/GreenCharge/PMC.gridmix
ALL;20220102T120219;20200302T131500;20200302T133000;10.096153846154;0.096153846153846;0;7.5192307692308;13.5;0;0;0;0;0.28846153846154;3.7115384615385;0;19.461538461538;0.057692307692308;29.673076923077;0;3.4615384615385;11.75;github.com/GreenCharge/PMC.gridmix
