LOC;Time;Start;End;Biomass;Lignite;Coal;Gas;HardCoal;Oil;Shale;Peat;Geothermal;HydroPumped;Hydro;Marine;Nuclear;OtherRES;Solar;Waste;WindOffShore;WindOnShore;SwID
ALL;20220102T120218;20190701T000000;20190701T001500;15.408320493066;0;0;4.4684129429892;2.8967642526965;0;0;0;0;0.73959938366718;9.5531587057011;0;19.784283513097;0.092449922958398;0;0;23.636363636364;22.71186440678;github.com/GreenCharge/PMC.gridmix
ALL;20220102T120218;20190701T001500;20190701T003000;15.218054284843;0;0;4.4220799024093;2.836230558097;0;0;0;0;2.195791399817;9.4541018603233;0;19.579139981702;0.091491308325709;0;0;23.81823726746;21.683440073193;github.com/GreenCharge/PMC.gridmix
ALL;20220102T120218;20190701T003000;20190701T004500;15.23199023199;0;0;4.4261294261294;2.8388278388278;0;0;0;0;2.2893772893773;9.4627594627595;0;19.566544566545;0.091575091575092;0;0;24.236874236874;21.153846153846;github.com/GreenCharge/PMC.gridmix
ALL;20220102T120218;20190701T004500;20190701T010000;15.194130235402;0;0;4.4328951391012;2.8431672271477;0;0;0;0;1.9871598899419;9.4772240904922;0;19.596453683889;0.091715071843473;0;0;25.007642922654;20.666462855396;github.com/GreenCharge/PMC.gridmix
ALL;20220102T120218;20190701T010000;20190701T011500;15.465838509317;0;0;4.472049689441;2.888198757764;0;0;0;0;0.031055900621118;9.6583850931677;0;19.937888198758;0.093167701863354;0;0;25.962732919255;20.776397515528;github.com/GreenCharge/PMC.gridmix
ALL;20220102T120218;20190701T011500;20190701T013000;15.616180620884;0;0;4.5468798996551;2.9162746942615;0;0;0;0;0.031357792411414;9.7522734399498;0;20.131702728128;0.094073377234243;0;0;25.71338977736;20.476638444653;github.com/GreenCharge/PMC.gridmix
ALL;20220102T120218;20190701T013000;20190701T014500;15.789473684211;0;0;4.5973367152822;2.9486366518706;0;0;0;0;0;9.860494610019;0;20.355104629042;0.095117311350666;0;0;25.459733671528;20.164870006341;github.com/GreenCharge/PMC.gridmix
ALL;20220102T120218;20190701T014500;20190701T020000;15.67023285085;0;0;4.5626179987413;2.9263687853996;0;0;0;0;0;9.7860289490245;0;20.201384518565;0.094398993077407;0;0;25.739458779106;20.327249842668;github.com/GreenCharge/PMC.gridmix
ALL;20220102T120218;20190701T020000;20190701T021500;15.509187169106;0;0;4.515727187792;2.8651510432887;0;0;0;0;0;9.6854562441607;0;20.056057303021;0.09342883836811;0;0;26.03550295858;20.554344440984;github.com/GreenCharge/PMC.gridmix
ALL;20220102T120218;20190701T021500;20190701T023000;15.201465201465;0;0;4.4261294261294;2.8083028083028;0;0;0;0;0;9.4017094017094;0;19.65811965812;0.091575091575092;0;0;26.739926739927;21.001221001221;github.com/GreenCharge/PMC.gridmix
ALL;20220102T120218;20190701T023000;20190701T024500;14.947368421053;0;0;4.3609022556391;2.7669172932331;0;0;0;0;0;9.3533834586466;0;19.368421052632;0.090225563909774;0;0;27.398496240602;21.052631578947;github.com/GreenCharge/PMC.gridmix
ALL;20220102T120218;20190701T024500;20190701T030000;14.880239520958;0;0;4.3413173652695;2.7544910179641;0;0;0;0;0;9.251497005988;0;19.281437125749;0.089820359281437;0;0;27.395209580838;21.347305389222;github.com/GreenCharge/PMC.gridmix
ALL;20220102T120218;20190701T030000;20190701T031500;14.887892376682;0;0;4.3348281016442;2.7503736920777;0;0;0;0;0;9.237668161435;0;19.252615844544;0.089686098654709;0;0;26.875934230194;21.913303437967;github.com/GreenCharge/PMC.gridmix
ALL;20220102T120218;20190701T031500;20190701T033000;14.883442916916;0;0;4.3335325762104;2.7495517035266;0;0;0;0;0;9.2946802151823;0;19.276748356246;0.089659294680215;0;0;25.971309025702;22.743574417215;github.com/GreenCharge/PMC.gridmix
ALL;20220102T120218;20190701T033000;20190701T034500;14.9294082307;0;0;4.3556623610694;2.7635926704716;0;0;0;0;0;9.3421447882247;0;19.345148693301;0.090117152297987;0;0;25.022529288074;23.490537699009;github.com/GreenCharge/PMC.gridmix
ALL;20220102T120218;20190701T034500;20190701T040000;14.877024595081;0;0;4.3491301739652;2.7594481103779;0;0;0;0;0;9.3281343731254;0;19.346130773845;0.08998200359928;0;0;24.415116976605;24.145170965807;github.com/GreenCharge/PMC.gridmix
ALL;20220102T120218;20190701T040000;20190701T041500;14.942874323512;0;0;4.2693926638605;2.7660853878533;0;0;0;0;0;9.3505712567649;0;19.422730006013;0.090198436560433;0;0;23.722188815394;24.744437763079;github.com/GreenCharge/PMC.gridmix
ALL;20220102T120218;20190701T041500;20190701T043000;14.920444311018;0;0;4.7733413389373;2.7619333533473;0;0;0;0;0;9.3065145601921;0;19.363554488142;0.090063044130892;0;0;22.305613929751;25.788051636145;github.com/GreenCharge/PMC.gridmix
ALL;20220102T120218;20190701T043000;20190701T044500;15.006038647343;0;0;4.2874396135266;2.7777777777778;0;0;0;0;0;9.3900966183575;0;19.444444444444;0.090579710144928;0;0;21.527777777778;26.781400966184;github.com/GreenCharge/PMC.gridmix
ALL;20220102T120218;20190701T044500;20190701T050000;14.954954954955;0;0;4.8048048048048;2.7927927927928;0;0;0;0;0;9.3393393393393;0;19.399399399399;0.09009009009009;0.03003003003003;0;20.21021021021;27.687687687688;github.com/GreenCharge/PMC.gridmix
ALL;20220102T120218;20190701T050000;20190701T051500;15.055706112617;0;0;4.8178259560373;2.9208069858476;0;0;0;0;0;9.3646492020476;0;19.451972297501;0.0903342366757;0.0903342366757;0;18.789521228546;28.756398675098;github.com/GreenCharge/PMC.gridmix
ALL;20220102T120218;20190701T051500;20190701T053000;15.076737887451;0;0;4.8149262714415;2.9190490520614;0;0;0;0;0;9.0580800481493;0;19.410171531748;0.090279867589528;0.21065302437556;0;18.417092988264;29.340956966596;github.com/GreenCharge/PMC.gridmix
ALL;20220102T120218;20190701T053000;20190701T054500;15.216732343134;0;0;4.8499545316763;3.0009093664747;0;0;0;0;0;9.3058502576538;0;19.521066989997;0.09093664746893;0.78811761139739;0;17.732646256441;28.826917247651;github.com/GreenCharge/PMC.gridmix
ALL;20220102T120218;20190701T054500;20190701T060000;15.333333333333;0;0;4.8484848484848;3.0909090909091;0;0;0;0;0.03030303030303;9;0;19.575757575758;0.090909090909091;1.6969696969697;0;17.909090909091;27.757575757576;github.com/GreenCharge/PMC.gridmix
ALL;20220102T120218;20190701T060000;20190701T061500;14.792211566405;0;0;5.8413251961639;3.2548677709968;0;0;0;0;0.5231037489102;8.6602731764022;0;18.802673641383;0.0871839581517;2.7317640220866;0;16.942749200814;27.666376053473;github.com/GreenCharge/PMC.gridmix
ALL;20220102T120218;20190701T061500;20190701T063000;14.431239388795;0;0;6.4233163554046;3.2541029994341;0;0;0;0;0.50933786078098;8.6304470854556;0;18.307866440294;0.084889643463497;4.102999434069;0;16.779852857951;26.796830786644;github.com/GreenCharge/PMC.gridmix
ALL;20220102T120218;20190701T063000;20190701T064500;13.705993012631;0;0;6.6380005374899;3.1711905401774;0;0;0;0;4.3267938726149;8.1698468153722;0;17.387798978769;0.080623488309594;5.563020693362;0;15.587207739855;24.724536414942;github.com/GreenCharge/PMC.gridmix
ALL;20220102T120218;20190701T064500;20190701T070000;13.193906532404;0;0;6.5324038213271;3.2791117996385;0;0;0;0;6.7647818228763;7.8233927188226;0;16.705396333592;0.077459333849729;7.3069971598244;0;15.052930544797;22.643945262071;github.com/GreenCharge/PMC.gridmix
ALL;20220102T120218;20190701T070000;20190701T071500;12.848180677541;0;0;7.4278544542033;3.4880803011292;0;0;0;0;6.4240903387704;7.603513174404;0;16.185696361355;0.075282308657465;9.1091593475533;0;15.282308657465;20.953575909661;github.com/GreenCharge/PMC.gridmix
ALL;20220102T120218;20190701T071500;20190701T073000;12.65760197775;0;0;7.4165636588381;3.6341161928307;0;0;0;0;6.6254635352287;7.4660074165637;0;15.970333745365;0.074165636588381;10.754017305315;0;15.525339925834;19.283065512979;github.com/GreenCharge/PMC.gridmix
ALL;20220102T120218;20190701T073000;20190701T074500;12.33734939759;0;0;7.4939759036145;3.7831325301205;0;0;0;0;6.3132530120482;7.3012048192771;0;15.566265060241;0.072289156626506;12.602409638554;0;16.168674698795;17.78313253012;github.com/GreenCharge/PMC.gridmix
ALL;20220102T120218;20190701T074500;20190701T080000;12.014051522248;0;0;7.7751756440281;3.9812646370023;0;0;0;0;5.6908665105386;7.096018735363;0;15.152224824356;0.070257611241218;14.590163934426;0;16.229508196721;16.838407494145;github.com/GreenCharge/PMC.gridmix
ALL;20220102T120218;20190701T080000;20190701T081500;11.651146945265;0;0;7.8128548716784;4.7013399954576;0;0;0;0;5.6325232795821;6.8816715875539;0;14.626391096979;0.068135362253009;16.352486940722;0;15.01249148308;16.715875539405;github.com/GreenCharge/PMC.gridmix
ALL;20220102T120218;20190701T081500;20190701T083000;11.232756733085;0;0;7.6636741843661;4.7733742062623;0;0;0;0;5.9776658638056;6.6345522224655;0;14.123056711189;0.065688635865995;18.502299102255;0;14.517188526385;15.984234727392;github.com/GreenCharge/PMC.gridmix
ALL;20220102T120218;20190701T083000;20190701T084500;10.765349032801;0;0;7.905803195963;4.5836837678722;0;0;0;0;4.8149705634987;6.349873843566;0;13.582842724979;0.063078216989066;20.395290159798;0;14.21362489487;15.874684608915;github.com/GreenCharge/PMC.gridmix
ALL;20220102T120218;20190701T084500;20190701T090000;10.412853365874;0;0;7.6672767947936;4.4132601179581;0;0;0;0;3.7827943868212;6.1419564775269;0;13.117754728493;0.061012812690665;22.147651006711;0;14.338010982306;16.331096196868;github.com/GreenCharge/PMC.gridmix
ALL;20220102T120218;20190701T090000;20190701T091500;10.266693402847;0;0;7.720072187688;4.0505313815921;0;0;0;0;2.1856827752156;6.0757970723882;0;12.913575295769;0.060156406657309;24.303188289553;0;14.798476037698;16.944054541809;github.com/GreenCharge/PMC.gridmix
ALL;20220102T120218;20190701T091500;20190701T093000;9.744469870328;0;0;7.8565980167811;3.8329519450801;0;0;0;0;2.1929824561404;5.8161708619375;0;12.261632341724;0.05720823798627;25.629290617849;0;14.950419527079;17.200610221205;github.com/GreenCharge/PMC.gridmix
ALL;20220102T120218;20190701T093000;20190701T094500;9.4883720930233;0;0;7.7209302325581;3.3116279069767;0;0;0;0;0.65116279069767;5.6744186046512;0;11.944186046512;0.055813953488372;27.683720930233;0;15.2;17.823255813953;github.com/GreenCharge/PMC.gridmix
ALL;20220102T120218;20190701T094500;20190701T100000;9.1349605168701;0;0;7.4479540559943;2.9612347451543;0;0;0;0;0.32304379038047;5.4737975592247;0;11.521895190237;0.053840631730079;28.858578607322;0;14.913854989232;18.880114860014;github.com/GreenCharge/PMC.gridmix
ALL;20220102T120218;20190701T100000;20190701T101500;8.7157534246575;0;0;7.0547945205479;2.7397260273973;0;0;0;0;0.85616438356164;5.2054794520548;0;10.993150684932;0.051369863013699;29.263698630137;0;14.606164383562;20.102739726027;github.com/GreenCharge/PMC.gridmix
ALL;20220102T120218;20190701T101500;20190701T103000;8.3895377529199;0;0;6.7774304984372;2.5991116960026;0;0;0;0;0.049350222075999;4.8363217634479;0;10.560947524264;0.049350222075999;30.054285244284;0;14.492515216318;21.796348083566;github.com/GreenCharge/PMC.gridmix
ALL;20220102T120218;20190701T103000;20190701T104500;8.0396475770925;0;0;6.4820641913153;2.4858401510384;0;0;0;0;0;4.6098174952801;0;10.100692259283;0.047199496538704;30.144745122719;0;14.222781623663;23.489616110761;github.com/GreenCharge/PMC.gridmix
ALL;20220102T120218;20190701T104500;20190701T110000;7.6830006049607;0;0;6.2310949788264;2.2988505747126;0;0;0;0;0;4.4010889292196;0;9.6793708408953;0.045372050816697;30.474894131881;0;14.035087719298;24.788263762855;github.com/GreenCharge/PMC.gridmix
ALL;20220102T120218;20190701T110000;20190701T111500;7.5025845517649;0;0;6.0109289617486;2.1414857480431;0;0;0;0;0;4.2977403633141;0;9.4668438930734;0.044306601683651;30.556786294491;0;14.23718800768;25.387682764732;github.com/GreenCharge/PMC.gridmix
ALL;20220102T120218;20190701T111500;20190701T113000;7.3293896984562;0;0;5.8721685182513;2.0054826143414;0;0;0;0;0;4.2129562833646;0;9.2338767854566;0.043283797431828;31.077766556053;0;14.225941422594;25.652863944597;github.com/GreenCharge/PMC.gridmix
ALL;20220102T120218;20190701T113000;20190701T114500;7.1730552423901;0;0;5.7356257046223;1.9447576099211;0;0;0;0;0;4.1009019165727;0;9.0191657271702;0.04227733934611;31.552987598647;0;14.064261555806;26.028748590755;github.com/GreenCharge/PMC.gridmix
ALL;20220102T120218;20190701T114500;20190701T120000;7.0092810638593;0;0;5.6378999861477;1.897769774207;0;0;0;0;0;4.0587338966616;0;8.851641501593;0.041557002354897;31.486355450893;0;14.101676132428;26.582629173016;github.com/GreenCharge/PMC.gridmix
ALL;20220102T120218;20190701T120000;20190701T121500;6.9111810592582;0;0;5.1457506500616;1.8612289585329;0;0;0;0;0;4.0235390721226;0;8.7313534966471;0.041056521144108;31.77774736554;0;14.28766935815;26.892021349391;github.com/GreenCharge/PMC.gridmix
ALL;20220102T120218;20190701T121500;20190701T123000;6.8951392681595;0;0;4.806116876024;1.8159475696341;0;0;0;0;0;4.0688148552703;0;8.6974330966685;0.040961223375205;31.553795740033;0;13.681048607318;28.113052976516;github.com/GreenCharge/PMC.gridmix
ALL;20220102T120218;20190701T123000;20190701T124500;6.8558240564757;0;0;4.6701058919359;1.8327450448004;0;0;0;0;0;4.1270703231062;0;8.6478414336139;0.040727667662232;31.19739342927;0;13.535161553082;28.767309258756;github.com/GreenCharge/PMC.gridmix
ALL;20220102T120218;20190701T124500;20190701T130000;7.0068121785069;0;0;4.7824273599333;2.0853607674128;0;0;0;0;0;4.2124287501738;0;8.8558320589462;0.041707215348255;31.210899485611;0;13.860697900737;27.610176560545;github.com/GreenCharge/PMC.gridmix
ALL;20220102T120218;20190701T130000;20190701T131500;6.88995215311;0;0;4.6343130553657;2.2282980177717;0;0;0;0;0;4.1285030758715;0;8.7081339712919;0.041011619958988;30.416951469583;0;13.77990430622;28.831168831169;github.com/GreenCharge/PMC.gridmix
ALL;20220102T120218;20190701T131500;20190701T133000;6.787208204021;0;0;4.5607880178114;2.2264201862097;0;0;0;0;0;4.0750236135474;0;8.5953312643368;0.040480367021994;29.42922682499;0;13.237080016192;30.71110511402;github.com/GreenCharge/PMC.gridmix
ALL;20220102T120218;20190701T133000;20190701T134500;6.8871276305001;0;0;4.618748291883;2.2683793386171;0;0;0;0;0;4.1131456682154;0;8.6362394096748;0.040994807324406;28.710030062859;0;12.940694178737;31.443017217819;github.com/GreenCharge/PMC.gridmix
ALL;20220102T120218;20190701T134500;20190701T140000;6.9835111542192;0;0;4.6833864486629;2.535679645282;0;0;0;0;0;4.1707080504365;0;8.5492586947485;0.041568518775114;28.100318691977;0;13.066371068311;31.522793404462;github.com/GreenCharge/PMC.gridmix
ALL;20220102T120218;20190701T140000;20190701T141500;7.0716991721622;0;0;4.6864038164726;2.918479023432;0;0;0;0;0;4.2233758944858;0;8.5870632804827;0.042093447453346;27.0380244142;0;13.161217903746;31.920864318788;github.com/GreenCharge/PMC.gridmix
ALL;20220102T120218;20190701T141500;20190701T143000;7.0846218723644;0;0;4.6949676693843;3.0503233061569;0;0;0;0;0;4.2451504076469;0;8.4762440258645;0.042170368287883;25.794208602755;0;13.227438852966;33.033455158842;github.com/GreenCharge/PMC.gridmix
ALL;20220102T120218;20190701T143000;20190701T144500;7.1297213184326;0;0;4.7248550007073;3.069741123214;0;0;0;0;0;4.2721742820767;0;8.4877634743245;0.042438817371623;24.840854434856;0;13.382373744518;33.696420993068;github.com/GreenCharge/PMC.gridmix
ALL;20220102T120218;20190701T144500;20190701T150000;7.2256402918873;0;0;4.5500071540993;3.1191872943196;0;0;0;0;0;4.3067677779368;0;8.5419945628845;0.04292459579339;23.994849048505;0;13.50693947632;34.353984833309;github.com/GreenCharge/PMC.gridmix
ALL;20220102T120218;20190701T150000;20190701T151500;7.2588759522783;0;0;4.8009199367543;3.1191605577117;0;0;0;0;0;4.3265775477936;0;8.5956590484404;0.043122035360069;22.79718269369;0;13.597815150208;35.101336783096;github.com/GreenCharge/PMC.gridmix
ALL;20220102T120218;20190701T151500;20190701T153000;7.3315911730546;0;0;4.849012775842;3.150406504065;0;0;0;0;0.043554006968641;4.369918699187;0;8.7108013937282;0.043554006968641;21.762485481998;0;13.777584204413;35.598141695703;github.com/GreenCharge/PMC.gridmix
ALL;20220102T120218;20190701T153000;20190701T154500;7.4378950463031;0;0;5.012494487726;3.2632662060856;0;0;0;0;0.01469939732471;4.4245185947376;0;8.8343377921505;0.044098191974129;20.50565926797;0;13.993826253124;36.101719829487;github.com/GreenCharge/PMC.gridmix
ALL;20220102T120218;20190701T154500;20190701T160000;7.4922417614896;0;0;5.0539382296439;3.3101817644451;0;0;0;0;0.014777597162701;4.403723954485;0;8.8961134919462;0.044332791488104;20.038421752623;0;14.171715679031;36.205113048618;github.com/GreenCharge/PMC.gridmix
ALL;20220102T120218;20190701T160000;20190701T161500;7.5485688862524;0;0;5.1460774136141;3.2329823520688;0;0;0;0;0.014830194275545;4.3897375055613;0;8.9574373424292;0.044490582826635;19.249592169657;0;14.177665727421;36.170843838054;github.com/GreenCharge/PMC.gridmix
ALL;20220102T120218;20190701T161500;20190701T163000;7.8007662835249;0;0;5.3486590038314;3.3409961685824;0;0;0;0;0.015325670498084;4.5057471264368;0;9.2873563218391;0.045977011494253;18.498084291188;0;14.544061302682;35.432950191571;github.com/GreenCharge/PMC.gridmix
ALL;20220102T120218;20190701T163000;20190701T164500;7.9956016336789;0;0;5.4822494502042;3.4715677034244;0;0;0;0;0.25133521834747;4.6182846371348;0;9.4250706880302;0.047125353440151;17.389255419416;0;14.875903235941;35.940936223688;github.com/GreenCharge/PMC.gridmix
ALL;20220102T120218;20190701T164500;20190701T170000;8.0601741884402;0;0;5.5265241488519;3.5471100554236;0;0;0;0;0.34837688044339;4.6239113222486;0;9.5486935866983;0.04750593824228;16.104513064133;0;15.122723673793;36.722090261283;github.com/GreenCharge/PMC.gridmix
ALL;20220102T120218;20190701T170000;20190701T171500;8.144;0;0;5.568;3.632;0;0;0;0;0.176;4.64;0;9.648;0.048;15.2;0;15.168;37.408;github.com/GreenCharge/PMC.gridmix
ALL;20220102T120218;20190701T171500;20190701T173000;8.3333333333333;0;0;5.718954248366;3.6111111111111;0;0;0;0;0.1797385620915;4.7222222222222;0;9.8692810457516;0.049019607843137;13.349673202614;0;15.392156862745;38.398692810458;github.com/GreenCharge/PMC.gridmix
ALL;20220102T120218;20190701T173000;20190701T174500;8.4546657842488;0;0;5.7908669755129;3.7392455327598;0;0;0;0;0.16545334215751;4.7319655857048;0;9.9933818663137;0.049636002647253;12.276637988087;0;15.684976836532;38.732627399073;github.com/GreenCharge/PMC.gridmix
ALL;20220102T120218;20190701T174500;20190701T180000;8.6099410278012;0;0;5.8972198820556;3.9427127211457;0;0;0;0;0.18534119629318;4.8862679022746;0;10.160067396799;0.050547598989048;11.069924178602;0;16.006739679865;38.803706823926;github.com/GreenCharge/PMC.gridmix
ALL;20220102T120218;20190701T180000;20190701T181500;8.7611225188227;0;0;6.0574948665298;4.1238877481177;0;0;0;0;0.17111567419576;4.8425735797399;0;10.215605749487;0.051334702258727;9.7878165639973;0;16.170431211499;39.425051334702;github.com/GreenCharge/PMC.gridmix
ALL;20220102T120218;20190701T181500;20190701T183000;8.924525013073;0;0;6.17047237232;4.2356632386265;0;0;0;0;0.17430712916158;4.9503224681889;0;10.371274185114;0.052292138748475;8.593341467666;0;16.611469409099;39.515426180931;github.com/GreenCharge/PMC.gridmix
ALL;20220102T120218;20190701T183000;20190701T184500;8.9950808151792;0;0;6.21925509487;4.427266338721;0;0;0;0;0.19325368938862;5.1124385101897;0;10.541110330288;0.052705551651441;7.4841883345046;0;16.602248770204;39.968376669009;github.com/GreenCharge/PMC.gridmix
ALL;20220102T120218;20190701T184500;20190701T190000;9.1201716738197;0;0;6.3304721030043;4.6494992846924;0;0;0;0;0.1967095851216;5.3111587982833;0;10.819027181688;0.053648068669528;6.5629470672389;0;16.630901287554;39.914163090129;github.com/GreenCharge/PMC.gridmix
ALL;20220102T120218;20190701T190000;20190701T191500;9.2424791591156;0;0;7.0677781805002;4.784342152954;0;0;0;0;0.18122508155129;5.1467923160565;0;10.891627401232;0.054367524465386;5.7267125770207;0;16.781442551649;39.688292859732;github.com/GreenCharge/PMC.gridmix
ALL;20220102T120218;20190701T191500;20190701T193000;9.3709884467266;0;0;7.5738125802311;4.786356134238;0;0;0;0;0.18338529249954;5.1531267192371;0;11.003117549972;0.055015587749862;4.8963873097378;0;16.798092792958;39.739592884651;github.com/GreenCharge/PMC.gridmix
ALL;20220102T120218;20190701T193000;20190701T194500;9.3675527039413;0;0;7.5710357470211;4.9129239230064;0;0;0;0;0.20164986251146;5.2795600366636;0;11.017415215399;0.054995417048579;3.9780018331806;0;16.736938588451;40.439963336389;github.com/GreenCharge/PMC.gridmix
ALL;20220102T120218;20190701T194500;20190701T200000;9.4689936873375;0;0;7.6680282213145;5.0315633122911;0;0;0;0;0.20423319717787;5.5514296323802;0;11.177125881916;0.055699962866691;3.2120311919792;0;16.654288897141;40.531006312662;github.com/GreenCharge/PMC.gridmix
ALL;20220102T120218;20190701T200000;20190701T201500;9.7118870444572;0;0;7.4413279908414;5.1516886090441;0;0;0;0;0.22896393817974;5.476054188132;0;11.276473955352;0.057240984544934;2.5186033199771;0;17.267697004388;40.431215416905;github.com/GreenCharge/PMC.gridmix
ALL;20220102T120218;20190701T201500;20190701T203000;9.8493626882966;0;0;7.531865585168;5.1371185786018;0;0;0;0;0.21243723445346;5.6971803785245;0;11.529548088065;0.057937427578216;1.8926226342217;0;17.690227887215;39.957512553109;github.com/GreenCharge/PMC.gridmix
ALL;20220102T120218;20190701T203000;20190701T204500;10.003923107101;0;0;7.6500588466065;5.1981169085916;0;0;0;0;0.21577089054531;5.9435072577481;0;11.867398979992;0.058846606512358;1.2750098077678;0;18.007061592781;39.329148685759;github.com/GreenCharge/PMC.gridmix
ALL;20220102T120218;20190701T204500;20190701T210000;10.17832097776;0;0;7.8140653175716;5.2694850731316;0;0;0;0;0.2404327790022;6.0709276698057;0;12.121819274694;0.060108194750551;0.78140653175716;0;18.292927269084;38.709677419355;github.com/GreenCharge/PMC.gridmix
ALL;20220102T120218;20190701T210000;20190701T211500;10.441932168551;0;0;7.6258992805755;4.9743062692703;0;0;0;0;0.59609455292909;6.2487153134635;0;12.45632065776;0.061664953751285;0.45220966084275;0;18.890030832477;37.800616649538;github.com/GreenCharge/PMC.gridmix
ALL;20220102T120218;20190701T211500;20190701T213000;10.692485792465;0;0;7.8088823405599;4.7779414860029;0;0;0;0;1.1366028204589;6.3986529151758;0;12.755209429594;0.063144601136603;0.18943380340981;0;19.217006945906;36.497579456956;github.com/GreenCharge/PMC.gridmix
ALL;20220102T120218;20190701T213000;20190701T214500;10.882604970009;0;0;7.9477292202228;4.8200514138817;0;0;0;0;1.3067694944302;6.5552699228792;0;12.939160239931;0.06426735218509;0.042844901456727;0;19.323050556984;35.646958011997;github.com/GreenCharge/PMC.gridmix
ALL;20220102T120218;20190701T214500;20190701T220000;11.157662624035;0;0;8.180815876516;5.0496141124587;0;0;0;0;0.28665931642778;6.7475192943771;0;13.340683572216;0.066152149944873;0.022050716648291;0;19.713340683572;34.950385887541;github.com/GreenCharge/PMC.gridmix
ALL;20220102T120218;20190701T220000;20190701T221500;11.340206185567;0;0;7.9336620349619;4.9081129538324;0;0;0;0;1.6136261766024;6.8579112505603;0;13.827879874496;0.067234424025101;0;0;19.834155087405;33.1241595697;github.com/GreenCharge/PMC.gridmix
ALL;20220102T120218;20190701T221500;20190701T223000;11.433099388725;0;0;8.0144894724926;4.6185193570297;0;0;0;0;2.1281412723568;6.9277790355445;0;13.991396875707;0.06791940230926;0;0;19.651347068146;32.669232510754;github.com/GreenCharge/PMC.gridmix
ALL;20220102T120218;20190701T223000;20190701T224500;11.572153065929;0;0;8.1604426002766;4.4721069617335;0;0;0;0;1.6597510373444;7.0539419087137;0;14.223144306132;0.069156293222683;0;0;19.801751959428;32.48040571692;github.com/GreenCharge/PMC.gridmix
ALL;20220102T120218;20190701T224500;20190701T230000;11.653872993719;0;0;8.2344731332868;4.0474528960223;0;0;0;0;2.3726448011165;7.0946731798093;0;14.375436147941;0.069783670621075;0;0;19.725517562224;31.914398697371;github.com/GreenCharge/PMC.gridmix
ALL;20220102T120218;20190701T230000;20190701T231500;11.731581417175;0;0;7.2970436414829;3.284842796809;0;0;0;0;1.4312529328954;7.1562646644768;0;14.758329422806;0.07038948850305;0;0;20.92914124824;32.801501642421;github.com/GreenCharge/PMC.gridmix
ALL;20220102T120218;20190701T231500;20190701T233000;11.833056675362;0;0;6.6160777804126;3.2724685795589;0;0;0;0;0.28456248517904;7.1852027507707;0;14.963244012331;0.071140621294759;0;0;21.982451980081;33.246383685084;github.com/GreenCharge/PMC.gridmix
ALL;20220102T120218;20190701T233000;20190701T234500;11.918465227818;0;0;6.5467625899281;3.189448441247;0;0;0;0;0.095923261390887;7.3381294964029;0;15.275779376499;0.071942446043165;0;0;21.918465227818;33.093525179856;github.com/GreenCharge/PMC.gridmix
ALL;20220102T120218;20190701T234500;20190702T000000;11.817965213248;0;0;6.4808196330712;3.0259709316178;0;0;0;0;0.047653085537289;7.2909220872051;0;15.129854658089;0.071479628305933;0;0;22.396950202526;33.190374076721;github.com/GreenCharge/PMC.gridmix
ALL;20220102T120218;20190702T000000;20190702T001500;11.703877790834;0;0;5.5464159811986;4.7238542890717;0;0;0;0;0;6.9565217391304;0;14.829612220917;0.070505287896592;0;0;23.266745005875;32.4089306698;github.com/GreenCharge/PMC.gridmix
ALL;20220102T120218;20190702T001500;20190702T003000;11.741081974959;0;0;5.2208835341365;4.6302858492795;0;0;0;0;0;6.8981809591306;0;14.764942121427;0.070871722182849;0;0;23.364044412946;32.813607370659;github.com/GreenCharge/PMC.gridmix
ALL;20220102T120218;20190702T003000;20190702T004500;11.627906976744;0;0;5.0739957716702;4.6276720695325;0;0;0;0;0;6.9532534648814;0;14.893117218699;0.070472163495419;0;0;23.091378905332;33.168898285177;github.com/GreenCharge/PMC.gridmix
ALL;20220102T120218;20190702T004500;20190702T010000;11.647527536911;0;0;5.0621045230841;4.6168268104054;0;0;0;0;0;7.1244434028592;0;14.764471525662;0.070307007265057;0;0;23.459104757441;32.763065385517;github.com/GreenCharge/PMC.gridmix
ALL;20220102T120218;20190702T010000;20190702T011500;11.694117647059;0;0;5.0588235294118;4.6117647058824;0;0;0;0;0;7.1764705882353;0;15.011764705882;0.070588235294118;0;0;23.811764705882;32.070588235294;github.com/GreenCharge/PMC.gridmix
ALL;20220102T120218;20190702T011500;20190702T013000;11.516136521941;0;0;4.9918736939865;4.5275133503599;0;0;0;0;0;7.0814952403065;0;14.789876944509;0.069654051543998;0;0;23.775249593685;32.76062224286;github.com/GreenCharge/PMC.gridmix
ALL;20220102T120218;20190702T013000;20190702T014500;11.537566876018;0;0;5.001163061177;4.5126773668295;0;0;0;0;0;7.0946731798093;0;14.817399395208;0.069783670621075;0;0;23.749709234706;32.728541521284;github.com/GreenCharge/PMC.gridmix
ALL;20220102T120218;20190702T014500;20190702T020000;11.389783709158;0;0;4.9470777726645;4.3948458352508;0;0;0;0;0;7.0179475379659;0;14.657156005522;0.069028992176714;0;0;23.768982972849;33.271974229176;github.com/GreenCharge/PMC.gridmix
ALL;20220102T120218;20190702T020000;20190702T021500;11.36832454733;0;0;4.4235617694247;4.2860417144167;0;0;0;0;0;6.9676827870731;0;14.645885858354;0.068760027504011;0;0;24.249369699748;33.509053403621;github.com/GreenCharge/PMC.gridmix
ALL;20220102T120218;20190702T021500;20190702T023000;11.267926246301;0;0;4.3933530616891;4.2340086501252;0;0;0;0;0;6.8973366719781;0;14.50034145231;0.068290462098794;0;0;24.698383792397;33.462326428409;github.com/GreenCharge/PMC.gridmix
ALL;20220102T120218;20190702T023000;20190702T024500;11.278195488722;0;0;4.397357028936;4.3517885623149;0;0;0;0;0;6.9036226930964;0;14.53634085213;0.068352699931647;0;0;24.789245841877;33.19662793347;github.com/GreenCharge/PMC.gridmix
ALL;20220102T120218;20190702T024500;20190702T030000;11.209239130435;0;0;4.3704710144928;4.3704710144928;0;0;0;0;0;6.838768115942;0;14.447463768116;0.067934782608696;0;0;24.796195652174;33.423913043478;github.com/GreenCharge/PMC.gridmix
ALL;20220102T120218;20190702T030000;20190702T031500;11.194029850746;0;0;4.3645409317051;4.3419267299864;0;0;0;0;0;6.8068747173225;0;14.427860696517;0.067842605156038;0;0;24.875621890547;33.446404341927;github.com/GreenCharge/PMC.gridmix
ALL;20220102T120218;20190702T031500;20190702T033000;11.25;0;0;4.3863636363636;4.3863636363636;0;0;0;0;0;6.8409090909091;0;14.5;0.068181818181818;0;0;25.090909090909;33;github.com/GreenCharge/PMC.gridmix
ALL;20220102T120218;20190702T033000;20190702T034500;11.18153010412;0;0;4.3684925305568;4.3684925305568;0;0;0;0;0;6.8130375735627;0;14.440923494794;0.067904028972386;0;0;24.830239927569;33.454051607062;github.com/GreenCharge/PMC.gridmix
ALL;20220102T120218;20190702T034500;20190702T040000;11.191662890802;0;0;4.3724512913457;4.3497961033077;0;0;0;0;0;6.8192115994563;0;14.431354780245;0.067965564114182;0;0;25.373810602628;32.917988219302;github.com/GreenCharge/PMC.gridmix
ALL;20220102T120218;20190702T040000;20190702T041500;11.273058528809;0;0;4.4409018446823;3.8487815987247;0;0;0;0;0;6.8549305397404;0;14.529719881576;0.068321566841266;0;0;25.552265998634;32.953769073104;github.com/GreenCharge/PMC.gridmix
ALL;20220102T120218;20190702T041500;20190702T043000;11.282984531392;0;0;4.4358507734304;3.7306642402184;0;0;0;0;0;6.8243858052775;0;14.513193812557;0.068243858052775;0;0;25.682438580528;32.984531392175;github.com/GreenCharge/PMC.gridmix
ALL;20220102T120218;20190702T043000;20190702T044500;11.383417315621;0;0;4.4663307375172;3.6875858909757;0;0;0;0;0;6.8483737975263;0;14.612918002749;0.068712780577187;0;0;25.996335318369;32.455336692625;github.com/GreenCharge/PMC.gridmix
ALL;20220102T120218;20190702T044500;20190702T050000;11.498499191873;0;0;4.5024243823597;3.7866543523436;0;0;0;0;0;6.9037173862849;0;14.731009004849;0.069268067420919;0.023089355806973;0;25.998614638652;32.001847148465;github.com/GreenCharge/PMC.gridmix
ALL;20220102T120218;20190702T050000;20190702T051500;11.488970588235;0;0;4.5496323529412;3.6764705882353;0;0;0;0;0;6.8474264705882;0;14.636948529412;0.068933823529412;0.068933823529412;0;25.965073529412;32.215073529412;github.com/GreenCharge/PMC.gridmix
ALL;20220102T120218;20190702T051500;20190702T053000;11.414900888585;0;0;4.6024151287309;3.6454773296879;0;0;0;0;0;6.7441330599225;0;14.53634085213;0.068352699931647;0.13670539986329;0;25.928457507405;32.444748234222;github.com/GreenCharge/PMC.gridmix
ALL;20220102T120218;20190702T053000;20190702T054500;11.442899475724;0;0;4.9464326418965;3.6699338956006;0;0;0;0;0;6.7472076589925;0;14.520173239116;0.068383861408708;0.41030316845225;0;25.9174834739;31.798495555049;github.com/GreenCharge/PMC.gridmix
ALL;20220102T120218;20190702T054500;20190702T060000;11.443462497167;0;0;5.4158169046;3.8069340584636;0;0;0;0;0;6.7074552458645;0;14.411964649898;0.067980965329708;0.83843190573306;0;25.742125538183;31.089961477453;github.com/GreenCharge/PMC.gridmix
ALL;20220102T120218;20190702T060000;20190702T061500;11.016579406632;0;0;6.369982547993;4.3411867364747;0;0;0;0;0;6.391797556719;0;13.874345549738;0.06544502617801;1.4397905759162;0;24.78184991274;31.282722513089;github.com/GreenCharge/PMC.gridmix
ALL;20220102T120218;20190702T061500;20190702T063000;10.636956064747;0;0;6.7479503889006;4.6037418541097;0;0;0;0;0;6.1593441244482;0;13.411814168594;0.063064956905613;2.2913601009039;0;24.237965104057;31.427370191297;github.com/GreenCharge/PMC.gridmix
ALL;20220102T120218;20190702T063000;20190702T064500;10.439447080668;0;0;6.6639158242212;4.7658345368269;0;0;0;0;0.96967196203837;6.0656075923251;0;13.204043738395;0.061893955023726;3.32164225294;0;23.787910047452;30.307406643285;github.com/GreenCharge/PMC.gridmix
ALL;20220102T120218;20190702T064500;20190702T070000;10.202851978309;0;0;6.8688491664993;5.0010042177144;0;0;0;0;1.1046394858405;5.9248845149628;0;13.01466157863;0.060253062864029;4.4988953605142;0;23.217513556939;29.704759991966;github.com/GreenCharge/PMC.gridmix
ALL;20220102T120218;20190702T070000;20190702T071500;9.9083284571874;0;0;7.216695923542;5.129705480788;0;0;0;0;0.70216500877706;5.7538521552565;0;12.677979325141;0.058513750731422;5.8708796567193;0;22.586307782329;29.685976204408;github.com/GreenCharge/PMC.gridmix
ALL;20220102T120218;20190702T071500;20190702T073000;9.6596311085758;0;0;7.0735881346264;5.2481460353679;0;0;0;0;0.6084806997528;5.6094314508462;0;12.359764213729;0.057045065601825;7.5679787031755;0;21.905305191101;29.511313938011;github.com/GreenCharge/PMC.gridmix
ALL;20220102T120218;20190702T073000;20190702T074500;9.4220405129158;0;0;6.9503809700799;5.4079167440996;0;0;0;0;0.52034937743914;5.5008362757852;0;12.079539119123;0.055751719011336;9.3477048875674;0;20.628136034194;29.697082326705;github.com/GreenCharge/PMC.gridmix
ALL;20220102T120218;20190702T074500;20190702T080000;9.2535134148567;0;0;6.8078116444607;5.4024457017704;0;0;0;0;0.47453914947983;5.4389487132688;0;11.863478736996;0.054754517247673;11.407191093265;0;19.967147289651;28.94688811827;github.com/GreenCharge/PMC.gridmix
ALL;20220102T120218;20190702T080000;20190702T081500;8.9182058047493;0;0;6.6842568161829;5.2242744063325;0;0;0;0;0.21108179419525;5.0483729111697;0;11.41600703606;0.052770448548813;13.139841688654;0;19.067722075638;29.868073878628;github.com/GreenCharge/PMC.gridmix
ALL;20220102T120218;20190702T081500;20190702T083000;8.5483055134041;0;0;6.4070139942674;4.940145000843;0;0;0;0;0.16860563142809;4.7715393694149;0;10.942505479683;0.050581689428427;14.786713876243;0;18.243129320519;30.787388298769;github.com/GreenCharge/PMC.gridmix
ALL;20220102T120218;20190702T083000;20190702T084500;8.3815506695322;0;0;6.1828401388659;4.8272441725905;0;0;0;0;0.36369647875682;4.8768391469664;0;10.729046123326;0.04959497437593;16.614316415937;0;17.242519424698;30.38518763432;github.com/GreenCharge/PMC.gridmix
ALL;20220102T120218;20190702T084500;20190702T090000;8.4135413209426;0;0;6.1400597411218;4.7958845004978;0;0;0;0;0.2323265847992;4.9286425489545;0;10.769996681049;0.049784268171258;19.083969465649;0;16.262860935944;28.974444075672;github.com/GreenCharge/PMC.gridmix
ALL;20220102T120218;20190702T090000;20190702T091500;8.2978723404255;0;0;6.088379705401;4.7626841243863;0;0;0;0;0.16366612111293;4.8772504091653;0;10.621931260229;0.049099836333879;21.211129296236;0;15.810147299509;27.774140752864;github.com/GreenCharge/PMC.gridmix
ALL;20220102T120218;20190702T091500;20190702T093000;8.0368487928844;0;0;5.9085133418043;4.574332909784;0;0;0;0;0.30177890724269;4.6855146124524;0;10.308132147395;0.047649301143583;22.792249047014;0;15.29542566709;27.716010165184;github.com/GreenCharge/PMC.gridmix
ALL;20220102T120218;20190702T093000;20190702T094500;7.8608047226969;0;0;5.7790896380301;4.3653876029206;0;0;0;0;0.60587230076122;4.6450209725027;0;10.082336492155;0.046605561597017;24.001864222464;0;15.00699083424;27.279788721454;github.com/GreenCharge/PMC.gridmix
ALL;20220102T120218;20190702T094500;20190702T100000;7.794412718012;0;0;5.7879302361476;4.2753511344343;0;0;0;0;0.18521376755672;4.6149097082883;0;10.016977928693;0.04630344188918;25.544065442198;0;14.616453156351;26.794258373206;github.com/GreenCharge/PMC.gridmix
ALL;20220102T120218;20190702T100000;20190702T101500;7.6888010940587;0;0;5.7134174137669;4.1635009876918;0;0;0;0;0.15195259079167;4.543382464671;0;9.8617231423796;0.045585777237502;26.956389606443;0;14.496277161526;26.059869320772;github.com/GreenCharge/PMC.gridmix
ALL;20220102T120218;20190702T101500;20190702T103000;7.5680526473228;0;0;5.6236912952438;3.8887227041579;0;0;0;0;0.5234819024828;4.4869877355669;0;9.7068501346096;0.044869877355669;28.163326353575;0;13.939575231828;25.740352976369;github.com/GreenCharge/PMC.gridmix
ALL;20220102T120218;20190702T103000;20190702T104500;7.4155978180746;0;0;5.5432699395548;3.7741412354415;0;0;0;0;0.5749668288368;4.437564499484;0;9.4943240454076;0.044228217602831;29.264337313873;0;13.637033760873;25.504938817632;github.com/GreenCharge/PMC.gridmix
ALL;20220102T120218;20190702T104500;20190702T110000;7.4352179034158;0;0;5.5948174322733;3.7249705535925;0;0;0;0;0.19140164899882;4.4316843345112;0;9.2020023557126;0.04416961130742;30.786219081272;0;13.250883392226;25.029446407538;github.com/GreenCharge/PMC.gridmix
ALL;20220102T120218;20190702T110000;20190702T111500;7.4210139603233;0;0;5.5841293166789;3.7766348273328;0;0;0;0;0.4261572373255;4.4379132990448;0;8.905216752388;0.044085231447465;31.594415870683;0;12.387950036738;25.113886847906;github.com/GreenCharge/PMC.gridmix
ALL;20220102T120218;20190702T111500;20190702T113000;7.4682046731736;0;0;5.6196391600118;3.7267080745342;0;0;0;0;0.14788524105294;4.4365572315883;0;8.7548062703342;0.044365572315883;32.372079266489;0;12.126589766341;24.992605737947;github.com/GreenCharge/PMC.gridmix
ALL;20220102T120218;20190702T113000;20190702T114500;7.4606941560368;0;0;5.6363097003856;3.7822604568377;0;0;0;0;0.14832393948383;4.4348857905666;0;8.7659448234945;0.04449718184515;32.824087807772;0;11.776920795016;24.814595075645;github.com/GreenCharge/PMC.gridmix
ALL;20220102T120218;20190702T114500;20190702T120000;7.4735745124311;0;0;5.6572874795296;3.6921244603245;0;0;0;0;0.14887598630341;4.4662795891023;0;8.7985707905315;0.044662795891023;33.437546523746;0;10.287330653566;25.681107637338;github.com/GreenCharge/PMC.gridmix
ALL;20220102T120218;20190702T120000;20190702T121500;7.5026154535944;0;0;5.2607980869825;3.6616350321327;0;0;0;0;0.28396353310417;4.468689284113;0;8.8477058735615;0.044836347332237;34.240023912719;0;10.043341802421;25.332536242714;github.com/GreenCharge/PMC.gridmix
ALL;20220102T120218;20190702T121500;20190702T123000;7.4189249222568;0;0;5.1976899155931;3.5687842440397;0;0;0;0;0.14808233377758;4.4276617799497;0;8.751665926255;0.044424700133274;34.666074337332;0;9.9067081297201;25.55901081001;github.com/GreenCharge/PMC.gridmix
ALL;20220102T120218;20190702T123000;20190702T124500;7.3981098641465;0;0;5.1978735971648;3.5735380980508;0;0;0;0;0.35440047253396;4.415239220319;0;8.7271116361488;0.044300059066745;34.805079740106;0;10.02658003544;25.147666863556;github.com/GreenCharge/PMC.gridmix
ALL;20220102T120218;20190702T124500;20190702T130000;7.3788709438435;0;0;5.2155874944436;3.6449844421396;0;0;0;0;0.4593273077493;4.4302859682916;0;8.7568528670914;0.04445102978219;34.923692398874;0;10.01629871092;24.818491628389;github.com/GreenCharge/PMC.gridmix
ALL;20220102T120218;20190702T130000;20190702T131500;7.494743166116;0;0;4.8813457494743;3.6647641934515;0;0;0;0;0.21027335536197;4.5058576148994;0;8.8765395013518;0.045058576148994;35.641333733854;0;9.5073595674377;24.857314508862;github.com/GreenCharge/PMC.gridmix
ALL;20220102T120218;20190702T131500;20190702T133000;7.5374602694112;0;0;4.7676706523384;3.6779173603754;0;0;0;0;0.15135462388376;4.5255032541244;0;8.9299228091418;0.045406387165128;35.871045860451;0;9.1872256697442;24.988648403209;github.com/GreenCharge/PMC.gridmix
ALL;20220102T120218;20190702T133000;20190702T134500;7.6090271424215;0;0;4.8032936870997;3.6901494358036;0;0;0;0;0.35071668191522;4.5440683135102;0;8.9966453186947;0.045745654162855;36.078072583105;0;9.1033851784081;24.45867642574;github.com/GreenCharge/PMC.gridmix
ALL;20220102T120218;20190702T134500;20190702T140000;7.6158434011317;0;0;4.8019574858541;3.670285976449;0;0;0;0;0.56583575470255;4.572564612326;0;9.0227863587705;0.045878574705612;36.305245450375;0;8.839272059948;24.239180302799;github.com/GreenCharge/PMC.gridmix
ALL;20220102T120218;20190702T140000;20190702T141500;7.6615384615385;0;0;4.7846153846154;3.6923076923077;0;0;0;0;0.56923076923077;4.5846153846154;0;9.0769230769231;0.046153846153846;36.107692307692;0;8.8461538461538;24.307692307692;github.com/GreenCharge/PMC.gridmix
ALL;20220102T120218;20190702T141500;20190702T143000;7.7715355805243;0;0;4.8533083645443;3.7297128589263;0;0;0;0;0.56179775280899;4.6660424469413;0;9.2228464419476;0.046816479400749;36.220349563046;0;8.6922596754057;23.907615480649;github.com/GreenCharge/PMC.gridmix
ALL;20220102T120218;20190702T143000;20190702T144500;7.849020846494;0;0;4.9115603284902;3.8218572331017;0;0;0;0;0.64750473783955;4.7378395451674;0;9.3335439039798;0.047378395451674;36.197094125079;0;8.4491471888819;23.673404927353;github.com/GreenCharge/PMC.gridmix
ALL;20220102T120218;20190702T144500;20190702T150000;7.9400510204082;0;0;4.9585459183673;3.9540816326531;0;0;0;0;1.1320153061224;4.8309948979592;0;9.406887755102;0.047831632653061;35.809948979592;0;8.3227040816327;23.262117346939;github.com/GreenCharge/PMC.gridmix
