LOC;Time;Start;End;Biomass;Lignite;Coal;Gas;HardCoal;Oil;Shale;Peat;Geothermal;HydroPumped;Hydro;Marine;Nuclear;OtherRES;Solar;Waste;WindOffShore;WindOnShore;SwID
ALL;20220102T120221;20210601T000000;20210601T001500;16.745005875441;0;0;10.66392479436;6.1104582843713;0;0;0;0;0.9400705052879;8.7544065804935;0;29.935370152761;0.20564042303173;0;0;5.1703877790834;19.829612220917;github.com/GreenCharge/PMC.gridmix
ALL;20220102T120221;20210601T001500;20210601T003000;16.814159292035;0;0;9.9410029498525;5.8702064896755;0;0;0;0;1.6519174041298;8.8200589970501;0;30.029498525074;0.20648967551622;0;0;5.2212389380531;19.793510324484;github.com/GreenCharge/PMC.gridmix
ALL;20220102T120221;20210601T003000;20210601T004500;17.012195121951;0;0;9.6341463414634;6.219512195122;0;0;0;0;0.30487804878049;9.1158536585366;0;31.067073170732;0.21341463414634;0;0;4.9085365853659;19.817073170732;github.com/GreenCharge/PMC.gridmix
ALL;20220102T120221;20210601T004500;20210601T010000;17.594031706559;0;0;8.5794218215729;6.3413117811626;0;0;0;0;0.31084861672366;9.3254585017097;0;31.706558905813;0.21759403170656;0;0;4.5383898041654;19.645632576935;github.com/GreenCharge/PMC.gridmix
ALL;20220102T120221;20210601T010000;20210601T011500;17.830188679245;0;0;7.7358490566038;6.3836477987421;0;0;0;0;0.28301886792453;9.4654088050314;0;32.044025157233;0.22012578616352;0;0;4.937106918239;19.339622641509;github.com/GreenCharge/PMC.gridmix
ALL;20220102T120221;20210601T011500;20210601T013000;17.894404046791;0;0;7.650964274423;6.4179576351565;0;0;0;0;0;9.5478975656023;0;32.247865950047;0.22130888397091;0;0;5.216566550743;19.032564021499;github.com/GreenCharge/PMC.gridmix
ALL;20220102T120221;20210601T013000;20210601T014500;18.048469387755;0;0;7.7168367346939;6.4732142857143;0;0;0;0;0;9.6301020408163;0;32.589285714286;0.22321428571429;0;0;5.5484693877551;17.984693877551;github.com/GreenCharge/PMC.gridmix
ALL;20220102T120221;20210601T014500;20210601T020000;18.199419167473;0;0;7.7444336882865;6.5182316876412;0;0;0;0;0;9.7450790577606;0;33.010648596321;0.22587931590836;0;0;5.8405937399161;16.908680219426;github.com/GreenCharge/PMC.gridmix
ALL;20220102T120221;20210601T020000;20210601T021500;18.389305510271;0;0;7.7926312357352;6.521030322791;0;0;0;0;0;9.8793609390284;0;33.289859797848;0.22823606129769;0;0;5.6080860776003;16.465601565047;github.com/GreenCharge/PMC.gridmix
ALL;20220102T120221;20210601T021500;20210601T023000;18.461538461538;0;0;8.3469721767594;6.5466448445172;0;0;0;0;0;9.9509001636661;0;33.191489361702;0.2291325695581;0;0;5.6301145662848;15.810147299509;github.com/GreenCharge/PMC.gridmix
ALL;20220102T120221;20210601T023000;20210601T024500;18.725099601594;0;0;7.9349269588313;6.7397078353254;0;0;0;0;0;10.092961487384;0;33.665338645418;0.2324037184595;0;0;5.7768924302789;14.973439575033;github.com/GreenCharge/PMC.gridmix
ALL;20220102T120221;20210601T024500;20210601T030000;18.84396926161;0;0;7.9184764450384;6.8493150684932;0;0;0;0;0;10.190444370197;0;33.879051119278;0.23387905111928;0;0;6.0140327430672;14.199799532242;github.com/GreenCharge/PMC.gridmix
ALL;20220102T120221;20210601T030000;20210601T031500;19.086294416244;0;0;8.087986463621;6.8697123519459;0;0;0;0;0;10.05076142132;0;34.416243654822;0.23688663282572;0;0;6.0913705583756;13.26565143824;github.com/GreenCharge/PMC.gridmix
ALL;20220102T120221;20210601T031500;20210601T033000;19.241285030759;0;0;8.1681476418319;6.971975393028;0;0;0;0;0;9.876965140123;0;34.996582365003;0.23923444976077;0;0;6.2884483937116;12.303485987697;github.com/GreenCharge/PMC.gridmix
ALL;20220102T120221;20210601T033000;20210601T034500;19.312714776632;0;0;8.213058419244;7.0103092783505;0;0;0;0;0;9.8969072164948;0;35.189003436426;0.24054982817869;0;0;6.8384879725086;11.374570446735;github.com/GreenCharge/PMC.gridmix
ALL;20220102T120221;20210601T034500;20210601T040000;19.417475728155;0;0;8.252427184466;7.0735090152566;0;0;0;0;0;9.9514563106796;0;35.506241331484;0.24271844660194;0;0;6.7961165048544;10.818307905687;github.com/GreenCharge/PMC.gridmix
ALL;20220102T120221;20210601T040000;20210601T041500;19.546247818499;0;0;8.4816753926702;6.9808027923211;0;0;0;0;0;9.9825479930192;0;35.741710296684;0.24432809773124;0;0;6.6666666666667;10.401396160558;github.com/GreenCharge/PMC.gridmix
ALL;20220102T120221;20210601T041500;20210601T043000;19.62911126662;0;0;8.5374387683695;7.0328901329601;0;0;0;0;0;9.9370188943317;0;35.794261721484;0.24492652204339;0;0;6.7879636109167;10.076976906928;github.com/GreenCharge/PMC.gridmix
ALL;20220102T120221;20210601T043000;20210601T044500;19.566736547869;0;0;9.2243186582809;7.0929419986024;0;0;0;0;0;9.958071278826;0;35.814116002795;0.24458420684836;0;0;6.6037735849057;9.538784067086;github.com/GreenCharge/PMC.gridmix
ALL;20220102T120221;20210601T044500;20210601T050000;19.57207997194;0;0;9.4002104524728;7.1203086636268;0;0;0;0;0;10.066643283059;0;35.952297439495;0.24552788495265;0.035075412136093;0;6.6643283058576;8.9793055068397;github.com/GreenCharge/PMC.gridmix
ALL;20220102T120221;20210601T050000;20210601T051500;19.724284199364;0;0;9.1198303287381;6.9989395546129;0;0;0;0;0;10.180275715801;0;36.231884057971;0.24743725698127;0.14139271827501;0;7.0696359137504;8.4482149169318;github.com/GreenCharge/PMC.gridmix
ALL;20220102T120221;20210601T051500;20210601T053000;19.537004559804;0;0;9.8211153981059;6.9449316029463;0;0;0;0;0.35075412136093;9.9964924587864;0;35.952297439495;0.24552788495265;0.31567870922483;0;6.9098561908102;8.1024202034374;github.com/GreenCharge/PMC.gridmix
ALL;20220102T120221;20210601T053000;20210601T054500;19.502801120448;0;0;9.8039215686275;7.0028011204482;0;0;0;0;0.42016806722689;10.049019607843;0;35.924369747899;0.24509803921569;0.9453781512605;0;6.6176470588235;7.6680672268908;github.com/GreenCharge/PMC.gridmix
ALL;20220102T120221;20210601T054500;20210601T060000;19.008547008547;0;0;10.153846153846;6.8034188034188;0;0;0;0;1.6410256410256;9.7435897435897;0;35.076923076923;0.23931623931624;2.1880341880342;0;6.4273504273504;6.9401709401709;github.com/GreenCharge/PMC.gridmix
ALL;20220102T120221;20210601T060000;20210601T061500;18.668012108981;0;0;10.427177934746;6.5590312815338;0;0;0;0;2.2536158762193;9.5862764883956;0;34.47695930037;0.23545240497814;3.9690548267743;0;5.7854019508914;6.2899428187016;github.com/GreenCharge/PMC.gridmix
ALL;20220102T120221;20210601T061500;20210601T063000;17.607868020305;0;0;10.310913705584;6.4403553299492;0;0;0;0;5.7106598984772;9.2005076142132;0;32.582487309645;0.22208121827411;6.0913705583756;0;4.6954314720812;5.488578680203;github.com/GreenCharge/PMC.gridmix
ALL;20220102T120221;20210601T063000;20210601T064500;17.213622291022;0;0;10.46439628483;6.5325077399381;0;0;0;0;5.5108359133127;9.1331269349845;0;31.795665634675;0.21671826625387;8.6377708978328;0;3.8390092879257;5.046439628483;github.com/GreenCharge/PMC.gridmix
ALL;20220102T120221;20210601T064500;20210601T070000;16.701712225894;0;0;11.17452688495;6.4884349654551;0;0;0;0;4.8663262240913;8.8615199759688;0;30.880144187444;0.21027335536197;11.655151697206;0;3.1240612796636;4.4758185641334;github.com/GreenCharge/PMC.gridmix
ALL;20220102T120221;20210601T070000;20210601T071500;16.528436018957;0;0;12.855450236967;6.5165876777251;0;0;0;0;1.095971563981;8.7677725118483;0;30.450236966825;0.20734597156398;15.491706161137;0;2.4881516587678;4.0580568720379;github.com/GreenCharge/PMC.gridmix
ALL;20220102T120221;20210601T071500;20210601T073000;16.012603838442;0;0;12.489258092237;6.3592093955887;0;0;0;0;0.71612718418791;8.4789458607849;0;29.447149813807;0.20051561157262;19.278143798339;0;2.0338012030937;3.494700658837;github.com/GreenCharge/PMC.gridmix
ALL;20220102T120221;20210601T073000;20210601T074500;15.42904290429;0;0;11.991199119912;6.1331133113311;0;0;0;0;0.57755775577558;8.1408140814081;0;28.272827282728;0.19251925192519;23.157315731573;0;1.7876787678768;2.8877887788779;github.com/GreenCharge/PMC.gridmix
ALL;20220102T120221;20210601T074500;20210601T080000;14.889123548046;0;0;11.510031678986;5.8606124604013;0;0;0;0;0.52798310454065;7.7877507919747;0;27.13833157339;0.18479408658923;26.874340021119;0;1.610348468849;2.2439281942978;github.com/GreenCharge/PMC.gridmix
ALL;20220102T120221;20210601T080000;20210601T081500;14.325557809331;0;0;10.978701825558;5.6541582150101;0;0;0;0;0.30425963488844;7.5557809330629;0;26.06490872211;0.17748478701826;30.578093306288;0;1.2931034482759;1.6987829614604;github.com/GreenCharge/PMC.gridmix
ALL;20220102T120221;20210601T081500;20210601T083000;13.777994157741;0;0;10.54040895813;5.4527750730282;0;0;0;0;0.2190847127556;7.3515092502434;0;25;0.17039922103213;33.885102239533;0;1.0710808179163;1.2171372930867;github.com/GreenCharge/PMC.gridmix
ALL;20220102T120221;20210601T083000;20210601T084500;13.303613327076;0;0;9.9249178789301;5.2792116377288;0;0;0;0;0.16424213984045;7.0858751759737;0;24.073205068043;0.16424213984045;36.977944626936;0;0.8916001877053;0.86813702487095;github.com/GreenCharge/PMC.gridmix
ALL;20220102T120221;20210601T084500;20210601T090000;12.841345068833;0;0;9.4561047167682;5.1455653351388;0;0;0;0;0.1354096140826;6.8156172421575;0;23.109907470097;0.15797788309637;39.584743850147;0;0.85759422252313;0.677048070413;github.com/GreenCharge/PMC.gridmix
ALL;20220102T120221;20210601T090000;20210601T091500;12.351029252438;0;0;9.6641386782232;3.9869989165764;0;0;0;0;0.71505958829902;6.5655471289274;0;22.188515709642;0.15167930660888;41.776814734561;0;0.82340195016251;0.60671722643554;github.com/GreenCharge/PMC.gridmix
ALL;20220102T120221;20210601T091500;20210601T093000;11.940298507463;0;0;9.123397099012;3.6998108051293;0;0;0;0;0.7988227874711;6.3695606474669;0;21.526171957116;0.1471515661131;44.04036157242;0;0.60962791675426;0.60962791675426;github.com/GreenCharge/PMC.gridmix
ALL;20220102T120221;20210601T093000;20210601T094500;11.684838510595;0;0;8.7842007817322;3.4560789960913;0;0;0;0;0;6.2127134334499;0;21.045052458342;0.14400329150381;46.389631763012;0;0.49372557087019;0.67887265994651;github.com/GreenCharge/PMC.gridmix
ALL;20220102T120221;20210601T094500;20210601T100000;11.355457816873;0;0;8.4366253498601;3.3386645341863;0;0;0;0;0;6.0175929628149;0;20.391843262695;0.13994402239104;48.100759696122;0;0.35985605757697;0.7796881247501;github.com/GreenCharge/PMC.gridmix
ALL;20220102T120221;20210601T100000;20210601T101500;11.069966868057;0;0;7.7567725589554;3.2742155525239;0;0;0;0;0;5.8857922432274;0;19.879165854609;0.13642564802183;49.697914636523;0;0.25336191775482;0.99395829273046;github.com/GreenCharge/PMC.gridmix
ALL;20220102T120221;20210601T101500;20210601T103000;10.841300191205;0;0;7.151051625239;3.1931166347992;0;0;0;0;0;5.697896749522;0;19.502868068834;0.13384321223709;51.12810707457;0;0.19120458891013;1.1281070745698;github.com/GreenCharge/PMC.gridmix
ALL;20220102T120221;20210601T103000;20210601T104500;10.686015831135;0;0;6.3701470033924;3.2039200904636;0;0;0;0;0;5.5032039200905;0;19.223520542782;0.13192612137203;52.393516773464;0;0.18846588767433;1.2815680361855;github.com/GreenCharge/PMC.gridmix
ALL;20220102T120221;20210601T104500;20210601T110000;10.539033457249;0;0;5.7434944237918;3.17843866171;0;0;0;0;0;5.2788104089219;0;18.959107806691;0.13011152416357;53.457249070632;0;0.20446096654275;1.5055762081784;github.com/GreenCharge/PMC.gridmix
ALL;20220102T120221;20210601T110000;20210601T111500;10.322815976655;0;0;5.4714572314426;3.1187306219223;0;0;0;0;0;5.3073135144994;0;18.584716396134;0.12766733540033;54.185664782054;0;0.18238190771475;1.7143899325187;github.com/GreenCharge/PMC.gridmix
ALL;20220102T120221;20210601T111500;20210601T113000;10.2383531961;0;0;4.7670639219935;3.0877573131094;0;0;0;0;0;5.2365474900686;0;18.382087396172;0.12639942217407;55.074033947273;0;0.16251354279523;1.9501625135428;github.com/GreenCharge/PMC.gridmix
ALL;20220102T120221;20210601T113000;20210601T114500;10.146743020759;0;0;4.277022190408;3.0780243378669;0;0;0;0;0;5.1539012168933;0;18.199713672155;0.12526843235505;55.744452397996;0;0.14316392269148;2.1653543307087;github.com/GreenCharge/PMC.gridmix
ALL;20220102T120221;20210601T114500;20210601T120000;10.031790886613;0;0;4.20346167432;3.0024726245143;0;0;0;0;0;5.2631578947368;0;17.908866125044;0.12363122571529;55.898975626987;0;0.12363122571529;2.4902861179795;github.com/GreenCharge/PMC.gridmix
ALL;20220102T120221;20210601T120000;20210601T121500;9.9440754980776;0;0;4.0370499825236;2.9360363509262;0;0;0;0;0;5.1555400209717;0;17.703600139811;0.12233484795526;56.239077245718;0;0.087382034253757;2.7088430618665;github.com/GreenCharge/PMC.gridmix
ALL;20220102T120221;20210601T121500;20210601T123000;9.8840228492297;0;0;3.9986151981998;2.9080837805089;0;0;0;0;0;5.1064566383936;0;17.535052795569;0.1211701575212;56.326813224857;0;0.15579020252726;2.9080837805089;github.com/GreenCharge/PMC.gridmix
ALL;20220102T120221;20210601T123000;20210601T124500;9.8569705324832;0;0;3.9806996381182;2.9122867482337;0;0;0;0;0;5.1008099259004;0;17.43925555747;0.12062726176116;56.264001378597;0;0.15509219369292;3.1190763398242;github.com/GreenCharge/PMC.gridmix
ALL;20220102T120221;20210601T124500;20210601T130000;9.7995545657016;0;0;3.9575124207641;2.9295871166695;0;0;0;0;0;5.0882302552681;0;17.320541373993;0.11992461881103;56.210382045571;0;0.20558506081891;3.3236251499058;github.com/GreenCharge/PMC.gridmix
ALL;20220102T120221;20210601T130000;20210601T131500;9.7878165639973;0;0;3.8329911019849;2.9089664613279;0;0;0;0;0;5.1163586584531;0;17.35112936345;0.11978097193703;56.091718001369;0;0.15400410677618;3.5934291581109;github.com/GreenCharge/PMC.gridmix
ALL;20220102T120221;20210601T131500;20210601T133000;9.7777777777778;0;0;3.8290598290598;2.9230769230769;0;0;0;0;0;5.1111111111111;0;17.316239316239;0.11965811965812;55.880341880342;0;0.11965811965812;3.8803418803419;github.com/GreenCharge/PMC.gridmix
ALL;20220102T120221;20210601T133000;20210601T134500;9.811320754717;0;0;3.8421955403087;2.9159519725557;0;0;0;0;0;5.1114922813036;0;17.3756432247;0.12006861063465;55.591766723842;0;0.2401372212693;3.9451114922813;github.com/GreenCharge/PMC.gridmix
ALL;20220102T120221;20210601T134500;20210601T140000;9.8516218081435;0;0;3.8647342995169;2.8985507246377;0;0;0;0;0;5.1414768806073;0;17.460317460317;0.1207729468599;55.210489993099;0;0.37957211870255;4.0200138026225;github.com/GreenCharge/PMC.gridmix
ALL;20220102T120221;20210601T140000;20210601T141500;9.9252563879715;0;0;3.8762384842691;2.9028333043629;0;0;0;0;0;5.1625239005736;0;17.590822179732;0.12167564748827;54.701894663654;0;0.48670258995307;4.171736485312;github.com/GreenCharge/PMC.gridmix
ALL;20220102T120221;20210601T141500;20210601T143000;9.9703677880425;0;0;3.8870489803033;2.9109290569984;0;0;0;0;0;5.176921736099;0;17.622450758236;0.12201499041311;53.982917901342;0;0.94125849747255;4.3228168032073;github.com/GreenCharge/PMC.gridmix
ALL;20220102T120221;20210601T143000;20210601T144500;10.033327486406;0;0;3.876512892475;2.9293106472549;0;0;0;0;0;5.2446939133485;0;17.698649359761;0.12278547623224;53.148570426241;0;1.298017891598;4.5781441852307;github.com/GreenCharge/PMC.gridmix
ALL;20220102T120221;20210601T144500;20210601T150000;10.099220411056;0;0;3.9156626506024;2.9766123316797;0;0;0;0;0;5.2799433026223;0;17.859673990078;0.12402551381999;52.462792345854;0;1.4883061658398;4.7129695251595;github.com/GreenCharge/PMC.gridmix
ALL;20220102T120221;20210601T150000;20210601T151500;10.176754151044;0;0;3.9278700232101;3.0351722906624;0;0;0;0;0;5.3383324406356;0;17.961078378861;0.12497768255669;51.365827530798;0;1.8925191930012;5.0883770755222;github.com/GreenCharge/PMC.gridmix
ALL;20220102T120221;20210601T151500;20210601T153000;10.246269998202;0;0;3.9547007010606;3.0559050871832;0;0;0;0;0;5.3568218587093;0;18.101743663491;0.12583138594284;50.206722991192;0;2.4447240697465;5.410749595542;github.com/GreenCharge/PMC.gridmix
ALL;20220102T120221;20210601T153000;20210601T154500;10.374273255814;0;0;3.9789244186047;3.0886627906977;0;0;0;0;0;5.4142441860465;0;18.332122093023;0.12718023255814;49.109738372093;0;2.7434593023256;5.7231104651163;github.com/GreenCharge/PMC.gridmix
ALL;20220102T120221;20210601T154500;20210601T160000;10.427758399119;0;0;4.020561777125;3.2494951349367;0;0;0;0;0.42225078024601;5.507618872774;0;18.487240682945;0.12851110703139;47.549109601616;0;3.0659078391775;6.0216633008996;github.com/GreenCharge/PMC.gridmix
ALL;20220102T120221;20210601T160000;20210601T161500;10.520446096654;0;0;4.1078066914498;3.4386617100372;0;0;0;0;0.13011152416357;5.7063197026022;0;18.717472118959;0.13011152416357;46.338289962825;0;3.3271375464684;6.4498141263941;github.com/GreenCharge/PMC.gridmix
ALL;20220102T120221;20210601T161500;20210601T163000;10.758410948489;0;0;4.2007222961414;3.6304885002851;0;0;0;0;0.03801558639042;5.7593613381486;0;19.121839954381;0.13305455236647;44.706329595134;0;3.6304885002851;6.8618133434708;github.com/GreenCharge/PMC.gridmix
ALL;20220102T120221;20210601T163000;20210601T164500;10.820177127455;0;0;4.2549095109742;3.7735849056604;0;0;0;0;0.77011936850212;5.8914131690412;0;19.484020023104;0.13477088948787;42.337312283404;0;4.0431266846361;7.3161340007701;github.com/GreenCharge/PMC.gridmix
ALL;20220102T120221;20210601T164500;20210601T170000;11.157270029674;0;0;4.3719090009891;3.9564787339268;0;0;0;0;0.79129574678536;6.0731948565776;0;20.039564787339;0.13847675568744;40.415430267062;0;4.1147378832839;7.7349159248269;github.com/GreenCharge/PMC.gridmix
ALL;20220102T120221;20210601T170000;20210601T171500;11.521961184883;0;0;4.7395301327886;4.0858018386108;0;0;0;0;0.61287027579162;6.2512768130746;0;20.592441266599;0.14300306435138;38.447395301328;0;4.0858018386108;8.2328907048008;github.com/GreenCharge/PMC.gridmix
ALL;20220102T120221;20210601T171500;20210601T173000;11.838527504706;0;0;5.3336122150178;4.2668897720142;0;0;0;0;0.27190964233424;6.4003346580213;0;21.104371470404;0.14641288433382;36.14306630412;0;4.308722024681;8.8684375653629;github.com/GreenCharge/PMC.gridmix
ALL;20220102T120221;20210601T173000;20210601T174500;12.140712140712;0;0;6.027456027456;4.6546546546547;0;0;0;0;0.21450021450021;6.5637065637066;0;21.664521664522;0.15015015015015;33.397683397683;0;4.3758043758044;9.4594594594595;github.com/GreenCharge/PMC.gridmix
ALL;20220102T120221;20210601T174500;20210601T180000;12.423043095866;0;0;6.8381706244503;4.9472295514512;0;0;0;0;0.39577836411609;6.7282321899736;0;22.185576077397;0.15391380826737;30.606860158311;0;4.6394019349164;9.6965699208443;github.com/GreenCharge/PMC.gridmix
ALL;20220102T120221;20210601T180000;20210601T181500;12.572190137717;0;0;8.2852065748556;5.7307863171924;0;0;0;0;0.15548645046646;6.7747667703243;0;22.301199466904;0.15548645046646;27.254553531764;0;5.4198134162594;9.9511328298534;github.com/GreenCharge/PMC.gridmix
ALL;20220102T120221;20210601T181500;20210601T183000;12.830957230143;0;0;8.6218601493551;6.3136456211813;0;0;0;0;0.40733197556008;6.9246435845214;0;22.787961077167;0.15840687938448;23.987327449649;0;6.1552387417968;10.386965376782;github.com/GreenCharge/PMC.gridmix
ALL;20220102T120221;20210601T183000;20210601T184500;12.753036437247;0;0;9.4691857849753;6.5452091767881;0;0;0;0;2.9239766081871;6.8825910931174;0;22.694556905083;0.157444894287;20.197930724247;0;6.5227170490328;10.436347278453;github.com/GreenCharge/PMC.gridmix
ALL;20220102T120221;20210601T184500;20210601T190000;12.945205479452;0;0;9.8630136986301;6.8036529680365;0;0;0;0;3.7671232876712;7.0091324200913;0;23.059360730594;0.15981735159817;16.963470319635;0;6.9634703196347;11.027397260274;github.com/GreenCharge/PMC.gridmix
ALL;20220102T120221;20210601T190000;20210601T191500;13.650564768085;0;0;10.502283105023;7.2098053352559;0;0;0;0;2.0187454938717;7.3299687575102;0;24.128815188657;0.16822879115597;14.395577986061;0;7.5943282864696;11.487623167508;github.com/GreenCharge/PMC.gridmix
ALL;20220102T120221;20210601T191500;20210601T193000;13.79980563654;0;0;10.64139941691;7.2886297376093;0;0;0;0;3.7900874635569;7.4829931972789;0;24.465500485909;0.17006802721088;11.540330417881;0;7.7502429543246;11.540330417881;github.com/GreenCharge/PMC.gridmix
ALL;20220102T120221;20210601T193000;20210601T194500;14.217891054473;0;0;10.994502748626;7.496251874063;0;0;0;0;4.1229385307346;7.696151924038;0;25.212393803098;0.17491254372814;9.2203898050975;0;7.5212393803098;11.769115442279;github.com/GreenCharge/PMC.gridmix
ALL;20220102T120221;20210601T194500;20210601T200000;14.68008255934;0;0;11.377708978328;7.7399380804954;0;0;0;0;4.2827657378741;7.9205366357069;0;26.031991744066;0.18059855521156;7.2239422084623;0;7.5593395252838;11.377708978328;github.com/GreenCharge/PMC.gridmix
ALL;20220102T120221;20210601T200000;20210601T201500;14.976353126642;0;0;11.035207566999;7.7246452968996;0;0;0;0;5.6227009984235;8.066211245402;0;26.484498160799;0.18392012611666;5.4125065685759;0;7.1991592222806;11.639516552811;github.com/GreenCharge/PMC.gridmix
ALL;20220102T120221;20210601T201500;20210601T203000;15.127388535032;0;0;11.146496815287;7.776008492569;0;0;0;0;5.812101910828;8.1210191082803;0;26.751592356688;0.18577494692144;3.7951167728238;0;7.4044585987261;12.208067940552;github.com/GreenCharge/PMC.gridmix
ALL;20220102T120221;20210601T203000;20210601T204500;15.014462266632;0;0;11.070207730739;7.7307388903497;0;0;0;0;6.6263476202998;8.0462792532211;0;26.531685511438;0.18406521167499;2.2613726005785;0;7.941099132264;12.937154877728;github.com/GreenCharge/PMC.gridmix
ALL;20220102T120221;20210601T204500;20210601T210000;14.875816993464;0;0;11.006535947712;7.7124183006536;0;0;0;0;6.9019607843137;7.843137254902;0;26.37908496732;0.18300653594771;1.0980392156863;0;8.7581699346405;13.59477124183;github.com/GreenCharge/PMC.gridmix
ALL;20220102T120221;20210601T210000;20210601T211500;15.080837529817;0;0;11.184733633713;7.7922077922078;0;0;0;0;6.6260270341903;7.7126954677975;0;26.742645109992;0.18552875695733;0.4770739464617;0;7.9512324410284;14.577259475219;github.com/GreenCharge/PMC.gridmix
ALL;20220102T120221;20210601T211500;20210601T213000;15.050344462109;0;0;11.234764175941;7.7901430842607;0;0;0;0;6.5182829888712;7.7371489136195;0;26.7355590885;0.1854795972443;0.15898251192369;0;7.7371489136195;15.182829888712;github.com/GreenCharge/PMC.gridmix
ALL;20220102T120221;20210601T213000;20210601T214500;15.106382978723;0;0;11.276595744681;7.7925531914894;0;0;0;0;5.7712765957447;7.6329787234043;0;26.835106382979;0.18617021276596;0.053191489361702;0;7.6595744680851;16.010638297872;github.com/GreenCharge/PMC.gridmix
ALL;20220102T120221;20210601T214500;20210601T220000;15.340909090909;0;0;11.498917748918;7.8463203463203;0;0;0;0;3.2738095238095;7.7922077922078;0;27.353896103896;0.18939393939394;0;0;7.9816017316017;17.018398268398;github.com/GreenCharge/PMC.gridmix
ALL;20220102T120221;20210601T220000;20210601T221500;14.968321013728;0;0;10.955649419219;7.6557550158395;0;0;0;0;5.0422386483633;7.6293558606125;0;26.715945089757;0.18479408658923;0;0;7.5765575501584;17.608236536431;github.com/GreenCharge/PMC.gridmix
ALL;20220102T120221;20210601T221500;20210601T223000;15.02508581991;0;0;10.984948508054;8.2123052548191;0;0;0;0;4.6738843411672;7.6049643517296;0;26.696593609717;0.18484288354898;0;0;6.4959070504357;18.457882228677;github.com/GreenCharge/PMC.gridmix
ALL;20220102T120221;20210601T223000;20210601T224500;14.961872206153;0;0;10.938732579542;8.9929003418354;0;0;0;0;3.4709439915856;7.572968708914;0;26.610570602156;0.18406521167499;0;0;6.4685774388641;19.142782014199;github.com/GreenCharge/PMC.gridmix
ALL;20220102T120221;20210601T224500;20210601T230000;15.00794070937;0;0;10.79936474325;9.2641609317099;0;0;0;0;1.7998941238751;7.6230809952356;0;26.654314452091;0.1852832186342;0;0;6.6172578083642;20.381154049762;github.com/GreenCharge/PMC.gridmix
ALL;20220102T120221;20210601T230000;20210601T231500;14.549180327869;0;0;10.245901639344;9.2981557377049;0;0;0;0;3.5348360655738;7.3770491803279;0;25.819672131148;0.17930327868852;0;0;6.6342213114754;20.747950819672;github.com/GreenCharge/PMC.gridmix
ALL;20220102T120221;20210601T231500;20210601T233000;14.888597640891;0;0;10.353866317169;9.5937090432503;0;0;0;0;0.23591087811271;7.5491480996068;0;26.500655307995;0.18348623853211;0;0;7.2870249017038;21.75622542595;github.com/GreenCharge/PMC.gridmix
ALL;20220102T120221;20210601T233000;20210601T234500;15.017154922143;0;0;9.9234626550541;9.3956188968065;0;0;0;0;0.15835312747427;7.5745579308525;0;26.656109791502;0.18474531538665;0;0;7.6537344945896;21.773555027712;github.com/GreenCharge/PMC.gridmix
ALL;20220102T120221;20210601T234500;20210602T000000;15.162840363054;0;0;8.6759209823812;9.2632140950347;0;0;0;0;0.106780565937;7.6615056059797;0;26.962092899092;0.18686599038975;0;0;7.9818473037907;22.317138280833;github.com/GreenCharge/PMC.gridmix
ALL;20220102T120221;20210602T000000;20210602T001500;15.230192719486;0;0;8.5653104925054;8.5920770877944;0;0;0;0;0.24089935760171;7.762312633833;0;27.03426124197;0.18736616702355;0;0;7.7890792291221;22.698072805139;github.com/GreenCharge/PMC.gridmix
ALL;20220102T120221;20210602T001500;20210602T003000;15.392953929539;0;0;8.4010840108401;7.5880758807588;0;0;0;0;0.16260162601626;7.8319783197832;0;27.371273712737;0.18970189701897;0;0;8.2384823848238;22.89972899729;github.com/GreenCharge/PMC.gridmix
ALL;20220102T120221;20210602T003000;20210602T004500;15.611233480176;0;0;7.7643171806167;7.0484581497797;0;0;0;0;0;7.9845814977974;0;27.72577092511;0.19273127753304;0;0;9.1685022026432;22.549559471366;github.com/GreenCharge/PMC.gridmix
ALL;20220102T120221;20210602T004500;20210602T010000;15.677025527192;0;0;6.8534961154273;6.7702552719201;0;0;0;0;0;8.0743618201998;0;27.968923418424;0.19422863485017;0;0;9.96115427303;22.530521642619;github.com/GreenCharge/PMC.gridmix
ALL;20220102T120221;20210602T010000;20210602T011500;15.79681830868;0;0;6.698297516048;6.4471113591962;0;0;0;0;0;8.1775048841753;0;28.216578286352;0.19536701088473;0;0;9.6846218252861;22.802121127547;github.com/GreenCharge/PMC.gridmix
ALL;20220102T120221;20210602T011500;20210602T013000;15.720645520312;0;0;6.9560378408459;6.316082359488;0;0;0;0;0;8.1524763494713;0;28.130217028381;0.19476905954368;0;0;9.5993322203673;22.954924874791;github.com/GreenCharge/PMC.gridmix
ALL;20220102T120221;20210602T013000;20210602T014500;15.612047526941;0;0;6.9079856313899;5.6369162752141;0;0;0;0;0;8.0961591599889;0;27.991157778392;0.19342359767892;0;0;10.88698535507;22.71345675601;github.com/GreenCharge/PMC.gridmix
ALL;20220102T120221;20210602T014500;20210602T020000;15.575807787904;0;0;6.6003866335267;5.6061861364264;0;0;0;0;0;8.064070698702;0;27.948080640707;0.19331676332505;0;0;10.936205468103;23.115161557581;github.com/GreenCharge/PMC.gridmix
ALL;20220102T120221;20210602T020000;20210602T021500;15.60773480663;0;0;6.4640883977901;5.5524861878453;0;0;0;0;0;8.0939226519337;0;28.011049723757;0.19337016574586;0;0;10.635359116022;23.480662983425;github.com/GreenCharge/PMC.gridmix
ALL;20220102T120221;20210602T021500;20210602T023000;15.677025527192;0;0;6.465038845727;5.5771365149834;0;0;0;0;0;8.1021087680355;0;28.163152053274;0.19422863485017;0;0;10.099889012209;23.751387347392;github.com/GreenCharge/PMC.gridmix
ALL;20220102T120221;20210602T023000;20210602T024500;15.685730149917;0;0;6.5796779566907;5.6635202665186;0;0;0;0;0;8.1343697945586;0;28.206551915602;0.19433647973348;0;0;9.5780122154359;23.986674069961;github.com/GreenCharge/PMC.gridmix
ALL;20220102T120221;20210602T024500;20210602T030000;15.691192865106;0;0;6.6332218506132;5.7134894091416;0;0;0;0;0;8.1382385730212;0;28.344481605351;0.19509476031215;0;0;9.1137123745819;24.191750278707;github.com/GreenCharge/PMC.gridmix
ALL;20220102T120221;20210602T030000;20210602T031500;15.60421286031;0;0;6.6518847006652;5.6541019955654;0;0;0;0;0;8.1485587583149;0;28.159645232816;0.1940133037694;0;0;9.5066518847007;24.113082039911;github.com/GreenCharge/PMC.gridmix
ALL;20220102T120221;20210602T031500;20210602T033000;15.531034482759;0;0;6.951724137931;5.6551724137931;0;0;0;0;0;8.1103448275862;0;28;0.19310344827586;0;0;9.7931034482759;23.806896551724;github.com/GreenCharge/PMC.gridmix
ALL;20220102T120221;20210602T033000;20210602T034500;15.49917264203;0;0;6.6188637617209;5.6536127964699;0;0;0;0;0;8.1081081081081;0;27.992277992278;0.19305019305019;0;0;10.148924434639;23.827909542195;github.com/GreenCharge/PMC.gridmix
ALL;20220102T120221;20210602T034500;20210602T040000;15.446035242291;0;0;6.4151982378855;5.6442731277533;0;0;0;0;0;8.0671806167401;0;27.946035242291;0.19273127753304;0;0;10.187224669604;24.146475770925;github.com/GreenCharge/PMC.gridmix
ALL;20220102T120221;20210602T040000;20210602T041500;15.448275862069;0;0;6.7862068965517;5.5448275862069;0;0;0;0;0;8.0827586206897;0;28;0.19310344827586;0;0;10.013793103448;23.972413793103;github.com/GreenCharge/PMC.gridmix
ALL;20220102T120221;20210602T041500;20210602T043000;15.376166941241;0;0;7.276221856123;5.5738605161999;0;0;0;0;0;8.0175727622186;0;27.869302580999;0.19220208676551;0;0;9.5277320153762;24.217462932455;github.com/GreenCharge/PMC.gridmix
ALL;20220102T120221;20210602T043000;20210602T044500;15.416436845008;0;0;7.3634859349145;5.6260341974628;0;0;0;0;0;8.0529509100938;0;27.275234418092;0.19305019305019;0;0;8.9078874793161;25.206839492554;github.com/GreenCharge/PMC.gridmix
ALL;20220102T120221;20210602T044500;20210602T050000;15.237575095576;0;0;7.3457127252867;5.598033861278;0;0;0;0;0.27307482250137;8.1103222282906;0;26.324412889132;0.19115237575096;0.027307482250137;0;8.4107045330421;26.542872747133;github.com/GreenCharge/PMC.gridmix
ALL;20220102T120221;20210602T050000;20210602T051500;15.312843029638;0;0;6.8057080131723;5.4884742041712;0;0;0;0;0.19209659714599;7.9308452250274;0;26.481888035126;0.19209659714599;0.10976948408342;0;8.01317233809;27.524698133919;github.com/GreenCharge/PMC.gridmix
ALL;20220102T120221;20210602T051500;20210602T053000;15.189528224707;0;0;6.5175893100627;5.4813198800109;0;0;0;0;0.13635124079629;7.8811017180256;0;26.343059721843;0.19089173711481;0.29997272975184;0;7.7992909735479;28.224706844832;github.com/GreenCharge/PMC.gridmix
ALL;20220102T120221;20210602T053000;20210602T054500;14.893048128342;0;0;6.6844919786096;5.4010695187166;0;0;0;0;0.29411764705882;7.7272727272727;0;25.828877005348;0.18716577540107;0.77540106951872;0;8.2620320855615;28.048128342246;github.com/GreenCharge/PMC.gridmix
ALL;20220102T120221;20210602T054500;20210602T060000;14.471968709257;0;0;6.9621903520209;5.2411994784876;0;0;0;0;0.13037809647979;7.5358539765319;0;25.1629726206;0.18252933507171;1.6166883963494;0;9.2046936114733;27.640156453716;github.com/GreenCharge/PMC.gridmix
ALL;20220102T120221;20210602T060000;20210602T061500;14.125731738356;0;0;6.8210740646475;5.0649020106897;0;0;0;0;0.43268007126495;7.4828200559939;0;24.560956986511;0.17816238228557;2.7996945787732;0;9.5953168745228;27.207940951896;github.com/GreenCharge/PMC.gridmix
ALL;20220102T120221;20210602T061500;20210602T063000;13.137996219282;0;0;6.8052930056711;4.8913043478261;0;0;0;0;4.1351606805293;6.9706994328922;0;22.802457466919;0.16540642722117;4.1351606805293;0;9.7353497164461;25.614366729679;github.com/GreenCharge/PMC.gridmix
ALL;20220102T120221;20210602T063000;20210602T064500;12.69696277689;0;0;7.4217857958438;4.9783055492121;0;0;0;0;3.448275862069;6.6225165562914;0;22.036994747659;0.15985384791048;5.7775747887646;0;10.573190226079;24.73167389815;github.com/GreenCharge/PMC.gridmix
ALL;20220102T120221;20210602T064500;20210602T070000;12.547871142149;0;0;7.5016895697229;5.0011263798153;0;0;0;0;2.1626492453255;6.5780581211985;0;21.761658031088;0.15769317413832;7.884658706916;0;11.39896373057;23.473755350304;github.com/GreenCharge/PMC.gridmix
ALL;20220102T120221;20210602T070000;20210602T071500;12.326043737575;0;0;7.3779544952507;4.9701789264414;0;0;0;0;1.3695604152861;6.7152639717252;0;21.360724541639;0.15462778882262;10.337972166998;0;11.817981002872;22.0675944334;github.com/GreenCharge/PMC.gridmix
ALL;20220102T120221;20210602T071500;20210602T073000;12.000858737656;0;0;6.8054959209961;4.8948046371833;0;0;0;0;0.8587376556462;6.6337483898669;0;20.781451266638;0.15027908973809;12.902533276084;0;12.988407041649;20.523829969944;github.com/GreenCharge/PMC.gridmix
ALL;20220102T120221;20210602T073000;20210602T074500;11.58940397351;0;0;6.3327814569536;4.7185430463576;0;0;0;0;0.80711920529801;6.3948675496689;0;20.033112582781;0.14486754966887;15.562913907285;0;14.093543046358;18.915562913907;github.com/GreenCharge/PMC.gridmix
ALL;20220102T120221;20210602T074500;20210602T080000;11.208791208791;0;0;6.013986013986;4.5554445554446;0;0;0;0;0.95904095904096;6.0939060939061;0;19.300699300699;0.13986013986014;18.421578421578;0;14.625374625375;17.322677322677;github.com/GreenCharge/PMC.gridmix
ALL;20220102T120221;20210602T080000;20210602T081500;10.766283524904;0;0;5.8812260536398;4.2911877394636;0;0;0;0;0.727969348659;5.6513409961686;0;18.448275862069;0.13409961685824;21.283524904215;0;15;16.513409961686;github.com/GreenCharge/PMC.gridmix
ALL;20220102T120221;20210602T081500;20210602T083000;10.306253438474;0;0;5.5749128919861;4.1261690812397;0;0;0;0;0.55015587749862;5.3181734824867;0;17.715019255456;0.12836970474968;23.620025673941;0;15.477718686961;15.93618191821;github.com/GreenCharge/PMC.gridmix
ALL;20220102T120221;20210602T083000;20210602T084500;9.9100687709399;0;0;5.3253394463058;3.93228707459;0;0;0;0;0.035267148651032;5.1137365543996;0;16.998765649797;0.12343502027861;25.868453535532;0;15.799682595662;15.693881149709;github.com/GreenCharge/PMC.gridmix
ALL;20220102T120221;20210602T084500;20210602T090000;9.5189873417722;0;0;5.0970464135021;3.831223628692;0;0;0;0;0.033755274261603;4.9789029535865;0;16.286919831224;0.11814345991561;27.848101265823;0;16.101265822785;15.037974683544;github.com/GreenCharge/PMC.gridmix
ALL;20220102T120221;20210602T090000;20210602T091500;9.3214756258235;0;0;4.9077733860343;2.7997364953887;0;0;0;0;0.032938076416337;4.8748353096179;0;15.925559947299;0.11528326745718;30.12187088274;0;16.386693017128;14.393939393939;github.com/GreenCharge/PMC.gridmix
ALL;20220102T120221;20210602T091500;20210602T093000;9.0821411348658;0;0;4.1954669667256;2.6683812891818;0;0;0;0;0.17682044687349;4.8384504099019;0;15.560199324867;0.11252210255586;31.891978781546;0;16.540749075711;13.840218614371;github.com/GreenCharge/PMC.gridmix
ALL;20220102T120221;20210602T093000;20210602T094500;8.8327580796988;0;0;3.7339190461249;2.5886413555067;0;0;0;0;0.031377470975839;4.6595544399121;0;15.186695952306;0.10982114841544;33.777847505491;0;16.582993410731;13.429557577659;github.com/GreenCharge/PMC.gridmix
ALL;20220102T120221;20210602T094500;20210602T100000;8.609372614868;0;0;3.4956495191574;2.5186994352007;0;0;0;0;0.030529690123645;4.5183941382995;0;14.761105174782;0.10685391543276;35.368646008243;0;16.348649061212;13.204090978477;github.com/GreenCharge/PMC.gridmix
ALL;20220102T120221;20210602T100000;20210602T101500;8.4066179758533;0;0;3.2493665225816;2.4295722164257;0;0;0;0;0.029810702042033;4.4417946042629;0;14.428379788344;0.10433745714712;36.756595617827;0;15.740050678193;13.399910567894;github.com/GreenCharge/PMC.gridmix
ALL;20220102T120221;20210602T101500;20210602T103000;8.2177784265071;0;0;3.182017223763;2.3646183038972;0;0;0;0;0.1751569113998;4.4665012406948;0;14.12932418625;0.10217486498321;37.950664136622;0;15.443001021749;12.976207852868;github.com/GreenCharge/PMC.gridmix
ALL;20220102T120221;20210602T103000;20210602T104500;8.1030512377663;0;0;3.1375935521013;2.3747841105354;0;0;0;0;0.028785261945884;4.3177892918826;0;13.917674150835;0.10074841681059;38.932066781808;0;15.2130109384;12.895797351756;github.com/GreenCharge/PMC.gridmix
ALL;20220102T120221;20210602T104500;20210602T110000;7.9598473066591;0;0;3.068005089778;2.3469532023187;0;0;0;0;0.042414816909374;4.2980347801499;0;13.685847589425;0.098967906121872;39.601300721052;0;14.88760073519;13.049625335784;github.com/GreenCharge/PMC.gridmix
ALL;20220102T120221;20210602T110000;20210602T111500;7.8324986087924;0;0;3.0606566499722;2.3372287145242;0;0;0;0;0.15303283249861;4.2988313856427;0;13.452977184196;0.097384529771842;40.011129660545;0;14.899833055092;12.91040623261;github.com/GreenCharge/PMC.gridmix
ALL;20220102T120221;20210602T111500;20210602T113000;7.7601654031702;0;0;3.0323914541695;2.315644383184;0;0;0;0;0.12405237767057;4.1764300482426;0;13.342522398346;0.096485182632667;40.165403170227;0;15.13439007581;12.915230875258;github.com/GreenCharge/PMC.gridmix
ALL;20220102T120221;20210602T113000;20210602T114500;7.7398955182843;0;0;3.0244707176244;2.3095958207314;0;0;0;0;0;4.124278251306;0;13.293923563376;0.09623315919714;40.679131152048;0;14.847401704702;12.950233709101;github.com/GreenCharge/PMC.gridmix
ALL;20220102T120221;20210602T114500;20210602T120000;7.6671214188267;0;0;3.0013642564802;2.2646657571623;0;0;0;0;0;4.2019099590723;0;13.178717598909;0.09549795361528;41.173260572988;0;14.542974079127;12.946793997271;github.com/GreenCharge/PMC.gridmix
ALL;20220102T120221;20210602T120000;20210602T121500;7.6401139910436;0;0;2.8497760890216;2.2798208712173;0;0;0;0;0;4.0439679739449;0;13.108970009499;0.094992536300719;41.579590175058;0;14.316732256751;13.163251458814;github.com/GreenCharge/PMC.gridmix
ALL;20220102T120221;20210602T121500;20210602T123000;7.5784089379459;0;0;2.8267599946157;2.2614079956926;0;0;0;0;0;4.0516893256158;0;13.003095975232;0.094225333153857;41.634136492125;0;14.295329115628;13.33961502221;github.com/GreenCharge/PMC.gridmix
ALL;20220102T120221;20210602T123000;20210602T124500;7.6081081081081;0;0;2.8378378378378;2.2837837837838;0;0;0;0;0;3.972972972973;0;13.040540540541;0.094594594594595;42.040540540541;0;14.135135135135;13.067567567568;github.com/GreenCharge/PMC.gridmix
ALL;20220102T120221;20210602T124500;20210602T130000;7.5641542388822;0;0;2.8214429665457;2.2974607013301;0;0;0;0;0;3.9903264812576;0;12.924895875319;0.094048098884858;42.308209055488;0;14.107214832729;12.97863764611;github.com/GreenCharge/PMC.gridmix
ALL;20220102T120221;20210602T130000;20210602T131500;7.4534161490683;0;0;2.7752081406105;2.2465970662085;0;0;0;0;0;3.9645830580151;0;12.739526893088;0.092506938020352;42.09065679926;0;13.836394872473;13.902471256773;github.com/GreenCharge/PMC.gridmix
ALL;20220102T120221;20210602T131500;20210602T133000;7.4632790789996;0;0;2.7788805081382;2.2495699351595;0;0;0;0;0;3.9565965330157;0;12.756384808787;0.092629350271272;42.093423316131;0;13.65621278285;14.053195712584;github.com/GreenCharge/PMC.gridmix
ALL;20220102T120221;20210602T133000;20210602T134500;7.478122513922;0;0;2.771148236542;2.2407849376823;0;0;0;0;0;3.9909838239194;0;12.795014584991;0.092813577300451;42.190400424291;0;13.683373110581;13.85574118271;github.com/GreenCharge/PMC.gridmix
ALL;20220102T120221;20210602T134500;20210602T140000;7.4803673632371;0;0;2.7685345401304;2.2228137894317;0;0;0;0;0;4.0063889258618;0;12.831092772528;0.093171835485159;42.113669639292;0;13.469985358712;14.108877944896;github.com/GreenCharge/PMC.gridmix
ALL;20220102T120221;20210602T140000;20210602T141500;7.5405876828123;0;0;2.831074735006;2.267543271166;0;0;0;0;0;4.1459814839662;0;12.907554005099;0.093921910640011;42.077015966725;0;13.336911310882;13.846773111499;github.com/GreenCharge/PMC.gridmix
ALL;20220102T120221;20210602T141500;20210602T143000;7.5153784434341;0;0;2.8216100561647;2.2599625568334;0;0;0;0;0.9227066060444;4.1722385664616;0;12.837657127574;0.093607916555229;41.495052152982;0;12.984755282161;13.947579566729;github.com/GreenCharge/PMC.gridmix
ALL;20220102T120221;20210602T143000;20210602T144500;7.6028138528139;0;0;2.8544372294372;2.2862554112554;0;0;0;0;0.9469696969697;4.1396103896104;0;12.973484848485;0.09469696969697;41.193181818182;0;13.054653679654;13.893398268398;github.com/GreenCharge/PMC.gridmix
ALL;20220102T120221;20210602T144500;20210602T150000;7.6975945017182;0;0;2.9003436426117;2.3367697594502;0;0;0;0;0.93470790378007;4.1374570446735;0;13.19587628866;0.096219931271478;41.017182130584;0;12.838487972509;13.86941580756;github.com/GreenCharge/PMC.gridmix
ALL;20220102T120221;20210602T150000;20210602T151500;7.8891857685276;0;0;2.9531711432991;2.3906623540993;0;0;0;0;0.36563071297989;4.1766277598087;0;13.486148221066;0.09843903810997;40.838138095908;0;12.895513992406;13.908029812966;github.com/GreenCharge/PMC.gridmix
