LOC;Time;Start;End;Biomass;Lignite;Coal;Gas;HardCoal;Oil;Shale;Peat;Geothermal;HydroPumped;Hydro;Marine;Nuclear;OtherRES;Solar;Waste;WindOffShore;WindOnShore;SwID
ALL;20220102T120222;20210801T000000;20210801T001500;14.021370862653;0;0;3.0753192598384;5.2384675527756;0;0;0;0;0.31274433150899;8.3659108678655;0;26.062027625749;0.18243419338024;0;0;17.513682564504;22.569715923899;github.com/GreenCharge/PMC.gridmix
ALL;20220102T120222;20210801T001500;20210801T003000;14.259259259259;0;0;3.1216931216931;5.4232804232804;0;0;0;0;0.31746031746032;8.4656084656085;0;26.481481481481;0.18518518518519;0;0;16.587301587302;22.460317460317;github.com/GreenCharge/PMC.gridmix
ALL;20220102T120222;20210801T003000;20210801T004500;14.213197969543;0;0;3.1525514293348;5.6371894202511;0;0;0;0;0.32059845044082;8.6027250868287;0;26.716537536735;0.18701576275715;0;0;15.575741383917;22.869356131445;github.com/GreenCharge/PMC.gridmix
ALL;20220102T120222;20210801T004500;20210801T010000;14.090431125131;0;0;3.1019978969506;5.7308096740273;0;0;0;0;0.36803364879075;8.4910620399579;0;26.314405888538;0.18401682439537;0;0;16.43007360673;22.60778128286;github.com/GreenCharge/PMC.gridmix
ALL;20220102T120222;20210801T010000;20210801T011500;14.146469968388;0;0;3.1085353003161;5.795574288725;0;0;0;0;0.31612223393045;8.5616438356164;0;26.422550052687;0.18440463645943;0;0;16.675447839831;22.102212855638;github.com/GreenCharge/PMC.gridmix
ALL;20220102T120222;20210801T011500;20210801T013000;14.266737513284;0;0;3.134962805526;5.4729011689692;0;0;0;0;0.34537725823592;8.6078639744952;0;26.673751328374;0.18597236981934;0;0;16.392136025505;22.21041445271;github.com/GreenCharge/PMC.gridmix
ALL;20220102T120222;20210801T013000;20210801T014500;14.206349206349;0;0;3.1216931216931;5.0529100529101;0;0;0;0;0.31746031746032;8.5449735449735;0;26.560846560847;0.18518518518519;0;0;16.746031746032;22.566137566138;github.com/GreenCharge/PMC.gridmix
ALL;20220102T120222;20210801T014500;20210801T020000;14.513513513514;0;0;3.1891891891892;4.9189189189189;0;0;0;0;0;8.7027027027027;0;27.162162162162;0.18918918918919;0;0;17.216216216216;21.351351351351;github.com/GreenCharge/PMC.gridmix
ALL;20220102T120222;20210801T020000;20210801T021500;14.596357705898;0;0;3.2073933134004;4.4305517803751;0;0;0;0;0;8.7523783636858;0;27.290024463169;0.19026909486273;0;0;18.048382712694;20.712150040772;github.com/GreenCharge/PMC.gridmix
ALL;20220102T120222;20210801T021500;20210801T023000;14.753647123589;0;0;3.2480044040738;3.7159372419488;0;0;0;0;0;8.8631984585742;0;27.635562895679;0.19267822736031;0;0;18.827415359207;19.955959262318;github.com/GreenCharge/PMC.gridmix
ALL;20220102T120222;20210801T023000;20210801T024500;14.919129949805;0;0;3.2905744562186;3.7646402677078;0;0;0;0;0;9.0072504182934;0;28.025655326269;0.1952035694367;0;0;19.297267150028;18.655883993307;github.com/GreenCharge/PMC.gridmix
ALL;20220102T120222;20210801T024500;20210801T030000;15.016872890889;0;0;3.318335208099;3.8245219347582;0;0;0;0;0;9.0551181102362;0;28.205849268841;0.19685039370079;0;0;19.37570303712;18.138357705287;github.com/GreenCharge/PMC.gridmix
ALL;20220102T120222;20210801T030000;20210801T031500;15.076228119706;0;0;3.3314511575381;3.8396386222473;0;0;0;0;0;9.0626764539808;0;28.289102202146;0.19762845849802;0;0;19.904009034444;17.363071710898;github.com/GreenCharge/PMC.gridmix
ALL;20220102T120222;20210801T031500;20210801T033000;15.148936170213;0;0;3.3475177304965;3.8581560283688;0;0;0;0;0;9.1347517730496;0;28.45390070922;0.19858156028369;0;0;20.028368794326;16.879432624113;github.com/GreenCharge/PMC.gridmix
ALL;20220102T120222;20210801T033000;20210801T034500;15.154961615013;0;0;3.3551322149559;3.866932044356;0;0;0;0;0;9.1555302814899;0;28.518623827125;0.19903326698891;0;0;19.931760022747;16.860961046346;github.com/GreenCharge/PMC.gridmix
ALL;20220102T120222;20210801T034500;20210801T040000;15.2018322359;0;0;3.3781849413112;3.8648726023476;0;0;0;0;0;9.2470655596908;0;28.714572001145;0.20040080160321;0;0;19.381620383624;17.034068136273;github.com/GreenCharge/PMC.gridmix
ALL;20220102T120222;20210801T040000;20210801T041500;15.454016298021;0;0;3.4342258440047;3.9289871944121;0;0;0;0;0;9.4295692665891;0;29.19091967404;0.20372526193248;0;0;18.917345750873;16.472642607683;github.com/GreenCharge/PMC.gridmix
ALL;20220102T120222;20210801T041500;20210801T043000;15.497076023392;0;0;3.4502923976608;3.9473684210526;0;0;0;0;0;9.5321637426901;0;29.356725146199;0.2046783625731;0;0;18.74269005848;16.286549707602;github.com/GreenCharge/PMC.gridmix
ALL;20220102T120222;20210801T043000;20210801T044500;15.524311657879;0;0;3.4563561804335;3.98359695372;0;0;0;0;0;9.5489162272994;0;29.408318687756;0.20503807850029;0;0;18.775629759813;16.110134739309;github.com/GreenCharge/PMC.gridmix
ALL;20220102T120222;20210801T044500;20210801T050000;15.540540540541;0;0;3.4665099882491;3.9659224441833;0;0;0;0;0;9.6063454759107;0;29.494712103408;0.20564042303173;0;0;18.448883666275;16.274970622797;github.com/GreenCharge/PMC.gridmix
ALL;20220102T120222;20210801T050000;20210801T051500;15.571343990527;0;0;3.4931912374186;3.9964476021314;0;0;0;0;0;9.6802841918295;0;29.692125518058;0.20722320899941;0;0;17.554766133807;16.844286560095;github.com/GreenCharge/PMC.gridmix
ALL;20220102T120222;20210801T051500;20210801T053000;15.840096182747;0;0;3.5467388037271;4.0577096483318;0;0;0;0;0;9.8286744815149;0;30.14727983168;0.21039975954313;0;0;16.561466786895;16.801923654944;github.com/GreenCharge/PMC.gridmix
ALL;20220102T120222;20210801T053000;20210801T054500;16.042617960426;0;0;3.5920852359209;4.1095890410959;0;0;0;0;0;9.8021308980213;0;30.502283105023;0.2130898021309;0.030441400304414;0;15.738203957382;16.925418569254;github.com/GreenCharge/PMC.gridmix
ALL;20220102T120222;20210801T054500;20210801T060000;15.963581183612;0;0;3.5811836115326;4.0667678300455;0;0;0;0;0;9.8027314112291;0;30.440060698027;0.21244309559939;0.45523520485584;0;15.235204855842;17.207890743551;github.com/GreenCharge/PMC.gridmix
ALL;20220102T120222;20210801T060000;20210801T061500;15.976871576385;0;0;3.2562385879489;4.0474741326841;0;0;0;0;0;9.9208764455265;0;30.553864881315;0.2130249543518;1.3085818624467;0;14.790018259282;16.889835666464;github.com/GreenCharge/PMC.gridmix
ALL;20220102T120222;20210801T061500;20210801T063000;16.189596799015;0;0;3.2933210218529;4.1243459526008;0;0;0;0;0;10.003077870114;0;30.871037242228;0.21545090797168;1.1080332409972;0;14.435210834103;16.682056017236;github.com/GreenCharge/PMC.gridmix
ALL;20220102T120222;20210801T063000;20210801T064500;16.452924616828;0;0;3.3468877072255;4.160150140757;0;0;0;0;0;10.228339067876;0;31.373162339693;0.21895527056616;1.4388489208633;0;13.700344072568;15.952455426963;github.com/GreenCharge/PMC.gridmix
ALL;20220102T120222;20210801T064500;20210801T070000;16.499057196732;0;0;3.362664990572;4.1483343808925;0;0;0;0;0;10.307982401006;0;31.552482715273;0.21998742928975;2.1684475172847;0;13.576367064739;15.021998742929;github.com/GreenCharge/PMC.gridmix
ALL;20220102T120222;20210801T070000;20210801T071500;16.64030370136;0;0;3.3850047453338;4.2075292628915;0;0;0;0;0;10.471369819677;0;31.762100601076;0.22144890857324;3.1319202783929;0;13.097121164189;13.951281240114;github.com/GreenCharge/PMC.gridmix
ALL;20220102T120222;20210801T071500;20210801T073000;16.55670750864;0;0;3.3616085453974;4.1784480050267;0;0;0;0;0.2827521206409;10.461828463713;0;31.573986804901;0.21991831605404;4.3669494187873;0;12.472510210493;13.415017279296;github.com/GreenCharge/PMC.gridmix
ALL;20220102T120222;20210801T073000;20210801T074500;16.240369799692;0;0;3.2973805855162;4.1294298921418;0;0;0;0;2.0647149460709;10.385208012327;0;31.063174114022;0.21571648690293;5.4545454545455;0;11.371340523883;12.727272727273;github.com/GreenCharge/PMC.gridmix
ALL;20220102T120222;20210801T074500;20210801T080000;15.986702931399;0;0;3.2336053188274;4.0193411906921;0;0;0;0;3.1429434874584;10.21456633424;0;30.432154729526;0.21154427319432;6.9809610154125;0;10.939860985192;11.846479298882;github.com/GreenCharge/PMC.gridmix
ALL;20220102T120222;20210801T080000;20210801T081500;15.759738328873;0;0;3.0924769550996;3.9250669045495;0;0;0;0;3.0032708890871;9.9613440380613;0;30.002973535534;0.20814748736247;8.6827237585489;0;11.329170383586;11.091287540886;github.com/GreenCharge/PMC.gridmix
ALL;20220102T120222;20210801T081500;20210801T083000;15.671200473093;0;0;3.0751034890597;3.9325842696629;0;0;0;0;2.9272619751626;9.9053814311059;0;29.834417504435;0.20697811945594;10.555884092253;0;10.526315789474;10.437610881135;github.com/GreenCharge/PMC.gridmix
ALL;20220102T120222;20210801T083000;20210801T084500;15.592821418064;0;0;3.059723448073;3.912915563401;0;0;0;0;2.9126213592233;9.8264195351574;0;29.685201529862;0.20594292438953;12.562518387761;0;8.9143865842895;10.414827890556;github.com/GreenCharge/PMC.gridmix
ALL;20220102T120222;20210801T084500;20210801T090000;15.280963302752;0;0;2.9816513761468;4.0137614678899;0;0;0;0;2.8383027522936;9.5756880733945;0;28.927752293578;0.2006880733945;14.478211009174;0;8.4575688073394;10.407110091743;github.com/GreenCharge/PMC.gridmix
ALL;20220102T120222;20210801T090000;20210801T091500;15.104460756635;0;0;2.9361942405421;2.6256352343309;0;0;0;0;2.7667984189723;9.4579333709768;0;28.458498023715;0.19762845849802;16.629023150762;0;8.300395256917;10.72840203275;github.com/GreenCharge/PMC.gridmix
ALL;20220102T120222;20210801T091500;20210801T093000;14.69298245614;0;0;2.8508771929825;2.3848684210526;0;0;0;0;2.7138157894737;9.1008771929825;0;27.686403508772;0.19188596491228;18.558114035088;0;7.9495614035088;11.156798245614;github.com/GreenCharge/PMC.gridmix
ALL;20220102T120222;20210801T093000;20210801T094500;14.443249058634;0;0;2.7972027972028;2.3399677245831;0;0;0;0;0.86067778375471;8.9026358257127;0;27.111350188273;0.18827326519634;20.521785906401;0;8.1495427649274;12.022592791824;github.com/GreenCharge/PMC.gridmix
ALL;20220102T120222;20210801T094500;20210801T100000;14.053912588328;0;0;2.7218005757655;2.2768908662654;0;0;0;0;0.26171159382361;8.6888249149437;0;26.406699816802;0.18319811567652;22.376341271918;0;8.0345459303847;12.405129547239;github.com/GreenCharge/PMC.gridmix
ALL;20220102T120222;20210801T100000;20210801T101500;13.735001276487;0;0;2.6550931835588;2.2210875670156;0;0;0;0;0.22976767934644;8.5014041358182;0;25.7850395711;0.17870819504723;24.202195557825;0;7.5823334184325;12.381924942558;github.com/GreenCharge/PMC.gridmix
ALL;20220102T120222;20210801T101500;20210801T103000;13.264299802761;0;0;2.5641025641026;2.1449704142012;0;0;0;0;0.19723865877712;8.2100591715976;0;24.901380670611;0.17258382642998;25.764299802761;0;7.6183431952663;12.721893491124;github.com/GreenCharge/PMC.gridmix
ALL;20220102T120222;20210801T103000;20210801T104500;12.973233662889;0;0;2.5078369905956;2.0979020979021;0;0;0;0;0;8.0540149505667;0;24.330841572221;0.16879672052086;27.465637810465;0;7.451169520135;12.563298770195;github.com/GreenCharge/PMC.gridmix
ALL;20220102T120222;20210801T104500;20210801T110000;12.724268177526;0;0;2.4551463644948;2.0538243626062;0;0;0;0;0;7.8847969782814;0;23.819641170916;0.16525023607177;29.249291784703;0;6.7988668555241;12.511803588291;github.com/GreenCharge/PMC.gridmix
ALL;20220102T120222;20210801T110000;20210801T111500;12.4971017853;0;0;2.4113146301878;2.0171574310225;0;0;0;0;0;7.8599582657083;0;23.394389056341;0.16230002318572;30.721075817297;0;6.5151866450267;12.126130303733;github.com/GreenCharge/PMC.gridmix
ALL;20220102T120222;20210801T111500;20210801T113000;12.22499432978;0;0;2.358811521887;1.9732365615786;0;0;0;0;0;7.6888183261511;0;22.907688818326;0.15876616012701;31.66250850533;0;6.5094125652075;12.270356089816;github.com/GreenCharge/PMC.gridmix
ALL;20220102T120222;20210801T113000;20210801T114500;11.984935755428;0;0;2.3039432875498;1.9273371732388;0;0;0;0;0;7.3992024811697;0;22.286220646876;0.15507310589278;32.454585733274;0;6.7124501550731;12.583074878157;github.com/GreenCharge/PMC.gridmix
ALL;20220102T120222;20210801T114500;20210801T120000;11.804643013579;0;0;2.2777047744196;1.9053876478318;0;0;0;0;0;7.3149364870784;0;22.076215505913;0.1533070521244;33.311432325887;0;6.6141042487954;12.374069207184;github.com/GreenCharge/PMC.gridmix
ALL;20220102T120222;20210801T120000;20210801T121500;11.883358912519;0;0;2.1925016443762;1.9074764306073;0;0;0;0;0;7.3448805086604;0;22.100416575312;0.15347511510634;34.268800701601;0;6.0951545713659;11.971058978294;github.com/GreenCharge/PMC.gridmix
ALL;20220102T120222;20210801T121500;20210801T123000;11.771081725558;0;0;2.1677866897897;1.8859744201171;0;0;0;0;0;7.175373943204;0;21.894645566876;0.15174506828528;34.142640364188;0;6.4600043355734;12.291350531108;github.com/GreenCharge/PMC.gridmix
ALL;20220102T120222;20210801T123000;20210801T124500;11.496196111581;0;0;2.1132713440406;1.8385460693153;0;0;0;0;0;6.9103972950127;0;21.301775147929;0.14792899408284;34.425190194421;0;6.8469991546915;12.912087912088;github.com/GreenCharge/PMC.gridmix
ALL;20220102T120222;20210801T124500;20210801T130000;11.28364389234;0;0;2.0703933747412;1.8012422360248;0;0;0;0;0;6.7080745341615;0;20.807453416149;0.14492753623188;35.134575569358;0;6.7908902691511;13.291925465839;github.com/GreenCharge/PMC.gridmix
ALL;20220102T120222;20210801T130000;20210801T131500;11.179487179487;0;0;2.0512820512821;1.7846153846154;0;0;0;0;0;6.7076923076923;0;20.65641025641;0.14358974358974;35.097435897436;0;6.5230769230769;13.907692307692;github.com/GreenCharge/PMC.gridmix
ALL;20220102T120222;20210801T131500;20210801T133000;11.099817035983;0;0;2.0329335230738;1.7686521650742;0;0;0;0;0;6.7696686318357;0;20.451311242122;0.14230534661517;34.70217523887;0;7.1559260012198;13.945923968286;github.com/GreenCharge/PMC.gridmix
ALL;20220102T120222;20210801T133000;20210801T134500;11.149683479681;0;0;2.0420665713702;1.7765979170921;0;0;0;0;0;6.861343679804;0;20.46150704513;0.14294465999592;34.449663059016;0;7.0859710026547;14.090259342455;github.com/GreenCharge/PMC.gridmix
ALL;20220102T120222;20210801T134500;20210801T140000;11.204769736842;0;0;2.0559210526316;1.7886513157895;0;0;0;0;0;7.0723684210526;0;20.394736842105;0.14391447368421;34.539473684211;0;7.0518092105263;13.795230263158;github.com/GreenCharge/PMC.gridmix
ALL;20220102T120222;20210801T140000;20210801T141500;11.028075136336;0;0;2.0197939810139;1.7572207634821;0;0;0;0;0;6.9480912946879;0;20.23833568976;0.14138557867098;33.32660068673;0;7.7560088870935;14.865683700263;github.com/GreenCharge/PMC.gridmix
ALL;20220102T120222;20210801T141500;20210801T143000;11.054663686243;0;0;2.0321072952652;1.7679333468807;0;0;0;0;0;6.949806949807;0;20.422678317415;0.14224751066856;32.188579557001;0;8.230034545824;15.281446860394;github.com/GreenCharge/PMC.gridmix
ALL;20220102T120222;20210801T143000;20210801T144500;11.156685808039;0;0;2.0508613617719;1.7842493847416;0;0;0;0;0;6.9729286300246;0;20.611156685808;0.14356029532404;31.521739130435;0;8.0598851517637;15.750615258409;github.com/GreenCharge/PMC.gridmix
ALL;20220102T120222;20210801T144500;20210801T150000;11.163748712667;0;0;2.0597322348095;1.7919670442842;0;0;0;0;0;7.0030895983522;0;20.659114315139;0.14418125643666;30.360453141092;0;7.6622039134912;17.198764160659;github.com/GreenCharge/PMC.gridmix
ALL;20220102T120222;20210801T150000;20210801T151500;11.175376988226;0;0;2.0656889072506;1.797149349308;0;0;0;0;0;7.0439991737244;0;20.698202850651;0.14459822350754;29.332782482958;0;7.7463334021896;18.033464160297;github.com/GreenCharge/PMC.gridmix
ALL;20220102T120222;20210801T151500;20210801T153000;11.182439428453;0;0;2.0708221163802;1.8016152412508;0;0;0;0;0;7.0615034168565;0;20.770345827293;0.14495754814661;28.660178090702;0;7.9726651480638;18.368192172292;github.com/GreenCharge/PMC.gridmix
ALL;20220102T120222;20210801T153000;20210801T154500;11.113393590797;0;0;2.0542317173377;1.7666392769104;0;0;0;0;0;6.9638455217749;0;20.43960558751;0.14379622021364;27.732128184059;0;8.7099424815119;19.124897288414;github.com/GreenCharge/PMC.gridmix
ALL;20220102T120222;20210801T154500;20210801T160000;11.115702479339;0;0;2.0661157024793;1.7768595041322;0;0;0;0;0;7.004132231405;0;20.537190082645;0.14462809917355;27.169421487603;0;8.8842975206612;19.338842975207;github.com/GreenCharge/PMC.gridmix
ALL;20220102T120222;20210801T160000;20210801T161500;11.120314764962;0;0;2.0708221163802;1.8016152412508;0;0;0;0;0;7.0407951956927;0;20.666804721474;0.14495754814661;26.52723131083;0;9.0287844274177;19.631393663284;github.com/GreenCharge/PMC.gridmix
ALL;20220102T120222;20210801T161500;20210801T163000;11.225130890052;0;0;2.0942408376963;1.8219895287958;0;0;0;0;0;7.1204188481675;0;20.942408376963;0.14659685863874;25.44502617801;0;8.8795811518325;20.335078534031;github.com/GreenCharge/PMC.gridmix
ALL;20220102T120222;20210801T163000;20210801T164500;11.353989813243;0;0;2.1222410865874;1.8463497453311;0;0;0;0;0;7.258064516129;0;21.307300509338;0.14855687606112;24.511884550085;0;8.7011884550085;20.734295415959;github.com/GreenCharge/PMC.gridmix
ALL;20220102T120222;20210801T164500;20210801T170000;11.415720711073;0;0;2.1417862497323;1.8633540372671;0;0;0;0;0;7.3034911115871;0;21.546369672307;0.14992503748126;23.495395159563;0;9.1668451488541;20.88241593489;github.com/GreenCharge/PMC.gridmix
ALL;20220102T120222;20210801T170000;20210801T171500;11.49276301577;0;0;2.2034996759559;1.9226614819615;0;0;0;0;0;7.4746165478505;0;21.689349751566;0.15122056599698;22.078202635558;0;9.4620868438108;21.473320371571;github.com/GreenCharge/PMC.gridmix
ALL;20220102T120222;20210801T171500;20210801T173000;11.620795107034;0;0;2.2280471821756;2.2280471821756;0;0;0;0;0.021843599825251;7.4486675404107;0;21.887287024902;0.15290519877676;20.664045434688;0;10.179117518567;21.494102228047;github.com/GreenCharge/PMC.gridmix
ALL;20220102T120222;20210801T173000;20210801T174500;11.634531113059;0;0;2.2348816827344;2.4320771253287;0;0;0;0;0.30674846625767;7.581069237511;0;21.976336546889;0.15337423312883;19.259421560035;0;10.758106923751;21.5819456617;github.com/GreenCharge/PMC.gridmix
ALL;20220102T120222;20210801T174500;20210801T180000;11.680282623096;0;0;2.2521527931111;2.4950320158975;0;0;0;0;0.5078383749172;7.6396555531022;0;22.168249061603;0.15455950540958;17.752263192758;0;11.459483329653;21.792890262751;github.com/GreenCharge/PMC.gridmix
ALL;20220102T120222;20210801T180000;20210801T181500;12.004530011325;0;0;2.7633069082673;2.6727066817667;0;0;0;0;0.36240090600226;7.678369195923;0;22.627406568516;0.15855039637599;15.9456398641;0;11.528878822197;22.151755379388;github.com/GreenCharge/PMC.gridmix
ALL;20220102T120222;20210801T181500;20210801T183000;12.260447933503;0;0;2.8169014084507;2.9554375432925;0;0;0;0;0.50796582775341;7.8734703301778;0;23.135534518587;0.16162549064881;14.03832833064;0;12.075733087047;22.027245439852;github.com/GreenCharge/PMC.gridmix
ALL;20220102T120222;20210801T183000;20210801T184500;12.314126394052;0;0;2.8345724907063;3.1598513011152;0;0;0;0;0.69702602230483;8.1087360594796;0;23.303903345725;0.16263940520446;11.9656133829;0;13.266728624535;22.026022304833;github.com/GreenCharge/PMC.gridmix
ALL;20220102T120222;20210801T184500;20210801T190000;12.328128641342;0;0;2.8431601025402;3.1927289676066;0;0;0;0;1.8876718713587;8.1566068515498;0;23.374504777441;0.163132137031;9.9044511768818;0;13.400139827546;22.582148683291;github.com/GreenCharge/PMC.gridmix
ALL;20220102T120222;20210801T190000;20210801T191500;12.81679942071;0;0;3.1378228336954;3.3067825247405;0;0;0;0;0.41033067825247;8.1100651701665;0;23.992276128409;0.16895969104514;8.3514361573739;0;14.071928554188;23.34057446295;github.com/GreenCharge/PMC.gridmix
ALL;20220102T120222;20210801T191500;20210801T193000;12.87200580692;0;0;3.1454149528188;3.1454149528188;0;0;0;0;1.0404064843939;8.2990563755142;0;24.147108637793;0.16936849745947;6.6295669005565;0;15.025405274619;23.227679651585;github.com/GreenCharge/PMC.gridmix
ALL;20220102T120222;20210801T193000;20210801T194500;13.273228149261;0;0;3.2556974705735;2.9551715502129;0;0;0;0;0.60105184072126;8.7152516904583;0;25.018782870023;0.17530678687703;5.1590282995242;0;15.80265464563;22.664663160531;github.com/GreenCharge/PMC.gridmix
ALL;20220102T120222;20210801T194500;20210801T200000;13.589743589744;0;0;3.3333333333333;3.025641025641;0;0;0;0;3.1794871794872;9.025641025641;0;25.589743589744;0.17948717948718;3.7435897435897;0;15.538461538462;20.358974358974;github.com/GreenCharge/PMC.gridmix
ALL;20220102T120222;20210801T200000;20210801T201500;13.63868986694;0;0;3.4544524053224;3.0194472876151;0;0;0;0;3.5056294779939;9.007164790174;0;25.639713408393;0.17911975435005;2.5076765609007;0;15.148413510747;21.494370522006;github.com/GreenCharge/PMC.gridmix
ALL;20220102T120222;20210801T201500;20210801T203000;13.905557004957;0;0;3.5220453952518;3.0785285677015;0;0;0;0;2.3480302635012;9.2094964779546;0;26.245760500913;0.18262457605009;1.5914427341508;0;15.862248891208;21.601878424211;github.com/GreenCharge/PMC.gridmix
ALL;20220102T120222;20210801T203000;20210801T204500;13.464945583397;0;0;3.4168564920273;2.9865856745128;0;0;0;0;5.5682105796001;8.9344469754493;0;25.436598329537;0.17717033662364;0.78461149076183;0;15.793470007593;21.057960010124;github.com/GreenCharge/PMC.gridmix
ALL;20220102T120222;20210801T204500;20210801T210000;13.739669421488;0;0;3.4865702479339;3.047520661157;0;0;0;0;4.0289256198347;9.1167355371901;0;25.981404958678;0.18078512396694;0.3099173553719;0;16.193181818182;21.487603305785;github.com/GreenCharge/PMC.gridmix
ALL;20220102T120222;20210801T210000;20210801T211500;13.576158940397;0;0;3.4386143657667;3.0310748853795;0;0;0;0;5.2470708099847;8.9913397860418;0;25.598573611819;0.17829852266938;0.10188487009679;0;15.995924605196;21.446765155374;github.com/GreenCharge/PMC.gridmix
ALL;20220102T120222;20210801T211500;20210801T213000;13.695819440882;0;0;3.4624262631444;3.0520646319569;0;0;0;0;3.9240830982303;9.0279558861246;0;25.801487560913;0.17953321364452;0.025647601949218;0;16.876122082585;21.543985637343;github.com/GreenCharge/PMC.gridmix
ALL;20220102T120222;20210801T213000;20210801T214500;13.8665281745;0;0;3.5055829654635;3.1160737470787;0;0;0;0;2.7784990911452;9.1924175538821;0;26.12308491301;0.18177096857959;0;0;17.268242015061;21.526876136069;github.com/GreenCharge/PMC.gridmix
ALL;20220102T120222;20210801T214500;20210801T220000;14.030478192328;0;0;3.5470310036784;3.1529164477141;0;0;0;0;2.2070415133999;9.3011035207567;0;26.405675249606;0.18392012611666;0;0;16.605359957961;22.09668943773;github.com/GreenCharge/PMC.gridmix
ALL;20220102T120222;20210801T220000;20210801T221500;14.008394543547;0;0;3.4102833158447;3.1479538300105;0;0;0;0;3.803777544596;9.2602308499475;0;26.390346274921;0.18363064008395;0;0;15.818467995803;21.511017838405;github.com/GreenCharge/PMC.gridmix
ALL;20220102T120222;20210801T221500;20210801T223000;13.77353623936;0;0;3.3273149342275;3.0951766830023;0;0;0;0;3.5594531854527;9.0791849368068;0;25.922104720144;0.18055197317514;0;0;17.075058034563;21.563064224916;github.com/GreenCharge/PMC.gridmix
ALL;20220102T120222;20210801T223000;20210801T224500;13.975966562173;0;0;3.3699059561129;3.1347962382445;0;0;0;0;0.78369905956113;8.80355276907;0;26.280041797283;0.1828631138976;0;0;18.756530825496;22.257053291536;github.com/GreenCharge/PMC.gridmix
ALL;20220102T120222;20210801T224500;20210801T230000;13.883823912477;0;0;3.3602500651211;3.1518624641834;0;0;0;0;0.54701745246158;8.8304245897369;0;26.12659546757;0.18233915082053;0;0;18.859077884866;22.610054701745;github.com/GreenCharge/PMC.gridmix
ALL;20220102T120222;20210801T230000;20210801T231500;13.594704684318;0;0;3.0804480651731;3.1313645621181;0;0;0;0;3.2841140529532;8.9613034623218;0;25.560081466395;0.17820773930754;0;0;17.591649694501;22.148676171079;github.com/GreenCharge/PMC.gridmix
ALL;20220102T120222;20210801T231500;20210801T233000;13.990585774059;0;0;3.1642259414226;3.2165271966527;0;0;0;0;0.57531380753138;9.178870292887;0;26.281380753138;0.18305439330544;0;0;17.834728033473;23.03870292887;github.com/GreenCharge/PMC.gridmix
ALL;20220102T120222;20210801T233000;20210801T234500;13.892495455726;0;0;3.1420410283043;3.1939755907556;0;0;0;0;0.54531290573877;8.8548428979486;0;26.071150350558;0.18177096857959;0;0;18.177096857959;23.422487665541;github.com/GreenCharge/PMC.gridmix
ALL;20220102T120222;20210801T234500;20210802T000000;13.961377870564;0;0;3.1576200417537;2.6356993736952;0;0;0;0;0.54801670146138;8.8726513569937;0;26.174321503132;0.18267223382046;0;0;18.293319415449;23.643006263048;github.com/GreenCharge/PMC.gridmix
ALL;20220102T120222;20210802T000000;20210802T001500;13.948051948052;0;0;2.8831168831169;2.4415584415584;0;0;0;0;0.85714285714286;8.961038961039;0;26.077922077922;0.18181818181818;0;0;18.415584415584;23.922077922078;github.com/GreenCharge/PMC.gridmix
ALL;20220102T120222;20210802T001500;20210802T003000;13.948051948052;0;0;2.8831168831169;2.4415584415584;0;0;0;0;0.44155844155844;8.9350649350649;0;26.077922077922;0.18181818181818;0;0;18.545454545455;24.233766233766;github.com/GreenCharge/PMC.gridmix
ALL;20220102T120222;20210802T003000;20210802T004500;13.861641713991;0;0;2.8652555498193;2.4264326277749;0;0;0;0;0.30975735673722;8.7248322147651;0;25.89055240062;0.18069179143005;0;0;18.740320082602;24.703149199793;github.com/GreenCharge/PMC.gridmix
ALL;20220102T120222;20210802T004500;20210802T010000;13.642148129295;0;0;2.8251463476712;2.3924662764062;0;0;0;0;0.30542122677526;8.5772461186052;0;25.528124204632;0.17816238228557;0;0;19.419699669127;24.866378213286;github.com/GreenCharge/PMC.gridmix
ALL;20220102T120222;20210802T010000;20210802T011500;13.455734406439;0;0;2.7917505030181;2.3893360160966;0;0;0;0;0.30181086519115;8.5513078470825;0;25.251509054326;0.17605633802817;0;0;19.693158953722;25.150905432596;github.com/GreenCharge/PMC.gridmix
ALL;20220102T120222;20210802T011500;20210802T013000;13.219668890536;0;0;2.7427724240178;2.3474178403756;0;0;0;0;0;8.4259945638745;0;24.783790462071;0.17296763034346;0;0;20.509019026439;25.599209290833;github.com/GreenCharge/PMC.gridmix
ALL;20220102T120222;20210802T013000;20210802T014500;12.814371257485;0;0;2.6586826347305;2.251497005988;0;0;0;0;0;8.1676646706587;0;23.952095808383;0.16766467065868;0;0;22.299401197605;25.556886227545;github.com/GreenCharge/PMC.gridmix
ALL;20220102T120222;20210802T014500;20210802T020000;12.805755395683;0;0;2.6618705035971;2.2541966426859;0;0;0;0;0;8.1774580335731;0;23.980815347722;0.16786570743405;0;0;21.726618705036;26.091127098321;github.com/GreenCharge/PMC.gridmix
ALL;20220102T120222;20210802T020000;20210802T021500;12.708234174203;0;0;2.6415992384579;2.2370299857211;0;0;0;0;0;8.1627796287482;0;23.893384102808;0.16658733936221;0;0;21.63255592575;26.534983341266;github.com/GreenCharge/PMC.gridmix
ALL;20220102T120222;20210802T021500;20210802T023000;12.759856630824;0;0;2.6523297491039;2.2461170848268;0;0;0;0;0;8.2198327359618;0;24.014336917563;0.16726403823178;0;0;21.146953405018;26.762246117085;github.com/GreenCharge/PMC.gridmix
ALL;20220102T120222;20210802T023000;20210802T024500;13.03074670571;0;0;2.7086383601757;2.3182040019522;0;0;0;0;0;8.3943387018058;0;24.524158125915;0.17081503172279;0;0;20.204978038067;26.573938506589;github.com/GreenCharge/PMC.gridmix
ALL;20220102T120222;20210802T024500;20210802T030000;13.02223308087;0;0;2.7119472269729;2.3210359149768;0;0;0;0;0;8.404593207916;0;24.554116784754;0.17102369899829;0;0;20.205228438798;26.533105301735;github.com/GreenCharge/PMC.gridmix
ALL;20220102T120222;20210802T030000;20210802T031500;12.582625118036;0;0;2.6203966005666;2.219074598678;0;0;0;0;0;8.0500472143532;0;23.748819641171;0.16525023607177;0;0;22.308781869688;26.298394711992;github.com/GreenCharge/PMC.gridmix
ALL;20220102T120222;20210802T031500;20210802T033000;12.547169811321;0;0;2.6179245283019;2.2169811320755;0;0;0;0;0;8.0424528301887;0;23.702830188679;0.16509433962264;0;0;21.745283018868;26.957547169811;github.com/GreenCharge/PMC.gridmix
ALL;20220102T120222;20210802T033000;20210802T034500;12.703739213806;0;0;2.6605944391179;2.2531160115053;0;0;0;0;0;8.1735378715244;0;24.089165867689;0.16778523489933;0;0;20.469798657718;27.444870565676;github.com/GreenCharge/PMC.gridmix
ALL;20220102T120222;20210802T034500;20210802T040000;12.715930902111;0;0;2.6631477927063;2.2552783109405;0;0;0;0;0;8.0854126679463;0;24.088291746641;0.1679462571977;0;0;20.753358925144;27.231285988484;github.com/GreenCharge/PMC.gridmix
ALL;20220102T120222;20210802T040000;20210802T041500;12.827988338192;0;0;2.6967930029155;2.3809523809524;0;0;0;0;0;8.1632653061224;0;24.416909620991;0.17006802721088;0;0;20.14091350826;27.137998056365;github.com/GreenCharge/PMC.gridmix
ALL;20220102T120222;20210802T041500;20210802T043000;12.883584997565;0;0;2.7033609352168;2.3867510959571;0;0;0;0;0;8.2075012177302;0;24.500730638091;0.1704822211398;0;0;20.482221139795;26.595226497808;github.com/GreenCharge/PMC.gridmix
ALL;20220102T120222;20210802T043000;20210802T044500;12.709832134293;0;0;2.6618705035971;2.3501199040767;0;0;0;0;0;8.0815347721823;0;24.124700239808;0.16786570743405;0;0;22.517985611511;25.347721822542;github.com/GreenCharge/PMC.gridmix
ALL;20220102T120222;20210802T044500;20210802T050000;12.744388124547;0;0;2.6792179580014;2.3895727733526;0;0;0;0;0;8.158339367608;0;24.257784214337;0.16895969104514;0;0;22.471638909003;25.078445570842;github.com/GreenCharge/PMC.gridmix
ALL;20220102T120222;20210802T050000;20210802T051500;12.747464992757;0;0;2.6798647996137;2.3660067600193;0;0;0;0;0.16900048285852;8.1120231772091;0;24.239497827137;0.16900048285852;0;0;21.970062771608;25.470787059392;github.com/GreenCharge/PMC.gridmix
ALL;20220102T120222;20210802T051500;20210802T053000;12.844260297343;0;0;2.7053375578845;2.3884962222764;0;0;0;0;0.19497928345113;8.1647574945162;0;24.494272483549;0.17060687301974;0;0;21.228369485742;25.712893005118;github.com/GreenCharge/PMC.gridmix
ALL;20220102T120222;20210802T053000;20210802T054500;12.885085574572;0;0;2.7139364303178;2.4449877750611;0;0;0;0;0.2200488997555;8.361858190709;0;24.621026894866;0.17114914425428;0.024449877750611;0;21.149144254279;25.305623471883;github.com/GreenCharge/PMC.gridmix
ALL;20220102T120222;20210802T054500;20210802T060000;12.866927592955;0;0;2.7152641878669;2.5195694716243;0;0;0;0;0.17123287671233;8.4393346379648;0;24.608610567515;0.17123287671233;0.19569471624266;0;19.789628180039;26.418786692759;github.com/GreenCharge/PMC.gridmix
ALL;20220102T120222;20210802T060000;20210802T061500;12.758201701094;0;0;2.9404617253949;2.5030376670717;0;0;0;0;0.14580801944107;8.1895504252734;0;24.374240583232;0.17010935601458;0.51032806804374;0;18.882138517618;27.460510328068;github.com/GreenCharge/PMC.gridmix
ALL;20220102T120222;20210802T061500;20210802T063000;12.90164336522;0;0;3.0659798871719;2.6735344616139;0;0;0;0;0.22075055187638;8.2168260976208;0;24.724061810155;0.17169487368163;1.2018641157714;0;18.518518518519;26.220259995094;github.com/GreenCharge/PMC.gridmix
ALL;20220102T120222;20210802T063000;20210802T064500;12.38499646143;0;0;2.9723991507431;2.7364944562397;0;0;0;0;2.6421325784383;8.1151214909177;0;23.802783675395;0.16513328615239;2.3354564755839;0;18.754423213022;24.085869308799;github.com/GreenCharge/PMC.gridmix
ALL;20220102T120222;20210802T064500;20210802T070000;12.091202210963;0;0;2.901888530631;2.8097650852142;0;0;0;0;3.1552280055274;7.9456471672041;0;23.238139106403;0.1612160294795;3.6388760939659;0;18.654997696914;23.445416858591;github.com/GreenCharge/PMC.gridmix
ALL;20220102T120222;20210802T070000;20210802T071500;12.32427366448;0;0;3.4676663542643;2.9053420805998;0;0;0;0;1.2886597938144;7.9662605435801;0;23.617619493908;0.16401124648547;5.3655107778819;0;18.158388003749;22.774133083411;github.com/GreenCharge/PMC.gridmix
ALL;20220102T120222;20210802T071500;20210802T073000;12.091954022989;0;0;3.4022988505747;2.9425287356322;0;0;0;0;3.1724137931034;7.9310344827586;0;23.241379310345;0.16091954022989;7.1264367816092;0;16.781609195402;21.218390804598;github.com/GreenCharge/PMC.gridmix
ALL;20220102T120222;20210802T073000;20210802T074500;11.813494732123;0;0;3.3176417843533;3.0262273032952;0;0;0;0;3.2055592916386;7.7561084958529;0;22.6630800269;0.15691548980049;8.8769334229993;0;17.529701860569;19.771351714862;github.com/GreenCharge/PMC.gridmix
ALL;20220102T120222;20210802T074500;20210802T080000;11.367558239862;0;0;3.3218291630716;3.0414150129422;0;0;0;0;4.1199309749784;7.3986194995686;0;21.786022433132;0.15099223468507;10.504745470233;0;18.075927523727;18.421052631579;github.com/GreenCharge/PMC.gridmix
ALL;20220102T120222;20210802T080000;20210802T081500;11.593250054789;0;0;3.4188034188034;3.1777339469647;0;0;0;0;1.8408941485865;7.4950690335306;0;22.134560596099;0.15340784571554;12.842428227044;0;16.918693841771;18.56234933158;github.com/GreenCharge/PMC.gridmix
ALL;20220102T120222;20210802T081500;20210802T083000;11.59230096238;0;0;3.4120734908136;3.1933508311461;0;0;0;0;0.96237970253718;7.5678040244969;0;22.069116360455;0.15310586176728;15.02624671916;0;16.426071741032;17.738407699038;github.com/GreenCharge/PMC.gridmix
ALL;20220102T120222;20210802T083000;20210802T084500;11.245491194568;0;0;3.3099936346276;2.9917250159134;0;0;0;0;1.6974326331424;7.2989603225122;0;21.408869085508;0.14852535539996;16.953108423509;0;15.91343093571;17.228941226395;github.com/GreenCharge/PMC.gridmix
ALL;20220102T120222;20210802T084500;20210802T090000;11.365092928861;0;0;3.3326212347789;2.9694509720145;0;0;0;0;1.6876735740226;7.3274941251869;0;21.555223242897;0.14954069643239;19.397564622944;0;12.732322153386;17.667165135655;github.com/GreenCharge/PMC.gridmix
ALL;20220102T120222;20210802T090000;20210802T091500;11.023947151115;0;0;3.2824112303881;2.8488852188274;0;0;0;0;2.6424442609414;7.1222130470685;0;20.829892650702;0.14450867052023;21.387283236994;0;11.870355078448;17.093311312964;github.com/GreenCharge/PMC.gridmix
ALL;20220102T120222;20210802T091500;20210802T093000;10.574257425743;0;0;3.1683168316832;2.7326732673267;0;0;0;0;3.0693069306931;6.8316831683168;0;19.980198019802;0.13861386138614;23.029702970297;0;12.475247524752;16.316831683168;github.com/GreenCharge/PMC.gridmix
ALL;20220102T120222;20210802T093000;20210802T094500;10.242121445042;0;0;3.0745580322829;2.7094542659493;0;0;0;0;2.1714066102998;6.5526518063028;0;19.388931591084;0.13451191391238;24.289008455035;0;14.085318985396;15.718677940046;github.com/GreenCharge/PMC.gridmix
ALL;20220102T120222;20210802T094500;20210802T100000;10.169491525424;0;0;3.047038659303;2.7042468101314;0;0;0;0;1.2569034469625;6.4940011426395;0;19.215387545229;0.13330794134451;25.976004570558;0;13.921157874691;15.463721195963;github.com/GreenCharge/PMC.gridmix
ALL;20220102T120222;20210802T100000;20210802T101500;10.200573065903;0;0;2.9990448901624;2.7316141356256;0;0;0;0;0.74498567335244;6.5329512893983;0;19.255014326648;0.13371537726839;27.984718242598;0;10.869149952245;16.886341929322;github.com/GreenCharge/PMC.gridmix
ALL;20220102T120222;20210802T101500;20210802T103000;10.098335854766;0;0;2.9689863842663;2.7231467473525;0;0;0;0;0.4160363086233;6.2783661119516;0;19.062027231467;0.13237518910741;29.122541603631;0;9.7012102874433;17.8517397882;github.com/GreenCharge/PMC.gridmix
ALL;20220102T120222;20210802T103000;20210802T104500;9.9385817978783;0;0;2.9220174948818;2.6986785780756;0;0;0;0;0.2605620696073;6.0487623301694;0;18.760469011725;0.13028103480365;30.281034803648;0;9.5663502698679;17.774055462498;github.com/GreenCharge/PMC.gridmix
ALL;20220102T120222;20210802T104500;20210802T110000;9.7189483227561;0;0;2.8467815049864;2.6291931097008;0;0;0;0;0.23572076155938;5.8930190389846;0;18.277425203989;0.12692656391659;30.698096101541;0;10.534904805077;17.461468721668;github.com/GreenCharge/PMC.gridmix
ALL;20220102T120222;20210802T110000;20210802T111500;9.4935592023999;0;0;2.9468854773249;2.5410269984119;0;0;0;0;0.15881418740074;6.0349391212282;0;17.787188988883;0.12352214575613;31.215810834657;0;10.075877889536;18.087171342862;github.com/GreenCharge/PMC.gridmix
ALL;20220102T120222;20210802T111500;20210802T113000;9.4618360886388;0;0;2.9370383397819;2.5501231093915;0;0;0;0;0;6.0675342947591;0;17.727752374253;0.12310939148786;32.20189940204;0;9.4090749208582;17.991558213155;github.com/GreenCharge/PMC.gridmix
ALL;20220102T120222;20210802T113000;20210802T114500;9.2678725236865;0;0;2.8768303186908;2.4978466838932;0;0;0;0;0.068906115417743;5.9086993970715;0;17.364341085271;0.12058570198105;32.592592592593;0;9.130060292851;18.673557278208;github.com/GreenCharge/PMC.gridmix
ALL;20220102T120222;20210802T114500;20210802T120000;9.2089526738425;0;0;2.853237655903;2.4602767811379;0;0;0;0;0.23919357594396;5.7235605672305;0;17.204852212541;0.11959678797198;33.452930121305;0;8.3034341363403;18.947548265847;github.com/GreenCharge/PMC.gridmix
ALL;20220102T120222;20210802T120000;20210802T121500;9.1139240506329;0;0;2.8185654008439;2.4135021097046;0;0;0;0;0.32067510548523;5.7215189873418;0;16.978902953586;0.11814345991561;34.075949367089;0;7.6793248945148;19.291139240506;github.com/GreenCharge/PMC.gridmix
ALL;20220102T120222;20210802T121500;20210802T123000;8.9520013286829;0;0;2.7736256435808;2.375020760671;0;0;0;0;0.31556219897027;5.3811659192825;0;16.724796545424;0.11625975751536;34.479322371699;0;7.3741903338316;20.063112439794;github.com/GreenCharge/PMC.gridmix
ALL;20220102T120222;20210802T123000;20210802T124500;8.8476690741957;0;0;2.7413000656599;2.3473407747866;0;0;0;0;0.16414970453053;5.3841103086014;0;16.546290216678;0.11490479317137;34.848982271832;0;7.4852265265923;20.091923834537;github.com/GreenCharge/PMC.gridmix
ALL;20220102T120222;20210802T124500;20210802T130000;8.8607594936709;0;0;2.7453559099129;2.3508137432188;0;0;0;0;0.1150747986191;5.3591977642611;0;16.554331744205;0.1150747986191;35.147131349663;0;7.5291796810784;19.792865362486;github.com/GreenCharge/PMC.gridmix
ALL;20220102T120222;20210802T130000;20210802T131500;8.9135108318174;0;0;2.7617000165371;2.3648089961965;0;0;0;0;0;5.6391599140069;0;16.685959980155;0.11575988093269;34.992558293369;0;6.7636844716388;20.324127666612;github.com/GreenCharge/PMC.gridmix
ALL;20220102T120222;20210802T131500;20210802T133000;8.9194108886315;0;0;2.6807876882343;2.366374317392;0;0;0;0;0;5.3946715207678;0;16.680456726791;0.11583650504716;35.346682111534;0;6.5364884990899;20.519609465497;github.com/GreenCharge/PMC.gridmix
ALL;20220102T120222;20210802T133000;20210802T134500;8.9773484343771;0;0;2.6982011992005;2.3484343770819;0;0;0;0;0;5.4297135243171;0;16.772151898734;0.1165889407062;35.143237841439;0;6.6455696202532;20.419720186542;github.com/GreenCharge/PMC.gridmix
ALL;20220102T120222;20210802T134500;20210802T140000;8.9592006661116;0;0;2.7310574521232;2.3313905079101;0;0;0;0;0;5.428809325562;0;16.752706078268;0.1165695253955;35.33721898418;0;6.7110741049126;20.183180682764;github.com/GreenCharge/PMC.gridmix
ALL;20220102T120222;20210802T140000;20210802T141500;9.0177673483071;0;0;2.5310090512906;2.3969158565203;0;0;0;0;0;5.4642976868924;0;16.895742541066;0.11733154542407;35.735836406302;0;6.1347636607442;20.248072410325;github.com/GreenCharge/PMC.gridmix
ALL;20220102T120222;20210802T141500;20210802T143000;8.9244089244089;0;0;2.5141525141525;2.3476523476523;0;0;0;0;0;5.4279054279054;0;16.783216783217;0.11655011655012;35.964035964036;0;5.6776556776557;20.795870795871;github.com/GreenCharge/PMC.gridmix
ALL;20220102T120222;20210802T143000;20210802T144500;8.8716339005452;0;0;2.4946307616058;2.296381959359;0;0;0;0;0;5.3857591277053;0;16.619857921692;0.11564513464398;35.536097802742;0;6.2117958037337;21.030893771683;github.com/GreenCharge/PMC.gridmix
ALL;20220102T120222;20210802T144500;20210802T150000;8.7405706789111;0;0;2.4762217120367;2.2630370613316;0;0;0;0;0;5.3460150869137;0;16.480813381437;0.11479173499508;35.14266972778;0;6.6743194489997;21.3348638898;github.com/GreenCharge/PMC.gridmix
ALL;20220102T120222;20210802T150000;20210802T151500;8.8293650793651;0;0;2.4636243386243;2.2321428571429;0;0;0;0;0;5.406746031746;0;16.534391534392;0.11574074074074;34.771825396825;0;6.9444444444444;21.263227513228;github.com/GreenCharge/PMC.gridmix
ALL;20220102T120222;20210802T151500;20210802T153000;9.0476998811747;0;0;2.5292819555254;2.2916313019861;0;0;0;0;0;5.5678153114921;0;16.907146494653;0.11882532676965;34.663045323375;0;6.416567645561;20.981157698184;github.com/GreenCharge/PMC.gridmix
