LOC;Time;Start;End;Biomass;Lignite;Coal;Gas;HardCoal;Oil;Shale;Peat;Geothermal;HydroPumped;Hydro;Marine;Nuclear;OtherRES;Solar;Waste;WindOffShore;WindOnShore;SwID
ALL;20220102T120220;20200501T000000;20200501T001500;12.149310508797;0;0;3.3761293390395;2.5439847836424;0;0;0;0;1.4978601997147;5.9438896814075;0;15.168806466952;0.07132667617689;0;0;23.347598668569;35.378031383738;github.com/GreenCharge/PMC.gridmix
ALL;20220102T120220;20200501T001500;20200501T003000;12.422360248447;0;0;3.3444816053512;2.5322503583373;0;0;0;0;1.4333492594362;5.9006211180124;0;15.312947921644;0.071667462971811;0;0;22.885809842332;35.570950788342;github.com/GreenCharge/PMC.gridmix
ALL;20220102T120220;20200501T003000;20200501T004500;12.750856583456;0;0;3.3529123837494;2.5942241801273;0;0;0;0;2.3494860499266;6.0205580029369;0;15.614292706804;0.073421439060206;0;0;20.631424375918;36.074400391581;github.com/GreenCharge/PMC.gridmix
ALL;20220102T120220;20200501T004500;20200501T010000;13.114343029087;0;0;3.0842527582748;2.6328986960883;0;0;0;0;0.7271815446339;6.1434302908726;0;15.972918756269;0.075225677031093;0;0;20.661985957874;37.036108324975;github.com/GreenCharge/PMC.gridmix
ALL;20220102T120220;20200501T010000;20200501T011500;12.632594021215;0;0;2.6518804243009;2.4108003857281;0;0;0;0;2.579556412729;5.930568948891;0;15.42912246866;0.072324011571842;0;0;21.070395371263;36.692381870781;github.com/GreenCharge/PMC.gridmix
ALL;20220102T120220;20200501T011500;20200501T013000;12.411514865503;0;0;2.5955639452572;2.3360075507315;0;0;0;0;3.1146767343086;5.8046248230297;0;15.077866918358;0.070788107597924;0;0;21.189240207645;36.92779613025;github.com/GreenCharge/PMC.gridmix
ALL;20220102T120220;20200501T013000;20200501T014500;12.622990160787;0;0;2.6397888168946;2.3518118550516;0;0;0;0;3.4077273818095;5.879529637629;0;15.286777057835;0.071994240460763;0;0;20.110391168707;37.149028077754;github.com/GreenCharge/PMC.gridmix
ALL;20220102T120220;20200501T014500;20200501T020000;12.866650234163;0;0;2.7113630761647;2.3909292580725;0;0;0;0;3.179689425684;6.0389450332758;0;15.651959576041;0.073946265713581;0;0;18.609810204585;37.983731821543;github.com/GreenCharge/PMC.gridmix
ALL;20220102T120220;20200501T020000;20200501T021500;13.247863247863;0;0;2.7400703871292;2.4384112619407;0;0;0;0;3.1674208144796;6.2091503267974;0;15.987933634992;0.075414781297134;0;0;16.49069884364;39.140271493213;github.com/GreenCharge/PMC.gridmix
ALL;20220102T120220;20200501T021500;20200501T023000;13.839285714286;0;0;2.8886554621849;2.547268907563;0;0;0;0;0.86659663865546;6.5913865546218;0;16.701680672269;0.078781512605042;0;0;14.915966386555;41.045168067227;github.com/GreenCharge/PMC.gridmix
ALL;20220102T120220;20200501T023000;20200501T024500;13.813025210084;0;0;2.8886554621849;2.5735294117647;0;0;0;0;0.65651260504202;6.5126050420168;0;16.675420168067;0.078781512605042;0;0;14.338235294118;41.938025210084;github.com/GreenCharge/PMC.gridmix
ALL;20220102T120220;20200501T024500;20200501T030000;13.517786561265;0;0;2.8985507246377;2.5823451910408;0;0;0;0;1.0803689064559;6.6666666666667;0;16.785243741765;0.079051383399209;0;0;13.886693017128;41.97628458498;github.com/GreenCharge/PMC.gridmix
ALL;20220102T120220;20200501T030000;20200501T031500;13.433221389822;0;0;2.8158098682511;2.5316455696203;0;0;0;0;1.6791526737277;6.5357788685094;0;16.636528028933;0.077499354172049;0;0;13.691552570395;42.082149315422;github.com/GreenCharge/PMC.gridmix
ALL;20220102T120220;20200501T031500;20200501T033000;13.449245717208;0;0;2.8125799028381;2.5057530043467;0;0;0;0;1.4062899514191;6.4433648683201;0;16.440807977499;0.076706724622859;0;0;14.881104576835;41.472769112759;github.com/GreenCharge/PMC.gridmix
ALL;20220102T120220;20200501T033000;20200501T034500;13.138138138138;0;0;2.7527527527528;2.4274274274274;0;0;0;0;1.2012012012012;6.1811811811812;0;16.091091091091;0.075075075075075;0;0;17.192192192192;40.44044044044;github.com/GreenCharge/PMC.gridmix
ALL;20220102T120220;20200501T034500;20200501T040000;13.142713819915;0;0;2.7589666415852;2.4329069475796;0;0;0;0;0.32605969400552;6.2452972159518;0;16.002006521194;0.075244544770504;0;0;17.782794080762;40.732380235766;github.com/GreenCharge/PMC.gridmix
ALL;20220102T120220;20200501T040000;20200501T041500;13.161193281524;0;0;2.8327901729757;2.431687139634;0;0;0;0;0.35096515417398;6.2170970167962;0;15.868638756581;0.075206818751567;0;0;17.573326648283;40.987716219604;github.com/GreenCharge/PMC.gridmix
ALL;20220102T120220;20200501T041500;20200501T043000;13.094349016679;0;0;2.8130445606174;2.3898431665422;0;0;0;0;0.37341299477222;6.1488673139159;0;15.733134179736;0.074682598954444;0;0;18.620861339308;40.253920836445;github.com/GreenCharge/PMC.gridmix
ALL;20220102T120220;20200501T043000;20200501T044500;12.754114230397;0;0;2.7347531461762;2.2991287512101;0;0;0;0;0.29041626331075;5.9293320425944;0;15.150048402711;0.072604065827686;0;0;21.829622458858;38.455953533398;github.com/GreenCharge/PMC.gridmix
ALL;20220102T120220;20200501T044500;20200501T050000;12.662807525326;0;0;2.7255185721177;2.2672455378678;0;0;0;0;0.28943560057887;5.9093101784853;0;15.050651230101;0.072358900144718;0;0;23.371924746744;37.168355041003;github.com/GreenCharge/PMC.gridmix
ALL;20220102T120220;20200501T050000;20200501T051500;13.029477334654;0;0;2.823879118157;2.3284617290067;0;0;0;0;0.32202130294773;6.1184047560069;0;15.382709933119;0.074312608372554;0;0;21.724052514243;37.701263314342;github.com/GreenCharge/PMC.gridmix
ALL;20220102T120220;20200501T051500;20200501T053000;13.464991023339;0;0;2.9238266222108;2.359579379328;0;0;0;0;0.35906642728905;6.3862528853552;0;15.978456014363;0.076942805847653;0;0;19.184406258015;38.753526545268;github.com/GreenCharge/PMC.gridmix
ALL;20220102T120220;20200501T053000;20200501T054500;13.551884357253;0;0;2.9426948890036;2.3489932885906;0;0;0;0;0.36138358286009;6.4016520392359;0;16.055756324213;0.077439339184306;0;0;19.101703665462;38.642230252969;github.com/GreenCharge/PMC.gridmix
ALL;20220102T120220;20200501T054500;20200501T060000;13.470437017995;0;0;2.853470437018;2.3136246786632;0;0;0;0;0.30848329048843;6.3753213367609;0;15.449871465296;0.077120822622108;0.025706940874036;0;20.12853470437;38.483290488432;github.com/GreenCharge/PMC.gridmix
ALL;20220102T120220;20200501T060000;20200501T061500;13.343519225872;0;0;2.8775146422205;2.113572701808;0;0;0;0;0.38197097020626;6.340718105424;0;15.304303539598;0.076394194041253;0.22918258212376;0;20.34632034632;38.477209065444;github.com/GreenCharge/PMC.gridmix
ALL;20220102T120220;20200501T061500;20200501T063000;13.253928028383;0;0;2.863659401926;2.0780537252914;0;0;0;0;0.35478966041561;6.3101875316776;0;15.179929042068;0.076026355803345;1.0390268626457;0;21.109984794729;37.227572225038;github.com/GreenCharge/PMC.gridmix
ALL;20220102T120220;20200501T063000;20200501T064500;12.878601329722;0;0;2.7825658704753;1.9699581383896;0;0;0;0;0.41861610440778;6.1314947057375;0;14.725437084462;0.073873430189608;2.2408273824181;0;22.112780103423;36.173356316178;github.com/GreenCharge/PMC.gridmix
ALL;20220102T120220;20200501T064500;20200501T070000;12.545322697607;0;0;2.7314479091129;1.90959632584;0;0;0;0;0.36258158085569;6.0188542422045;0;14.285714285714;0.072516316171139;3.7466763355088;0;22.455885907663;35.387962291516;github.com/GreenCharge/PMC.gridmix
ALL;20220102T120220;20200501T070000;20200501T071500;12.263257575758;0;0;2.6751893939394;1.8939393939394;0;0;0;0;1.1837121212121;5.8712121212121;0;14.346590909091;0.071022727272727;5.3267045454545;0;21.235795454545;34.659090909091;github.com/GreenCharge/PMC.gridmix
ALL;20220102T120220;20200501T071500;20200501T073000;12.187647336162;0;0;2.6638378123527;1.9094766619519;0;0;0;0;0.77793493635078;5.8462989156058;0;14.662894860915;0.070721357850071;7.3785950023574;0;19.071192833569;34.959924563885;github.com/GreenCharge/PMC.gridmix
ALL;20220102T120220;20200501T073000;20200501T074500;12.133302041774;0;0;2.6519596338888;1.9009622154424;0;0;0;0;0.65712274114058;5.8436986622858;0;14.386294297113;0.070406007979348;9.3874677305797;0;17.460689978878;35.038723304389;github.com/GreenCharge/PMC.gridmix
ALL;20220102T120220;20200501T074500;20200501T080000;11.996273002562;0;0;2.632191940368;1.8634987188446;0;0;0;0;0.95504309340787;5.846727230375;0;14.232471465176;0.069881201956674;11.507104588866;0;15.816445376194;34.614488702539;github.com/GreenCharge/PMC.gridmix
ALL;20220102T120220;20200501T080000;20200501T081500;11.712732215677;0;0;2.5600362483009;1.8350702310829;0;0;0;0;1.0647938377889;5.6864521975532;0;14.227458087902;0.067965564114182;13.729043951065;0;15.201631173539;33.461712732216;github.com/GreenCharge/PMC.gridmix
ALL;20220102T120220;20200501T081500;20200501T083000;11.217391304348;0;0;2.4565217391304;1.7391304347826;0;0;0;0;1.0217391304348;5.4347826086957;0;13.130434782609;0.065217391304348;15.652173913043;0;16.173913043478;32.673913043478;github.com/GreenCharge/PMC.gridmix
ALL;20220102T120220;20200501T083000;20200501T084500;10.903691132796;0;0;2.3971149766653;1.7182859567247;0;0;0;0;0.99703012303776;5.303351718286;0;11.794654221468;0.063640220619431;17.755621552821;0;15.634280865507;33.008061094612;github.com/GreenCharge/PMC.gridmix
ALL;20220102T120220;20200501T084500;20200501T090000;10.620203277328;0;0;2.3439120514416;1.6801493466086;0;0;0;0;0.24891101431238;5.185646131508;0;10.806886538063;0.062227753578096;20.058079236673;0;14.872433105165;33.706699854802;github.com/GreenCharge/PMC.gridmix
ALL;20220102T120220;20200501T090000;20200501T091500;10.339256865913;0;0;2.1607431340872;1.5953150242326;0;0;0;0;0.74717285945073;5.0888529886914;0;10.702746365105;0.060581583198708;21.526655896607;0;14.458804523425;32.915993537964;github.com/GreenCharge/PMC.gridmix
ALL;20220102T120220;20200501T091500;20200501T093000;10.248696349779;0;0;2.1460088247092;1.5844364219815;0;0;0;0;0;5.0340954673085;0;10.3088648215;0.060168471720818;23.144805455275;0;14.68110709988;32.390693943041;github.com/GreenCharge/PMC.gridmix
ALL;20220102T120220;20200501T093000;20200501T094500;10.191463901077;0;0;2.1340247307539;1.5755883526127;0;0;0;0;0;5.0059832469087;0;9.652971679298;0.059832469086558;24.291982449142;0;14.359792580774;32.329477463103;github.com/GreenCharge/PMC.gridmix
ALL;20220102T120220;20200501T094500;20200501T100000;10.031471282455;0;0;2.1046420141621;1.5538945712038;0;0;0;0;0;4.9763965381589;0;9.26435877262;0.059008654602675;25.059008654603;0;13.788355625492;32.769472856019;github.com/GreenCharge/PMC.gridmix
ALL;20220102T120220;20200501T100000;20200501T101500;9.75469528555;0;0;2.0122652357225;1.513990034496;0;0;0;0;0;4.8677654273668;0;9.0647757761594;0.057493292449214;25.680337293982;0;13.855883480261;32.809505557685;github.com/GreenCharge/PMC.gridmix
ALL;20220102T120220;20200501T101500;20200501T103000;9.7640514099367;0;0;2.0141952810282;1.4962593516209;0;0;0;0;0;4.8724342988682;0;9.4954920391329;0.057548436600806;26.683291770574;0;13.370420103587;31.862651064646;github.com/GreenCharge/PMC.gridmix
ALL;20220102T120220;20200501T103000;20200501T104500;9.6110271903323;0;0;1.9826283987915;1.4916918429003;0;0;0;0;0;4.7960725075529;0;9.8187311178248;0.056646525679758;27.926737160121;0;12.330060422961;31.608761329305;github.com/GreenCharge/PMC.gridmix
ALL;20220102T120220;20200501T104500;20200501T110000;9.526483249111;0;0;1.9839041736852;1.4598540145985;0;0;0;0;0;4.7913157402208;0;9.9008047913157;0.056148231330713;28.822758749766;0;12.427475201198;30.656934306569;github.com/GreenCharge/PMC.gridmix
ALL;20220102T120220;20200501T110000;20200501T111500;9.4715295868999;0;0;1.9352437662821;1.4514328247116;0;0;0;0;0;4.7822850762933;0;10.997394864161;0.055824339411984;29.289170078154;0;11.406773353182;30.238183848158;github.com/GreenCharge/PMC.gridmix
ALL;20220102T120220;20200501T111500;20200501T113000;9.519356648588;0;0;1.963717972695;1.4587619225734;0;0;0;0;0;4.8625397419114;0;11.726201608379;0.056106227791285;29.493173742285;0;10.080418926501;30.465681690668;github.com/GreenCharge/PMC.gridmix
ALL;20220102T120220;20200501T113000;20200501T114500;9.730453068247;0;0;2.0072643853948;1.4911106862933;0;0;0;0;0.24851844771554;5.2188874020264;0;12.234754349073;0.057350411011279;30.376601032307;0;9.2716497801568;28.981074364366;github.com/GreenCharge/PMC.gridmix
ALL;20220102T120220;20200501T114500;20200501T120000;9.6419776472817;0;0;1.9890130706573;1.970070089032;0;0;0;0;0.56828944875923;5.1903769653343;0;12.331881038075;0.056828944875923;30.498200416746;0;8.3917408600114;28.547073309339;github.com/GreenCharge/PMC.gridmix
ALL;20220102T120220;20200501T120000;20200501T121500;9.6335474121647;0;0;1.9833774083869;2.2100491122025;0;0;0;0;0.66112580279562;4.9867774839441;0;12.485833018512;0.05666792595391;30.959576879486;0;8.5379675103891;27.880619569324;github.com/GreenCharge/PMC.gridmix
ALL;20220102T120220;20200501T121500;20200501T123000;9.6401515151515;0;0;1.9886363636364;2.5;0;0;0;0;0.53030303030303;5.1893939393939;0;12.310606060606;0.056818181818182;30.852272727273;0;8.8068181818182;27.746212121212;github.com/GreenCharge/PMC.gridmix
ALL;20220102T120220;20200501T123000;20200501T124500;9.4426957970746;0;0;1.9440844288095;2.8698389187188;0;0;0;0;0;4.9435289761155;0;11.960748009628;0.055545269394557;32.54952786521;0;8.6465469357526;27.217182003333;github.com/GreenCharge/PMC.gridmix
ALL;20220102T120220;20200501T124500;20200501T130000;9.3248175182482;0;0;1.9160583941606;3.0474452554745;0;0;0;0;0;4.6897810218978;0;11.240875912409;0.054744525547445;32.445255474453;0;10.638686131387;26.277372262774;github.com/GreenCharge/PMC.gridmix
ALL;20220102T120220;20200501T130000;20200501T131500;9.2102896204353;0;0;1.8888289260658;3.3099478323439;0;0;0;0;0;4.6950890447922;0;10.649397373628;0.053966540744738;32.523835222162;0;11.872638963842;25.436229537687;github.com/GreenCharge/PMC.gridmix
ALL;20220102T120220;20200501T131500;20200501T133000;9.4499815430048;0;0;1.937984496124;3.6360280546327;0;0;0;0;0;5.0018456995201;0;10.834256183093;0.055370985603544;32.761166482097;0;11.037283130306;24.916943521595;github.com/GreenCharge/PMC.gridmix
ALL;20220102T120220;20200501T133000;20200501T134500;9.6150234741784;0;0;1.9718309859155;4.037558685446;0;0;0;0;0;5.1455399061033;0;11.380281690141;0.056338028169014;32.18779342723;0;10.516431924883;24.713615023474;github.com/GreenCharge/PMC.gridmix
ALL;20220102T120220;20200501T134500;20200501T140000;9.7807435653003;0;0;2.001906577693;4.1944709246902;0;0;0;0;0.62917063870353;5.2621544327931;0;12.068636796949;0.05719733079123;32.183031458532;0;8.141086749285;25.300285986654;github.com/GreenCharge/PMC.gridmix
ALL;20220102T120220;20200501T140000;20200501T141500;9.988363072149;0;0;1.9976726144298;4.1505042668735;0;0;0;0;0.67882079131109;5.33359193173;0;12.529092319628;0.058184639255237;32.253685027153;0;5.8960434445306;26.726144297905;github.com/GreenCharge/PMC.gridmix
ALL;20220102T120220;20200501T141500;20200501T143000;10.209734863474;0;0;2.0379897111199;4.3529877324891;0;0;0;0;0.69252077562327;5.4610209734863;0;12.742382271468;0.059358923624852;31.519588444796;0;4.8476454293629;27.681044717056;github.com/GreenCharge/PMC.gridmix
ALL;20220102T120220;20200501T143000;20200501T144500;10.402414486922;0;0;2.0724346076459;4.6277665995976;0;0;0;0;0.70422535211268;5.5533199195171;0;12.957746478873;0.060362173038229;30.120724346076;0;5.1106639839034;27.987927565392;github.com/GreenCharge/PMC.gridmix
ALL;20220102T120220;20200501T144500;20200501T150000;10.794509151414;0;0;2.1422628951747;4.8460898502496;0;0;0;0;0.7279534109817;5.6988352745424;0;13.394342762063;0.062396006655574;29.388519134775;0;5.8236272878536;26.705490848586;github.com/GreenCharge/PMC.gridmix
ALL;20220102T120220;20200501T150000;20200501T151500;11.386030216772;0;0;2.2991022553098;4.7952704182176;0;0;0;0;0.021896211955332;5.9338734398949;0;13.356689292752;0.065688635865995;30.238668710313;0;4.685789358441;26.779067221371;github.com/GreenCharge/PMC.gridmix
ALL;20220102T120220;20200501T151500;20200501T153000;11.67489896722;0;0;2.3574315222272;4.4678940278401;0;0;0;0;0;6.1517736865739;0;14.12213740458;0.067355186349349;29.591378536147;0;3.7494387067804;27.368657386619;github.com/GreenCharge/PMC.gridmix
ALL;20220102T120220;20200501T153000;20200501T154500;12.08740120874;0;0;2.4407252440725;4.3933054393305;0;0;0;0;0;6.4621106462111;0;14.66759646676;0.069735006973501;27.777777777778;0;3.2310553231055;28.405392840539;github.com/GreenCharge/PMC.gridmix
ALL;20220102T120220;20200501T154500;20200501T160000;12.479001679866;0;0;2.5197984161267;4.4636429085673;0;0;0;0;0;6.6714662826974;0;15.166786657067;0.071994240460763;26.157907367411;0;3.0237580993521;28.96568274538;github.com/GreenCharge/PMC.gridmix
ALL;20220102T120220;20200501T160000;20200501T161500;12.89603960396;0;0;2.5990099009901;4.4306930693069;0;0;0;0;0;6.5346534653465;0;15.915841584158;0.074257425742574;25.222772277228;0;2.7970297029703;29.034653465347;github.com/GreenCharge/PMC.gridmix
ALL;20220102T120220;20200501T161500;20200501T163000;13.267125031831;0;0;2.6737967914439;4.6345811051693;0;0;0;0;0;6.6972243442832;0;16.399286987522;0.076394194041253;23.172905525847;0;2.7756557168322;29.793735676089;github.com/GreenCharge/PMC.gridmix
ALL;20220102T120220;20200501T163000;20200501T164500;13.445161290323;0;0;2.7096774193548;4.6451612903226;0;0;0;0;0.025806451612903;6.8129032258065;0;16.645161290323;0.07741935483871;21.161290322581;0;3.0451612903226;30.916129032258;github.com/GreenCharge/PMC.gridmix
ALL;20220102T120220;20200501T164500;20200501T170000;13.827814569536;0;0;2.7814569536424;4.7417218543046;0;0;0;0;1.0596026490066;6.9933774834437;0;17.192052980132;0.079470198675497;19.311258278146;0;2.9139072847682;30.569536423841;github.com/GreenCharge/PMC.gridmix
ALL;20220102T120220;20200501T170000;20200501T171500;14.30133989609;0;0;2.8712059064807;4.9767569045666;0;0;0;0;1.4219305441619;7.1643423571233;0;17.938200710965;0.082034454470878;17.910855892808;0;2.7891714520098;29.997265518184;github.com/GreenCharge/PMC.gridmix
ALL;20220102T120220;20200501T171500;20200501T173000;15.256709451575;0;0;3.0630105017503;5.3092182030338;0;0;0;0;0.37922987164527;7.5554259043174;0;19.136522753792;0.087514585764294;17.094515752625;0;2.683780630105;28.850641773629;github.com/GreenCharge/PMC.gridmix
ALL;20220102T120220;20200501T173000;20200501T174500;15.496296296296;0;0;3.1111111111111;5.362962962963;0;0;0;0;1.2148148148148;7.7037037037037;0;19.466666666667;0.088888888888889;15.733333333333;0;2.9333333333333;28.296296296296;github.com/GreenCharge/PMC.gridmix
ALL;20220102T120220;20200501T174500;20200501T180000;15.698022768125;0;0;3.1755542240863;5.4224086279209;0;0;0;0;1.6776512881965;7.8490113840623;0;19.652486518874;0.089874176153385;14.26003594967;0;2.9958058717795;28.579988016777;github.com/GreenCharge/PMC.gridmix
ALL;20220102T120220;20200501T180000;20200501T181500;16.431483223581;0;0;3.8883662590154;5.7384760112888;0;0;0;0;0.75258701787394;8.0903104421449;0;20.131702728128;0.094073377234243;12.982126058325;0;3.2925682031985;27.908435246159;github.com/GreenCharge/PMC.gridmix
ALL;20220102T120220;20200501T181500;20200501T183000;16.524755597603;0;0;3.9419741406496;5.7395143487859;0;0;0;0;2.4597918637654;8.1046988331757;0;20.277514979502;0.094607379375591;11.415957111321;0;3.5635446231473;27.18385367392;github.com/GreenCharge/PMC.gridmix
ALL;20220102T120220;20200501T183000;20200501T184500;15.84517689749;0;0;4.5660719685516;5.5639552464469;0;0;0;0;6.6223162987602;7.7713940127003;0;19.5947989114;0.090716661626852;9.6159661324463;0;3.5077109162383;26.156637435742;github.com/GreenCharge/PMC.gridmix
ALL;20220102T120220;20200501T184500;20200501T190000;15.941588074232;0;0;5.1414663827198;5.7195010648007;0;0;0;0;6.2671128688774;7.7882567690904;0;19.71402494676;0.091268634012778;8.1533313051415;0;4.0766656525707;26.437480985701;github.com/GreenCharge/PMC.gridmix
ALL;20220102T120220;20200501T190000;20200501T191500;16.979301423027;0;0;5.8538163001294;6.0478654592497;0;0;0;0;2.1992238033635;8.2470892626132;0;20.924967658473;0.097024579560155;6.9210866752911;0;4.7218628719276;27.296248382924;github.com/GreenCharge/PMC.gridmix
ALL;20220102T120220;20200501T191500;20200501T193000;17.319723411261;0;0;5.9598287783997;6.1573921633191;0;0;0;0;3.3585775436286;8.3635166282516;0;21.303918340468;0.098781692459664;5.5317747777412;0;4.8732301613434;26.308857425091;github.com/GreenCharge/PMC.gridmix
ALL;20220102T120220;20200501T193000;20200501T194500;17.000646412411;0;0;5.8500323206206;6.043956043956;0;0;0;0;8.3063994828701;8.1771170006464;0;20.943762120233;0.096961861667744;4.2340012928248;0;4.5248868778281;24.111182934712;github.com/GreenCharge/PMC.gridmix
ALL;20220102T120220;20200501T194500;20200501T200000;17.219848833388;0;0;5.9480775550444;6.1123890897141;0;0;0;0;9.9901413079198;8.2813013473546;0;21.459086427867;0.09858692080184;2.6618468616497;0;4.4035491291489;23.102201774565;github.com/GreenCharge/PMC.gridmix
ALL;20220102T120220;20200501T200000;20200501T201500;17.495826377295;0;0;6.0767946577629;6.2437395659432;0;0;0;0;9.3823038397329;8.4474123539232;0;22.537562604341;0.10016694490818;1.4691151919866;0;4.2404006677796;23.272120200334;github.com/GreenCharge/PMC.gridmix
ALL;20220102T120220;20200501T201500;20200501T203000;17.532685216225;0;0;6.1012403620516;6.3023801542072;0;0;0;0;10.157559503855;8.615487763996;0;22.829366409655;0.10056989607777;0.56989607777405;0;4.3245055313443;22.728796513577;github.com/GreenCharge/PMC.gridmix
ALL;20220102T120220;20200501T203000;20200501T204500;17.52508361204;0;0;6.0869565217391;6.2541806020067;0;0;0;0;11.204013377926;8.494983277592;0;22.775919732441;0.10033444816054;0.16722408026756;0;4.3478260869565;22.307692307692;github.com/GreenCharge/PMC.gridmix
ALL;20220102T120220;20200501T204500;20200501T210000;17.749064943897;0;0;6.1883713022781;6.3583815028902;0;0;0;0;10.302618157089;8.5345120707242;0;23.053383202992;0.10200612036722;0.034002040122407;0;4.8622917375043;22.067324039442;github.com/GreenCharge/PMC.gridmix
ALL;20220102T120220;20200501T210000;20200501T211500;17.990331491713;0;0;6.3881215469613;6.4917127071823;0;0;0;0;8.9779005524862;8.6671270718232;0;23.308011049724;0.10359116022099;0;0;5.0759668508287;22.237569060773;github.com/GreenCharge/PMC.gridmix
ALL;20220102T120220;20200501T211500;20200501T213000;18.191340782123;0;0;6.4594972067039;6.5642458100559;0;0;0;0;8.3449720670391;8.7639664804469;0;23.219273743017;0.10474860335196;0;0;4.9581005586592;22.625698324022;github.com/GreenCharge/PMC.gridmix
ALL;20220102T120220;20200501T213000;20200501T214500;18.285307719673;0;0;6.5812877979367;6.6524368552117;0;0;0;0;7.0437566702241;8.8580576307364;0;22.909996442547;0.10672358591249;0;0;4.6958377801494;24.083955887584;github.com/GreenCharge/PMC.gridmix
ALL;20220102T120220;20200501T214500;20200501T220000;19.144227222427;0;0;6.7133898930284;6.8609369236444;0;0;0;0;2.5082995204722;9.1479158981925;0;23.459977867945;0.11066027296201;0;0;4.3895241608263;26.853559572114;github.com/GreenCharge/PMC.gridmix
ALL;20220102T120220;20200501T220000;20200501T221500;17.47311827957;0;0;6.2163978494624;6.3508064516129;0;0;0;0;7.3252688172043;8.366935483871;0;21.606182795699;0.1008064516129;0;0;3.6626344086022;28.158602150538;github.com/GreenCharge/PMC.gridmix
ALL;20220102T120220;20200501T221500;20200501T223000;17.502524402558;0;0;5.9912487377987;6.2941770447661;0;0;0;0;5.2507573207674;8.3136990912151;0;21.339616290811;0.10097610232245;0;0;3.9380679905756;30.528441602154;github.com/GreenCharge/PMC.gridmix
ALL;20220102T120220;20200501T223000;20200501T224500;18.055071453468;0;0;6.2391077030324;6.4830951551063;0;0;0;0;0.62739630533287;8.5744161728825;0;21.087486929244;0.10456605088881;0;0;4.5311955385152;33.530846985012;github.com/GreenCharge/PMC.gridmix
ALL;20220102T120220;20200501T224500;20200501T230000;17.555178268251;0;0;5.9083191850594;6.3497453310696;0;0;0;0;0.44142614601019;8.3191850594228;0;20.611205432937;0.1018675721562;0;0;5.2292020373514;34.736842105263;github.com/GreenCharge/PMC.gridmix
ALL;20220102T120220;20200501T230000;20200501T231500;16.080870917574;0;0;4.945567651633;5.8164852255054;0;0;0;0;6.9362363919129;7.651632970451;0;19.844479004666;0.093312597200622;0;0;5.194401244168;32.752721617418;github.com/GreenCharge/PMC.gridmix
ALL;20220102T120220;20200501T231500;20200501T233000;16.763942931258;0;0;4.8962386511025;6.0959792477302;0;0;0;0;0.77821011673152;7.8793774319066;0;20.91439688716;0.09727626459144;0;0;6.485084306096;35.376134889754;github.com/GreenCharge/PMC.gridmix
ALL;20220102T120220;20200501T233000;20200501T234500;16.829109811566;0;0;4.9382716049383;6.0753736192333;0;0;0;0;0.16244314489929;7.9272254710851;0;20.987654320988;0.097465886939571;0;0;7.0175438596491;35.250162443145;github.com/GreenCharge/PMC.gridmix
ALL;20220102T120220;20200501T234500;20200502T000000;16.470213443772;0;0;4.8741637464161;5.8935966868429;0;0;0;0;0;7.7094616119783;0;20.420516087926;0.095571838165021;0;0;7.5501752150366;36.28544122332;github.com/GreenCharge/PMC.gridmix
ALL;20220102T120220;20200502T000000;20200502T001500;16.238244514107;0;0;4.6081504702194;5.9247648902821;0;0;0;0;0;7.6489028213166;0;19.811912225705;0.094043887147335;0;0;7.9937304075235;36.959247648903;github.com/GreenCharge/PMC.gridmix
ALL;20220102T120220;20200502T001500;20200502T003000;16.17326269866;0;0;4.6120286693674;5.8273605484575;0;0;0;0;0;7.5412901215332;0;19.725771268308;0.093487067622312;0;0;8.4138360860081;36.896229354939;github.com/GreenCharge/PMC.gridmix
ALL;20220102T120220;20200502T003000;20200502T004500;16.128029832194;0;0;4.6302050963331;5.811062771908;0;0;0;0;0;7.5201988812927;0;19.484151646986;0.093225605966439;0;0;8.5456805469236;37.072715972654;github.com/GreenCharge/PMC.gridmix
ALL;20220102T120220;20200502T004500;20200502T010000;15.950920245399;0;0;4.079754601227;5.7668711656442;0;0;0;0;0;7.4233128834356;0;18.957055214724;0.092024539877301;0;0;8.159509202454;38.865030674847;github.com/GreenCharge/PMC.gridmix
ALL;20220102T120220;20200502T010000;20200502T011500;15.986498926051;0;0;3.4366370052163;5.5845351334765;0;0;0;0;0;7.4869591899356;0;18.96287204664;0.092052776925437;0;0;7.1801166001841;40.656643142068;github.com/GreenCharge/PMC.gridmix
ALL;20220102T120220;20200502T011500;20200502T013000;16.034535923528;0;0;3.4535923527598;5.5812519272279;0;0;0;0;0;7.4622263336417;0;18.686401480111;0.092506938020352;0;0;6.2596361393771;41.813135985199;github.com/GreenCharge/PMC.gridmix
ALL;20220102T120220;20200502T013000;20200502T014500;16.286339481088;0;0;3.5323538605814;5.6267583619881;0;0;0;0;0;7.5336042513285;0;18.755861206627;0.093779306033135;0;0;6.720850265708;40.825257893092;github.com/GreenCharge/PMC.gridmix
ALL;20220102T120220;20200502T014500;20200502T020000;16.337409846347;0;0;3.5434305424898;5.6444026340546;0;0;0;0;0;7.5572279711508;0;18.877391031671;0.094073377234243;0;0;7.4631545939166;39.855754154907;github.com/GreenCharge/PMC.gridmix
ALL;20220102T120220;20200502T020000;20200502T021500;16.020910209102;0;0;3.5055350553506;5.6273062730627;0;0;0;0;0;7.4723247232472;0;18.757687576876;0.092250922509225;0;0;7.2878228782288;40.621156211562;github.com/GreenCharge/PMC.gridmix
ALL;20220102T120220;20200502T021500;20200502T023000;15.724221348654;0;0;3.4472331418204;5.503477472029;0;0;0;0;0;7.2573329301482;0;18.838826731176;0.090716661626852;0;0;7.1666162685213;41.366797701845;github.com/GreenCharge/PMC.gridmix
ALL;20220102T120220;20200502T023000;20200502T024500;15.594133492966;0;0;3.4121520502843;5.3576773421131;0;0;0;0;0;7.1834780005986;0;18.826698593236;0.089793475007483;0;0;7.6623765339719;41.275067345106;github.com/GreenCharge/PMC.gridmix
ALL;20220102T120220;20200502T024500;20200502T030000;15.49463647199;0;0;3.3671036948749;5.3933253873659;0;0;0;0;0;7.1215733015495;0;19.010727056019;0.089392133492253;0;0;8.1644815256257;40.762812872467;github.com/GreenCharge/PMC.gridmix
ALL;20220102T120220;20200502T030000;20200502T031500;15.51980935359;0;0;3.3661006851355;5.4215072981829;0;0;0;0;0;7.1194518915699;0;18.97527554364;0.089365504915103;0;0;8.2216264521895;40.69109323801;github.com/GreenCharge/PMC.gridmix
ALL;20220102T120220;20200502T031500;20200502T033000;16.027018728892;0;0;3.4694504144919;5.5572612833896;0;0;0;0;0;7.3380411421554;0;19.220141234265;0.092109303039607;0;0;8.1670248695118;39.514891003991;github.com/GreenCharge/PMC.gridmix
ALL;20220102T120220;20200502T033000;20200502T034500;16.155988857939;0;0;3.4973692355308;5.6019808108945;0;0;0;0;0;7.3970906839988;0;19.220055710306;0.092850510677809;0;0;7.6446920458063;39.770968740328;github.com/GreenCharge/PMC.gridmix
ALL;20220102T120220;20200502T034500;20200502T040000;16.132017273288;0;0;3.4855027760642;5.5521283158544;0;0;0;0;0;7.3719925971622;0;19.093152375077;0.092535471930907;0;0;7.3103022825416;40.345465761875;github.com/GreenCharge/PMC.gridmix
ALL;20220102T120220;20200502T040000;20200502T041500;16.368767638758;0;0;3.7002195045469;5.675760426466;0;0;0;0;0;7.5258701787394;0;19.598620257134;0.094073377234243;0;0;7.0241455001568;39.385387268736;github.com/GreenCharge/PMC.gridmix
ALL;20220102T120220;20200502T041500;20200502T043000;16.323345817728;0;0;3.6828963795256;5.6803995006242;0;0;0;0;0;7.4594257178527;0;19.444444444444;0.093632958801498;0;0;6.4294631710362;40.262172284644;github.com/GreenCharge/PMC.gridmix
ALL;20220102T120220;20200502T043000;20200502T044500;16.379580331976;0;0;3.7269025994363;5.6999686814908;0;0;0;0;0;7.4538051988725;0;19.166927654244;0.093955527716881;0;0;5.9818352646414;40.870654556843;github.com/GreenCharge/PMC.gridmix
ALL;20220102T120220;20200502T044500;20200502T050000;16.44094488189;0;0;3.748031496063;5.7007874015748;0;0;0;0;0;7.5275590551181;0;19.244094488189;0.094488188976378;0;0;5.7007874015748;40.913385826772;github.com/GreenCharge/PMC.gridmix
ALL;20220102T120220;20200502T050000;20200502T051500;16.587225929457;0;0;3.87670797585;5.783285668891;0;0;0;0;0;7.5627581823959;0;19.415316174134;0.09532888465205;0;0;5.3384175405148;40.705433746425;github.com/GreenCharge/PMC.gridmix
ALL;20220102T120220;20200502T051500;20200502T053000;16.560913705584;0;0;3.8705583756345;5.8058375634518;0;0;0;0;0;7.5190355329949;0;20.11421319797;0.095177664974619;0;0;5.0126903553299;40.387055837563;github.com/GreenCharge/PMC.gridmix
ALL;20220102T120220;20200502T053000;20200502T054500;16.545166402536;0;0;3.8668779714739;5.8003169572108;0;0;0;0;0;7.5118858954041;0;20.190174326466;0.095087163232964;0;0;4.9445324881141;40.41204437401;github.com/GreenCharge/PMC.gridmix
ALL;20220102T120220;20200502T054500;20200502T060000;16.624122527122;0;0;3.8608806636886;5.8710912571793;0;0;0;0;0;7.5622208040842;0;20.325462667518;0.09572431397575;0.031908104658583;0;4.6266751754946;40.363752393108;github.com/GreenCharge/PMC.gridmix
ALL;20220102T120220;20200502T060000;20200502T061500;16.833602584814;0;0;3.8449111470113;5.9450726978998;0;0;0;0;0;7.6252019386107;0;20.516962843296;0.096930533117932;0.2907915993538;0;4.329563812601;39.870759289176;github.com/GreenCharge/PMC.gridmix
ALL;20220102T120220;20200502T061500;20200502T063000;16.904607397794;0;0;3.8286826735886;5.9701492537313;0;0;0;0;0;7.6573653471772;0;20.084360804672;0.097339390006489;1.0707332900714;0;3.8935756002596;39.84425697599;github.com/GreenCharge/PMC.gridmix
ALL;20220102T120220;20200502T063000;20200502T064500;16.921575008135;0;0;3.8073543768305;5.9550927432476;0;0;0;0;0;7.744874715262;0;20.501138952164;0.097624471200781;2.2128213472177;0;3.7422713960299;38.366417181907;github.com/GreenCharge/PMC.gridmix
ALL;20220102T120220;20200502T064500;20200502T070000;16.60777385159;0;0;3.7584323803405;5.9106970767748;0;0;0;0;0;7.7096048827498;0;20.623193061356;0.096370061034372;3.8548024413749;0;3.6941856729843;37.102473498233;github.com/GreenCharge/PMC.gridmix
ALL;20220102T120220;20200502T070000;20200502T071500;16.491228070175;0;0;3.8277511961722;5.9011164274322;0;0;0;0;0;7.6555023923445;0;20.510366826156;0.095693779904306;5.6778309409888;0;3.6044657097289;35.598086124402;github.com/GreenCharge/PMC.gridmix
ALL;20220102T120220;20200502T071500;20200502T073000;16.029822926375;0;0;3.7899968934452;5.7160608884747;0;0;0;0;1.4290152221187;7.4557315936626;0;20.006213109661;0.093196644920783;7.7974526250388;0;3.1686859273066;33.892513202858;github.com/GreenCharge/PMC.gridmix
ALL;20220102T120220;20200502T073000;20200502T074500;15.712545676005;0;0;3.7454323995128;5.6029232643118;0;0;0;0;1.6138855054811;7.2777101096224;0;19.610231425091;0.091352009744214;10.383678440926;0;3.1668696711328;32.186358099878;github.com/GreenCharge/PMC.gridmix
ALL;20220102T120220;20200502T074500;20200502T080000;15.361625821877;0;0;3.6760310818888;5.4991034070532;0;0;0;0;0.89659294680215;7.1727435744172;0;19.246861924686;0.089659294680215;13.538553496712;0;3.2277346084877;30.693365212194;github.com/GreenCharge/PMC.gridmix
ALL;20220102T120220;20200502T080000;20200502T081500;14.889918887601;0;0;3.5631517960603;5.3302433371958;0;0;0;0;0.7531865585168;6.9235225955968;0;18.626882966396;0.086906141367323;16.512166859791;0;3.3024333719583;29.432213209733;github.com/GreenCharge/PMC.gridmix
ALL;20220102T120220;20200502T081500;20200502T083000;14.405829596413;0;0;3.4473094170404;5.1289237668161;0;0;0;0;0.64461883408072;6.6984304932735;0;18.04932735426;0.084080717488789;19.42264573991;0;3.3071748878924;28.251121076233;github.com/GreenCharge/PMC.gridmix
ALL;20220102T120220;20200502T083000;20200502T084500;13.891145410236;0;0;3.303547251557;4.9282426211752;0;0;0;0;0.54156512320607;6.4175467099919;0;17.330083942594;0.08123476848091;22.31248307609;0;3.303547251557;27.349038721906;github.com/GreenCharge/PMC.gridmix
ALL;20220102T120220;20200502T084500;20200502T090000;13.270390768424;0;0;3.147128245476;4.7993705743509;0;0;0;0;1.0228166797797;6.3204825596643;0;16.863362182009;0.0786782061369;24.678730658274;0;3.147128245476;26.147390506163;github.com/GreenCharge/PMC.gridmix
ALL;20220102T120220;20200502T090000;20200502T091500;12.984693877551;0;0;2.9591836734694;4.6938775510204;0;0;0;0;0.61224489795918;6.1224489795918;0;16.428571428571;0.076530612244898;26.55612244898;0;3.3163265306122;25.739795918367;github.com/GreenCharge/PMC.gridmix
ALL;20220102T120220;20200502T091500;20200502T093000;12.490815576782;0;0;2.8410482488366;4.4819985304923;0;0;0;0;0.24491795248592;5.8045554739162;0;15.748224344844;0.073475385745775;28.532941464609;0;3.3553759490571;25.936811168259;github.com/GreenCharge/PMC.gridmix
ALL;20220102T120220;20200502T093000;20200502T094500;12.22435282838;0;0;2.7804410354746;4.3624161073826;0;0;0;0;0.143815915628;5.6567593480345;0;15.244487056568;0.071907957813998;30.417066155321;0;3.3557046979866;25.263662511985;github.com/GreenCharge/PMC.gridmix
ALL;20220102T120220;20200502T094500;20200502T100000;11.93155180497;0;0;2.7191748710736;4.3131739334271;0;0;0;0;0.093764650726676;5.5321143928739;0;14.721050164088;0.070323488045007;31.622128457571;0;3.539615564932;24.988279418659;github.com/GreenCharge/PMC.gridmix
ALL;20220102T120220;20200502T100000;20200502T101500;11.539333484471;0;0;2.5391067785083;4.1260485150759;0;0;0;0;0.15869417365677;5.3956019043301;0;14.531852187713;0.068011788710043;32.690999773294;0;3.6499659941056;24.846973475402;github.com/GreenCharge/PMC.gridmix
ALL;20220102T120220;20200502T101500;20200502T103000;11.309391032791;0;0;2.4983270131608;4.0597813963863;0;0;0;0;0.15614543832255;5.3089449029668;0;14.432299799242;0.066919473566808;33.437430292215;0;3.3013606959625;24.983270131608;github.com/GreenCharge/PMC.gridmix
ALL;20220102T120220;20200502T103000;20200502T104500;11.053089643168;0;0;2.4369016536118;3.9817232375979;0;0;0;0;0.10879025239339;5.2001740644038;0;14.099216710183;0.065274151436031;33.616187989556;0;3.1549173194082;25.848563968668;github.com/GreenCharge/PMC.gridmix
ALL;20220102T120220;20200502T104500;20200502T110000;10.669191919192;0;0;2.3569023569024;3.8299663299663;0;0;0;0;0.021043771043771;5.0294612794613;0;13.215488215488;0.063131313131313;33.880471380471;0;3.4090909090909;27.104377104377;github.com/GreenCharge/PMC.gridmix
ALL;20220102T120220;20200502T110000;20200502T111500;10.408540340792;0;0;2.2787928556765;3.7158694313283;0;0;0;0;0.082118661465818;4.8860603572162;0;13.056867173065;0.061588996099364;33.853418189284;0;3.1410388010675;28.105111886676;github.com/GreenCharge/PMC.gridmix
ALL;20220102T120220;20200502T111500;20200502T113000;10.277721467667;0;0;2.2501520372998;3.669166835597;0;0;0;0;0;4.8449219541861;0;13.034664504358;0.060814919927022;33.448205959862;0;3.0610176363268;28.947901885263;github.com/GreenCharge/PMC.gridmix
ALL;20220102T120220;20200502T113000;20200502T114500;10.192616372392;0;0;2.2271268057785;3.631621187801;0;0;0;0;0;4.7752808988764;0;12.961476725522;0.060192616372392;33.085874799358;0;3.0898876404494;29.574638844302;github.com/GreenCharge/PMC.gridmix
ALL;20220102T120220;20200502T114500;20200502T120000;10.152182619143;0;0;2.2226672006408;3.6443732478975;0;0;0;0;0;4.7657188626352;0;12.955546655987;0.060072086503805;33.560272326792;0;3.2238686423708;29.014817781338;github.com/GreenCharge/PMC.gridmix
ALL;20220102T120220;20200502T120000;20200502T121500;10.083366415244;0;0;2.2032552600238;3.6125446605796;0;0;0;0;0;4.7439460103216;0;12.802699483922;0.059547439460103;33.287018658198;0;3.4736006351727;29.337038507344;github.com/GreenCharge/PMC.gridmix
ALL;20220102T120220;20200502T121500;20200502T123000;10.087370929309;0;0;2.2041302621128;3.6139793486894;0;0;0;0;0;4.7061159650516;0;12.748212867355;0.05957108816521;32.664813343924;0;3.494837172359;30.023828435266;github.com/GreenCharge/PMC.gridmix
ALL;20220102T120220;20200502T123000;20200502T124500;10.011801730921;0;0;2.183320220299;3.5601888276947;0;0;0;0;0;4.6420141620771;0;12.529504327301;0.059008654602675;32.749803304485;0;3.5011801730921;30.369787568843;github.com/GreenCharge/PMC.gridmix
ALL;20220102T120220;20200502T124500;20200502T130000;10.131108462455;0;0;2.2050059594756;3.5756853396901;0;0;0;0;0;4.6881207787048;0;12.455303933254;0.059594755661502;32.141438220103;0;3.4366309098133;30.909813269766;github.com/GreenCharge/PMC.gridmix
ALL;20220102T120220;20200502T130000;20200502T131500;10.31218529708;0;0;2.2356495468278;3.6052366565962;0;0;0;0;0;4.8136958710977;0;12.769385699899;0.060422960725076;30.55387713998;0;3.2628398791541;31.983887210473;github.com/GreenCharge/PMC.gridmix
ALL;20220102T120220;20200502T131500;20200502T133000;10.42471042471;0;0;2.2556390977444;3.8203617150986;0;0;0;0;0;4.8160942897785;0;13.005486689697;0.060963218857956;29.912619386304;0;2.9465555781345;32.351148140622;github.com/GreenCharge/PMC.gridmix
ALL;20220102T120220;20200502T133000;20200502T134500;10.555555555556;0;0;2.283950617284;3.7037037037037;0;0;0;0;0;4.8765432098765;0;13.168724279835;0.061728395061728;29.0329218107;0;3.2921810699588;32.61316872428;github.com/GreenCharge/PMC.gridmix
ALL;20220102T120220;20200502T134500;20200502T140000;10.654552963039;0;0;2.2713194301053;3.737352880446;0;0;0;0;0;4.8936609539542;0;13.235597769977;0.061945075366508;28.350196159405;0;3.861243031179;32.521164567417;github.com/GreenCharge/PMC.gridmix
ALL;20220102T120220;20200502T140000;20200502T141500;10.802340158796;0;0;2.2774759715838;3.8445465942332;0;0;0;0;0.083577099874634;4.9937317175094;0;13.414124529879;0.062682824905976;27.643125783535;0;4.2415378186377;32.218972001672;github.com/GreenCharge/PMC.gridmix
ALL;20220102T120220;20200502T141500;20200502T143000;10.665019559399;0;0;2.2441836524604;3.8295243977764;0;0;0;0;0.26765493102738;4.9413218035825;0;13.218035824583;0.061766522544781;27.56845789582;0;3.9942351245625;32.798023471279;github.com/GreenCharge/PMC.gridmix
ALL;20220102T120220;20200502T143000;20200502T144500;10.456197012515;0;0;2.2204279370206;3.9967702866371;0;0;0;0;0.2624142107388;4.8445700444086;0;12.959224868793;0.060557125555107;27.654420670166;0;4.2188130803391;32.92289059346;github.com/GreenCharge/PMC.gridmix
ALL;20220102T120220;20200502T144500;20200502T150000;10.373030121684;0;0;2.1942948334331;4.0893676441253;0;0;0;0;0.15958507879513;4.7476560941552;0;12.78675443846;0.059844404548175;26.969878316377;0;5.6253740275284;32.595252343906;github.com/GreenCharge/PMC.gridmix
