LOC;Time;Start;End;Biomass;Lignite;Coal;Gas;HardCoal;Oil;Shale;Peat;Geothermal;HydroPumped;Hydro;Marine;Nuclear;OtherRES;Solar;Waste;WindOffShore;WindOnShore;SwID
ALL;20220102T120219;20191201T000000;20191201T001500;18.953068592058;0;0;10.108303249097;12.563176895307;0;0;0;0;0;6.2454873646209;0;37.039711191336;0.10830324909747;0;0;1.6606498194946;12.599277978339;github.com/GreenCharge/PMC.gridmix
ALL;20220102T120219;20191201T001500;20191201T003000;18.828602227812;0;0;10.0251527129;12.252964426877;0;0;0;0;0;6.2163133309378;0;36.830758174632;0.10779734099892;0;0;1.7247574559828;13.295005389867;github.com/GreenCharge/PMC.gridmix
ALL;20220102T120219;20191201T003000;20191201T004500;18.640429338104;0;0;9.9463327370304;11.985688729875;0;0;0;0;0;6.1896243291592;0;36.672629695886;0.10733452593918;0;0;1.5742397137746;14.168157423971;github.com/GreenCharge/PMC.gridmix
ALL;20220102T120219;20191201T004500;20191201T010000;18.669527896996;0;0;9.8354792560801;11.695278969957;0;0;0;0;0;6.1158798283262;0;36.695278969957;0.10729613733906;0;0;1.1802575107296;14.985693848355;github.com/GreenCharge/PMC.gridmix
ALL;20220102T120219;20191201T010000;20191201T011500;18.723098995696;0;0;9.5050215208034;11.513629842181;0;0;0;0;0;6.1334289813486;0;36.477761836442;0.10760401721664;0;0;1.4347202295552;15.423242467719;github.com/GreenCharge/PMC.gridmix
ALL;20220102T120219;20191201T011500;20191201T013000;18.627100464784;0;0;9.474436896675;11.36932427601;0;0;0;0;0;6.1136932427601;0;36.539149088309;0.10725777618877;0;0;1.8233821952092;15.266356810869;github.com/GreenCharge/PMC.gridmix
ALL;20220102T120219;20191201T013000;20191201T014500;18.752253876668;0;0;9.5564370717634;11.179228272629;0;0;0;0;0;6.1666065632889;0;36.999639379733;0.1081860800577;0;0;1.442481067436;15.109989181392;github.com/GreenCharge/PMC.gridmix
ALL;20220102T120219;20191201T014500;20191201T020000;18.905109489051;0;0;9.6715328467153;11.058394160584;0;0;0;0;0;6.2043795620438;0;37.408759124088;0.10948905109489;0;0;1.0948905109489;14.85401459854;github.com/GreenCharge/PMC.gridmix
ALL;20220102T120219;20191201T020000;20191201T021500;18.96046852123;0;0;9.6998535871157;10.980966325037;0;0;0;0;0;6.2591508052709;0;37.591508052709;0.10980966325037;0;0;1.0248901903367;14.714494875549;github.com/GreenCharge/PMC.gridmix
ALL;20220102T120219;20191201T021500;20191201T023000;19.016152716593;0;0;9.7650513950073;11.049926578561;0;0;0;0;0;6.3876651982379;0;37.775330396476;0.11013215859031;0;0;1.1380323054332;14.096916299559;github.com/GreenCharge/PMC.gridmix
ALL;20220102T120219;20191201T023000;20191201T024500;19.030124908156;0;0;9.7722263041881;11.131520940485;0;0;0;0;0;6.3556208670096;0;37.803085966201;0.11021307861866;0;0;1.322556943424;13.813372520206;github.com/GreenCharge/PMC.gridmix
ALL;20220102T120219;20191201T024500;20191201T030000;18.993387215283;0;0;9.7722263041881;11.315209404849;0;0;0;0;0;6.208670095518;0;37.803085966201;0.11021307861866;0;0;1.2858192505511;13.850110213079;github.com/GreenCharge/PMC.gridmix
ALL;20220102T120219;20191201T030000;20191201T031500;19.014343508643;0;0;9.7830084589923;11.180581095991;0;0;0;0;0;6.1419639573373;0;37.844795880839;0.11033468186833;0;0;1.2136815005517;14.049282824568;github.com/GreenCharge/PMC.gridmix
ALL;20220102T120219;20191201T031500;20191201T033000;19.155242682475;0;0;9.8555020377918;11.04112634309;0;0;0;0;0;6.1874768432753;0;38.125231567247;0.11115227862171;0;0;1.29677658392;13.560577991849;github.com/GreenCharge/PMC.gridmix
ALL;20220102T120219;20191201T033000;20191201T034500;19.226478244701;0;0;9.9293417627371;10.933432502789;0;0;0;0;0;6.2104871699517;0;38.267013759762;0.11156563778356;0;0;1.3387876534028;13.313499442172;github.com/GreenCharge/PMC.gridmix
ALL;20220102T120219;20191201T034500;20191201T040000;19.268110530246;0;0;10.007468259895;11.090365944735;0;0;0;0;0;6.1986557132188;0;38.424197162061;0.11202389843167;0;0;1.5309932785661;12.696041822255;github.com/GreenCharge/PMC.gridmix
ALL;20220102T120219;20191201T040000;20191201T041500;19.075785582255;0;0;10.609981515712;10.90573012939;0;0;0;0;0;6.2476894639556;0;38.077634011091;0.11090573012939;0;0;1.6635859519409;12.606284658041;github.com/GreenCharge/PMC.gridmix
ALL;20220102T120219;20191201T041500;20191201T043000;18.91495601173;0;0;10.520527859238;10.887096774194;0;0;0;0;0;6.2316715542522;0;37.719941348974;0.1099706744868;0;0;1.7961876832845;13.123167155425;github.com/GreenCharge/PMC.gridmix
ALL;20220102T120219;20191201T043000;20191201T044500;18.843761434321;0;0;10.501280643981;10.830589096231;0;0;0;0;0;6.0739114526162;0;37.650933040615;0.10976948408342;0;0;2.3417489937797;12.952799121844;github.com/GreenCharge/PMC.gridmix
ALL;20220102T120219;20191201T044500;20191201T050000;18.829981718464;0;0;10.457038391225;10.895795246801;0;0;0;0;0;6.0694698354662;0;37.623400365631;0.10968921389397;0;0;2.1937842778793;13.126142595978;github.com/GreenCharge/PMC.gridmix
ALL;20220102T120219;20191201T050000;20191201T051500;18.885221855519;0;0;10.671067106711;10.927759442611;0;0;0;0;0;6.0872753942061;0;37.733773377338;0.11001100110011;0;0;1.7601760176018;13.127979464613;github.com/GreenCharge/PMC.gridmix
ALL;20220102T120219;20191201T051500;20191201T053000;18.838992332968;0;0;10.624315443593;11.025921869295;0;0;0;0;0;6.0606060606061;0;37.568455640745;0.10952902519168;0;0;1.4968966776196;13.581599123768;github.com/GreenCharge/PMC.gridmix
ALL;20220102T120219;20191201T053000;20191201T054500;18.711545421643;0;0;10.532030401737;11.074918566775;0;0;0;0;0;6.0441549040898;0;37.242128121607;0.1085776330076;0;0;1.3391241404271;14.259862468332;github.com/GreenCharge/PMC.gridmix
ALL;20220102T120219;20191201T054500;20191201T060000;18.493395215994;0;0;10.353445198144;11.10317743663;0;0;0;0;0;5.962156372724;0;36.736879685826;0.10710460549804;0;0;1.2138521956444;15.351660121385;github.com/GreenCharge/PMC.gridmix
ALL;20220102T120219;20191201T060000;20191201T061500;18.233016543471;0;0;10.242872228089;11.369236184442;0;0;0;0;0;5.8430130235832;0;36.184442097853;0.10559662090813;0;0;1.0207673354453;16.332277367124;github.com/GreenCharge/PMC.gridmix
ALL;20220102T120219;20191201T061500;20191201T063000;17.875558611207;0;0;10.003437607425;12.409762805088;0;0;0;0;0;5.7408044001375;0;35.40735647989;0.10312822275696;0;0;0.99690615331729;16.809900309385;github.com/GreenCharge/PMC.gridmix
ALL;20220102T120219;20191201T063000;20191201T064500;17.657045840407;0;0;9.8811544991511;12.529711375212;0;0;0;0;0;5.6706281833616;0;34.940577249576;0.1018675721562;0;0;1.188455008489;17.385398981324;github.com/GreenCharge/PMC.gridmix
ALL;20220102T120219;20191201T064500;20191201T070000;17.418923436978;0;0;9.7291875626881;13.406887328653;0;0;0;0;0;5.5834169174189;0;34.436643263123;0.10030090270812;0;0;1.3707790036777;17.318622534269;github.com/GreenCharge/PMC.gridmix
ALL;20220102T120219;20191201T070000;20191201T071500;17.126890203813;0;0;9.861932938856;13.905325443787;0;0;0;0;0;5.4898093359632;0;33.826429980276;0.09861932938856;0;0;1.939513477975;17.126890203813;github.com/GreenCharge/PMC.gridmix
ALL;20220102T120219;20191201T071500;20191201T073000;17.009467841985;0;0;9.8922624877571;14.005876591577;0;0;0;0;0;5.4521710741103;0;33.627162912178;0.09794319294809;0;0;2.3506366307542;16.94417238002;github.com/GreenCharge/PMC.gridmix
ALL;20220102T120219;20191201T073000;20191201T074500;16.887738595924;0;0;9.9320608217405;14.040763506956;0;0;0;0;0;5.435134260757;0;33.322549336784;0.09705596894209;0;0;2.4263992235522;17.243610482045;github.com/GreenCharge/PMC.gridmix
ALL;20220102T120219;20191201T074500;20191201T080000;16.822129302026;0;0;10.003216468318;14.409778063686;0;0;0;0;0.064329366355741;5.3071727243487;0;33.22611772274;0.096494049533612;0.032164683177871;0;1.9298809906722;17.497587648762;github.com/GreenCharge/PMC.gridmix
ALL;20220102T120219;20191201T080000;20191201T081500;16.243811881188;0;0;10.550742574257;15.346534653465;0;0;0;0;0.030940594059406;5.1980198019802;0;31.899752475248;0.092821782178218;0.43316831683168;0;2.1039603960396;17.512376237624;github.com/GreenCharge/PMC.gridmix
ALL;20220102T120219;20191201T081500;20191201T083000;15.756302521008;0;0;10.324129651861;16.656662665066;0;0;0;0;0.030012004801921;4.9519807923169;0;30.94237695078;0.090036014405762;1.2304921968788;0;2.1608643457383;17.286914765906;github.com/GreenCharge/PMC.gridmix
ALL;20220102T120219;20191201T083000;20191201T084500;15.466351829988;0;0;10.153482880756;17.207792207792;0;0;0;0;0.029515938606848;4.8701298701299;0;30.460448642267;0.088547815820543;2.4498229043684;0;1.8004722550177;16.912632821724;github.com/GreenCharge/PMC.gridmix
ALL;20220102T120219;20191201T084500;20191201T090000;15.201624601102;0;0;9.9796924862199;17.638526254714;0;0;0;0;0.058021467943139;4.786771105309;0;29.968088192631;0.087032201914708;3.8874383521903;0;1.6246011024079;16.217000290107;github.com/GreenCharge/PMC.gridmix
ALL;20220102T120219;20191201T090000;20191201T091500;14.985754985755;0;0;9.8005698005698;18.176638176638;0;0;0;0;0.085470085470085;4.6723646723647;0;29.344729344729;0.085470085470085;5.7264957264957;0;1.5384615384615;15.042735042735;github.com/GreenCharge/PMC.gridmix
ALL;20220102T120219;20191201T091500;20191201T093000;14.668153931958;0;0;9.5928611266035;18.823201338539;0;0;0;0;0.027886224205243;4.601226993865;0;28.7228109314;0.083658672615728;7.361963190184;0;1.5058561070831;14.082543223648;github.com/GreenCharge/PMC.gridmix
ALL;20220102T120219;20191201T093000;20191201T094500;14.542438484932;0;0;9.5106441802599;18.938346696157;0;0;0;0;0.027647221454244;4.5617915399502;0;28.504285319325;0.082941664362732;8.4876969864529;0;1.5482444014377;13.270666298037;github.com/GreenCharge/PMC.gridmix
ALL;20220102T120219;20191201T094500;20191201T100000;14.313081554461;0;0;9.4143404488232;19.102353585112;0;0;0;0;0.027367268746579;4.5155993431856;0;28.215654077723;0.082101806239737;9.6606458675424;0;1.5325670498084;12.616310892173;github.com/GreenCharge/PMC.gridmix
ALL;20220102T120219;20191201T100000;20191201T101500;14.105995717345;0;0;9.2612419700214;19.379014989293;0;0;0;0;0.026766595289079;4.4164882226981;0;27.569593147752;0.080299785867238;10.867237687366;0;1.9807280513919;11.804068522484;github.com/GreenCharge/PMC.gridmix
ALL;20220102T120219;20191201T101500;20191201T103000;13.937466878643;0;0;9.1414944356121;19.793322734499;0;0;0;0;0.026497085320615;4.3720190779014;0;27.291997880233;0.079491255961844;11.579226285109;0;2.0667726550079;11.20826709062;github.com/GreenCharge/PMC.gridmix
ALL;20220102T120219;20191201T103000;20191201T104500;13.975072924954;0;0;9.1222487403872;20.259878016441;0;0;0;0;0.026518164942986;4.4020153805357;0;27.340228056219;0.079554494828958;12.224874038717;0;1.6441262264651;10.421638822593;github.com/GreenCharge/PMC.gridmix
ALL;20220102T120219;20191201T104500;20191201T110000;13.853838065195;0;0;9.0431125131441;20.478443743428;0;0;0;0;0.026288117770768;4.3638275499474;0;27.076761303891;0.078864353312303;12.986330178759;0;1.813880126183;9.7791798107256;github.com/GreenCharge/PMC.gridmix
ALL;20220102T120219;20191201T110000;20191201T111500;13.905715038188;0;0;9.0334474585199;20.805899394259;0;0;0;0;0.02633658151172;4.3718725309455;0;27.126678957071;0.079009744535159;13.616012641559;0;1.501185146168;9.0334474585199;github.com/GreenCharge/PMC.gridmix
ALL;20220102T120219;20191201T111500;20191201T113000;13.983050847458;0;0;9.0572033898305;21.159957627119;0;0;0;0;0.052966101694915;4.396186440678;0;27.304025423729;0.079449152542373;13.665254237288;0;1.1387711864407;8.6599576271186;github.com/GreenCharge/PMC.gridmix
ALL;20220102T120219;20191201T113000;20191201T114500;14.140332083557;0;0;9.15907873594;21.558650241028;0;0;0;0;0.080342795929298;4.4456347080878;0;27.584359935726;0.080342795929298;13.202999464381;0;0.88377075522228;8.355650776647;github.com/GreenCharge/PMC.gridmix
ALL;20220102T120219;20191201T114500;20191201T120000;14.254859611231;0;0;9.2332613390929;21.70626349892;0;0;0;0;0.10799136069114;4.6166306695464;0;27.80777537797;0.080993520518359;12.553995680346;0;0.89092872570194;8.2343412526998;github.com/GreenCharge/PMC.gridmix
ALL;20220102T120219;20191201T120000;20191201T121500;14.316644113667;0;0;9.2286874154263;21.786197564276;0;0;0;0;0.59539918809202;4.6820027063599;0;27.87550744249;0.081190798376184;11.90798376184;0;1.1366711772666;7.8755074424899;github.com/GreenCharge/PMC.gridmix
ALL;20220102T120219;20191201T121500;20191201T123000;14.410005437738;0;0;9.2713431212616;21.805328983143;0;0;0;0;1.305057096248;4.8395867319195;0;28.004350190321;0.081566068515498;11.174551386623;0;1.0059815116911;7.5856443719413;github.com/GreenCharge/PMC.gridmix
ALL;20220102T120219;20191201T123000;20191201T124500;14.500683994528;0;0;9.3296853625171;21.997264021888;0;0;0;0;1.7510259917921;4.7879616963064;0;28.180574555404;0.082079343365253;10.396716826265;0;1.1764705882353;7.2777017783858;github.com/GreenCharge/PMC.gridmix
ALL;20220102T120219;20191201T124500;20191201T130000;14.740368509213;0;0;9.5198213288666;22.333891680625;0;0;0;0;1.0329424902289;4.6901172529313;0;28.754885538805;0.083752093802345;9.8548297040759;0;1.2004466778336;7.2585147962032;github.com/GreenCharge/PMC.gridmix
ALL;20220102T120219;20191201T130000;20191201T131500;14.797202797203;0;0;9.5384615384615;22.573426573427;0;0;0;0;1.4265734265734;4.8391608391608;0;28.811188811189;0.083916083916084;9.2867132867133;0;1.1468531468531;6.965034965035;github.com/GreenCharge/PMC.gridmix
ALL;20220102T120219;20191201T131500;20191201T133000;15.10565391205;0;0;9.7372929754426;23.015419760137;0;0;0;0;0.28555111364934;4.8543689320388;0;29.411764705882;0.085665334094803;8.9091947458595;0;1.2564249000571;6.7961165048544;github.com/GreenCharge/PMC.gridmix
ALL;20220102T120219;20191201T133000;20191201T134500;15.201149425287;0;0;9.8850574712644;23.074712643678;0;0;0;0;0.11494252873563;4.8563218390805;0;29.568965517241;0.086206896551724;8.3045977011494;0;1.6091954022989;6.7528735632184;github.com/GreenCharge/PMC.gridmix
ALL;20220102T120219;20191201T134500;20191201T140000;15.326560232221;0;0;9.9564586357039;23.164005805515;0;0;0;0;0.058055152394775;4.7895500725689;0;29.869375907112;0.087082728592163;7.5181422351234;0;1.944847605225;6.7343976777939;github.com/GreenCharge/PMC.gridmix
ALL;20220102T120219;20191201T140000;20191201T141500;15.425065731814;0;0;10.020449897751;23.254455156296;0;0;0;0;0.29214139643587;4.9956178790535;0;30.061349693252;0.087642418930762;6.4271107215892;0;2.3079170318434;6.5731814198072;github.com/GreenCharge/PMC.gridmix
ALL;20220102T120219;20191201T141500;20191201T143000;15.465729349736;0;0;10.046865846514;23.345049794962;0;0;0;0;0.93731693028705;5.0673696543644;0;30.140597539543;0.087873462214411;5.3309900410076;0;2.6069127123609;6.414762741652;github.com/GreenCharge/PMC.gridmix
ALL;20220102T120219;20191201T143000;20191201T144500;15.607449009755;0;0;10.0798108188;23.558971327224;0;0;0;0;1.3006207508129;5.23204256577;0;30.446349394029;0.088678687555424;4.3156961276973;0;2.4830032515519;6.3257463789536;github.com/GreenCharge/PMC.gridmix
ALL;20220102T120219;20191201T144500;20191201T150000;15.748734742483;0;0;10.211372432272;23.637987496279;0;0;0;0;1.7862459065198;4.9717177731468;0;30.634117296815;0.08931229532599;3.364096457279;0;2.828222685323;6.1625483774933;github.com/GreenCharge/PMC.gridmix
ALL;20220102T120219;20191201T150000;20191201T151500;16.035162170355;0;0;10.397090027281;23.976962715975;0;0;0;0;0.48499545316763;5.0318278266141;0;31.191270081843;0.09093664746893;2.637162776599;0;3.1827826614125;6.3958775386481;github.com/GreenCharge/PMC.gridmix
ALL;20220102T120219;20191201T151500;20191201T153000;16.089860352155;0;0;10.412871888282;24.104432301154;0;0;0;0;0.060716454159077;5.0091074681239;0;31.238615664845;0.091074681238616;1.8822100789314;0;4.0680024286582;6.4663023679417;github.com/GreenCharge/PMC.gridmix
ALL;20220102T120219;20191201T153000;20191201T154500;16.008441362677;0;0;10.340669279469;23.997588182092;0;0;0;0;0.03014772384685;4.9743744347302;0;31.022007838408;0.090443171540549;1.1456135061803;0;5.0346698824239;6.7832378655412;github.com/GreenCharge/PMC.gridmix
ALL;20220102T120219;20191201T154500;20191201T160000;15.965123271197;0;0;10.31268791341;23.962717979555;0;0;0;0;0.060132291040289;4.990980156344;0;30.907997594708;0.090198436560433;0.5411906193626;0;5.2315093205051;7.3662056524354;github.com/GreenCharge/PMC.gridmix
ALL;20220102T120219;20191201T160000;20191201T161500;15.872543180465;0;0;10.214413341275;23.793924955331;0;0;0;0;0.029779630732579;4.9434187016081;0;30.583680762359;0.089338892197737;0.14889815366289;0;5.7176891006552;8.0405002977963;github.com/GreenCharge/PMC.gridmix
ALL;20220102T120219;20191201T161500;20191201T163000;15.632318501171;0;0;10.099531615925;23.711943793911;0;0;0;0;0.43911007025761;4.8302107728337;0;30.035128805621;0.087822014051522;0;0;6.2939110070258;8.3138173302108;github.com/GreenCharge/PMC.gridmix
ALL;20220102T120219;20191201T163000;20191201T164500;15.584037285173;0;0;10.107777454122;23.681910865133;0;0;0;0;0.55345179143606;4.7771628313428;0;29.886396737547;0.087387124963589;0;0;6.2918729973784;8.4765511214681;github.com/GreenCharge/PMC.gridmix
ALL;20220102T120219;20191201T164500;20191201T170000;15.424610051993;0;0;9.9942229924899;23.541305603697;0;0;0;0;0.60658578856153;4.73714615829;0;29.636048526863;0.086655112651646;0;0;6.4702484113229;8.9543616406701;github.com/GreenCharge/PMC.gridmix
ALL;20220102T120219;20191201T170000;20191201T171500;15.261958997722;0;0;9.880410022779;23.120728929385;0;0;0;0;1.5091116173121;4.6412300683371;0;29.185649202733;0.085421412300683;0;0;6.6628701594533;9.1116173120729;github.com/GreenCharge/PMC.gridmix
ALL;20220102T120219;20191201T171500;20191201T173000;14.801543550165;0;0;9.5920617420066;22.353914002205;0;0;0;0;3.3627342888644;4.4377067254686;0;28.280044101433;0.082690187431092;0;0;7.4421168687982;9.1234840132304;github.com/GreenCharge/PMC.gridmix
ALL;20220102T120219;20191201T173000;20191201T174500;14.572591587517;0;0;9.4708276797829;22.333785617368;0;0;0;0;4.2333785617368;4.3419267299864;0;27.842605156038;0.081411126187246;0;0;7.6797829036635;8.9280868385346;github.com/GreenCharge/PMC.gridmix
ALL;20220102T120219;20191201T174500;20191201T180000;14.362272240086;0;0;9.3783494105038;22.347266881029;0;0;0;0;4.0460878885316;4.2872454448017;0;27.491961414791;0.080385852090032;0;0;8.8424437299035;8.6548767416935;github.com/GreenCharge/PMC.gridmix
ALL;20220102T120219;20191201T180000;20191201T181500;14.270557029178;0;0;9.6021220159151;22.387267904509;0;0;0;0;3.8461538461538;4.2175066312997;0;27.214854111406;0.079575596816976;0;0;9.4429708222812;8.4350132625995;github.com/GreenCharge/PMC.gridmix
ALL;20220102T120219;20191201T181500;20191201T183000;14.20649590705;0;0;9.5854238183259;22.286770530763;0;0;0;0;3.5912331660945;4.1985740691841;0;27.092685503037;0.07921837866385;0;0;10.219170847637;8.2387113810404;github.com/GreenCharge/PMC.gridmix
ALL;20220102T120219;20191201T183000;20191201T184500;14.316069057105;0;0;9.6414342629482;21.965471447543;0;0;0;0;3.8512616201859;4.2496679946879;0;27.250996015936;0.079681274900398;0;0;10.03984063745;8.1009296148738;github.com/GreenCharge/PMC.gridmix
ALL;20220102T120219;20191201T184500;20191201T190000;14.775219298246;0;0;9.9232456140351;22.478070175439;0;0;0;0;0.87719298245614;4.4133771929825;0;28.125;0.082236842105263;0;0;10.581140350877;8.2236842105263;github.com/GreenCharge/PMC.gridmix
ALL;20220102T120219;20191201T190000;20191201T191500;14.010917598128;0;0;9.4099298154406;21.445282037952;0;0;0;0;4.3150506888485;4.5230049389134;0;26.670132570834;0.07798284377437;0;0;11.48947231609;7.5643358461139;github.com/GreenCharge/PMC.gridmix
ALL;20220102T120219;20191201T191500;20191201T193000;13.778118609407;0;0;9.2535787321063;21.191206543967;0;0;0;0;5.2402862985685;4.1922290388548;0;26.252556237219;0.076687116564417;0;0;12.269938650307;7.2597137014315;github.com/GreenCharge/PMC.gridmix
ALL;20220102T120219;20191201T193000;20191201T194500;14.065762004175;0;0;9.446764091858;21.450939457203;0;0;0;0;3.6795407098121;4.2275574112735;0;26.800626304802;0.078288100208768;0;0;12.369519832985;7.3851774530271;github.com/GreenCharge/PMC.gridmix
ALL;20220102T120219;20191201T194500;20191201T200000;14.297103374967;0;0;9.6465585968642;21.791124103109;0;0;0;0;2.019665160776;4.3050757374435;0;27.292054212065;0.079723624767473;0;0;12.383736380547;7.6800425192665;github.com/GreenCharge/PMC.gridmix
ALL;20220102T120219;20191201T200000;20191201T201500;13.475533249686;0;0;9.0840652446675;20.803011292346;0;0;0;0;4.5922208281054;4.4416562107905;0;25.771643663739;0.075282308657465;0;0;13.927227101631;7.3525721455458;github.com/GreenCharge/PMC.gridmix
ALL;20220102T120219;20191201T201500;20191201T203000;13.667599898193;0;0;9.2135403410537;21.023161109697;0;0;0;0;4.555866632731;4.2758971748537;0;26.113514889285;0.076355306693815;0;0;13.260371595826;7.3301094426063;github.com/GreenCharge/PMC.gridmix
ALL;20220102T120219;20191201T203000;20191201T204500;14.285714285714;0;0;9.6388741370154;21.826872012746;0;0;0;0;2.0711630377058;4.4344131704727;0;27.243759957515;0.079660116834838;0;0;12.267657992565;7.6473712161445;github.com/GreenCharge/PMC.gridmix
ALL;20220102T120219;20191201T204500;20191201T210000;14.164904862579;0;0;9.5665961945032;21.802325581395;0;0;0;0;1.9820295983087;4.4133192389006;0;27.167019027484;0.079281183932347;0;0;12.922832980973;7.399577167019;github.com/GreenCharge/PMC.gridmix
ALL;20220102T120219;20191201T210000;20191201T211500;14.198675496689;0;0;8.9271523178808;21.748344370861;0;0;0;0;3.1258278145695;4.4503311258278;0;27.258278145695;0.079470198675497;0;0;12.105960264901;7.6026490066225;github.com/GreenCharge/PMC.gridmix
ALL;20220102T120219;20191201T211500;20191201T213000;13.888888888889;0;0;8.748701973001;21.28764278297;0;0;0;0;3.4008307372793;4.3354101765317;0;26.68743509865;0.077881619937695;0;0;13.213914849429;7.8660436137072;github.com/GreenCharge/PMC.gridmix
ALL;20220102T120219;20191201T213000;20191201T214500;13.745173745174;0;0;8.6743886743887;21.029601029601;0;0;0;0;2.4967824967825;4.2213642213642;0;26.435006435006;0.077220077220077;0;0;14.980694980695;7.8507078507079;github.com/GreenCharge/PMC.gridmix
ALL;20220102T120219;20191201T214500;20191201T220000;13.658536585366;0;0;8.6264441591784;20.256739409499;0;0;0;0;1.0526315789474;4.1335044929397;0;26.341463414634;0.077021822849807;0;0;17.458279845956;7.9075738125802;github.com/GreenCharge/PMC.gridmix
ALL;20220102T120219;20191201T220000;20191201T221500;13.561924257932;0;0;8.4953940634596;19.600818833163;0;0;0;0;0.10235414534289;4.1197543500512;0;26.228249744115;0.076765609007165;0;0;19.089048106448;8.2395087001024;github.com/GreenCharge/PMC.gridmix
ALL;20220102T120219;20191201T221500;20191201T223000;13.520408163265;0;0;8.5204081632653;18.494897959184;0;0;0;0;0;4.0561224489796;0;26.147959183673;0.076530612244898;0;0;19.770408163265;8.9285714285714;github.com/GreenCharge/PMC.gridmix
ALL;20220102T120219;20191201T223000;20191201T224500;13.736691768372;0;0;8.7769410542716;17.839522202025;0;0;0;0;0;4.1287977148793;0;26.642430537523;0.077901843676967;0;0;18.203064139185;10.10127239678;github.com/GreenCharge/PMC.gridmix
ALL;20220102T120219;20191201T224500;20191201T230000;14.098448368111;0;0;9.0422685928304;17.067950775816;0;0;0;0;0;4.2803638309256;0;27.421080791867;0.080256821829856;0;0;16.265382557517;11.23595505618;github.com/GreenCharge/PMC.gridmix
ALL;20220102T120219;20191201T230000;20191201T231500;13.900634249471;0;0;8.3245243128964;15.248414376321;0;0;0;0;0;4.2547568710359;0;27.114164904863;0.079281183932347;0;0;18.657505285412;11.918604651163;github.com/GreenCharge/PMC.gridmix
ALL;20220102T120219;20191201T231500;20191201T233000;13.982488723799;0;0;8.3576545502786;14.751923587158;0;0;0;0;0;4.2186256301406;0;27.19554258424;0.079596710002653;0;0;18.333775537278;12.576280180419;github.com/GreenCharge/PMC.gridmix
ALL;20220102T120219;20191201T233000;20191201T234500;13.713687516357;0;0;8.1915728866789;14.001570269563;0;0;0;0;0;4.1612143417953;0;26.82543836692;0.078513478147082;0;0;19.759225333682;12.771525778592;github.com/GreenCharge/PMC.gridmix
ALL;20220102T120219;20191201T234500;20191202T000000;13.553590010406;0;0;8.0385015608741;13.319458896982;0;0;0;0;0;4.1363163371488;0;26.638917793965;0.078043704474506;0;0;20.44745057232;13.293444328824;github.com/GreenCharge/PMC.gridmix
ALL;20220102T120219;20191202T000000;20191202T001500;13.587666579566;0;0;7.5516070028743;13.32636529919;0;0;0;0;0;4.206950614058;0;26.783381238568;0.078390384112882;0;0;20.276979357199;13.666056963679;github.com/GreenCharge/PMC.gridmix
ALL;20220102T120219;20191202T001500;20191202T003000;13.149227261211;0;0;7.1953382315683;12.566506207246;0;0;0;0;0;4.1043830757537;0;25.969090448442;0.07600709399544;0;0;22.067392956676;14.365340765138;github.com/GreenCharge/PMC.gridmix
ALL;20220102T120219;20191202T003000;20191202T004500;12.95647823912;0;0;6.8784392196098;12.231115557779;0;0;0;0;0;4.0770385192596;0;25.637818909455;0.07503751875938;0;0;22.111055527764;15.532766383192;github.com/GreenCharge/PMC.gridmix
ALL;20220102T120219;20191202T004500;20191202T010000;12.88955372725;0;0;6.9060084766891;11.842433308402;0;0;0;0;0;4.1386187983047;0;25.504861630516;0.074794315632012;0;0;22.188980304164;15.956120668163;github.com/GreenCharge/PMC.gridmix
ALL;20220102T120219;20191202T010000;20191202T011500;12.908048841266;0;0;6.6782955394966;11.113879890356;0;0;0;0;0;4.1365561923748;0;25.517069524047;0.074757039621231;0;0;22.377273859955;16.720657861949;github.com/GreenCharge/PMC.gridmix
ALL;20220102T120219;20191202T011500;20191202T013000;12.866368604074;0;0;6.5076999503229;10.23348236463;0;0;0;0;0;4.1231992051664;0;25.434674615002;0.07451564828614;0;0;22.77694982613;17.511177347243;github.com/GreenCharge/PMC.gridmix
ALL;20220102T120219;20191202T013000;20191202T014500;12.506047411708;0;0;6.3376874697629;9.603289791969;0;0;0;0;0;4.0396710208031;0;24.770198355104;0.072568940493469;0;0;23.899371069182;18.311562651185;github.com/GreenCharge/PMC.gridmix
ALL;20220102T120219;20191202T014500;20191202T020000;12.075029308324;0;0;6.1664712778429;9.1441969519343;0;0;0;0;0;3.8921453692849;0;23.962485345838;0.070339976553341;0;0;25.439624853458;18.804220398593;github.com/GreenCharge/PMC.gridmix
ALL;20220102T120219;20191202T020000;20191202T021500;12.086364703121;0;0;6.1487913635297;8.9180943440507;0;0;0;0;0;3.8957991081906;0;23.72682468904;0.070406007979348;0;0;25.651255573809;19.080028162403;github.com/GreenCharge/PMC.gridmix
ALL;20220102T120219;20191202T021500;20191202T023000;11.84877823882;0;0;6.0396496081143;8.736745043799;0;0;0;0;0;3.8035961272476;0;23.351775011526;0.069156293222683;0;0;26.440756108806;19.294605809129;github.com/GreenCharge/PMC.gridmix
ALL;20220102T120219;20191202T023000;20191202T024500;11.692447679709;0;0;5.98271155596;8.2802547770701;0;0;0;0;0;3.7761601455869;0;22.952684258417;0.068243858052775;0;0;26.842584167425;19.995450409463;github.com/GreenCharge/PMC.gridmix
ALL;20220102T120219;20191202T024500;20191202T030000;11.839372259405;0;0;6.0696976690515;7.9159935379645;0;0;0;0;0;3.807985229633;0;23.263327948304;0.069236095084237;0;0;25.709669974613;20.90930071544;github.com/GreenCharge/PMC.gridmix
ALL;20220102T120219;20191202T030000;20191202T031500;11.944121071013;0;0;6.2398137369034;7.6833527357392;0;0;0;0;0;3.8882421420256;0;23.538998835856;0.069848661233993;0;0;24.377182770664;21.839348079162;github.com/GreenCharge/PMC.gridmix
ALL;20220102T120219;20191202T031500;20191202T033000;11.786372007366;0;0;6.1694290976059;7.6197053406998;0;0;0;0;0;3.890423572744;0;23.29650092081;0.069060773480663;0;0;24.815837937385;21.938305709024;github.com/GreenCharge/PMC.gridmix
ALL;20220102T120219;20191202T033000;20191202T034500;11.840888066605;0;0;6.2442183163737;7.6780758556892;0;0;0;0;0;3.8621646623497;0;23.265494912118;0.069380203515264;0;0;25.04625346901;21.577243293247;github.com/GreenCharge/PMC.gridmix
ALL;20220102T120219;20191202T034500;20191202T040000;11.762003216173;0;0;6.2255915460602;7.626923960487;0;0;0;0;0;3.7904893177119;0;23.041580519182;0.068917987594762;0;0;25.155065472088;21.915920055134;github.com/GreenCharge/PMC.gridmix
ALL;20220102T120219;20191202T040000;20191202T041500;11.63371960918;0;0;6.5666893887753;7.861849579641;0;0;0;0;0;3.7264258123154;0;22.881163371961;0.068166325835037;0;0;24.153601454215;22.676664394456;github.com/GreenCharge/PMC.gridmix
ALL;20220102T120219;20191202T041500;20191202T043000;11.539328375028;0;0;6.5134099616858;7.8205995041695;0;0;0;0;0;3.6285778679288;0;22.605363984674;0.067613252197431;0;0;24.318233040343;23.078656750056;github.com/GreenCharge/PMC.gridmix
ALL;20220102T120219;20191202T043000;20191202T044500;11.642743221691;0;0;6.5846434267487;8.0428343586238;0;0;0;0;0;3.691045796309;0;23.057644110276;0.068352699931647;0;0;23.513328776487;22.966507177033;github.com/GreenCharge/PMC.gridmix
ALL;20220102T120219;20191202T044500;20191202T050000;11.975626904148;0;0;6.8197797047106;8.6008905554254;0;0;0;0;0;3.9137567377549;0;23.998125146473;0.070307007265057;0;0;21.045230841341;23.131005390204;github.com/GreenCharge/PMC.gridmix
ALL;20220102T120219;20191202T050000;20191202T051500;11.92917054986;0;0;7.2227399813607;9.1565703634669;0;0;0;0;0;3.7977632805219;0;23.85834109972;0.069897483690587;0;0;20.340167753961;23.182665424045;github.com/GreenCharge/PMC.gridmix
ALL;20220102T120219;20191202T051500;20191202T053000;11.712328767123;0;0;7.1917808219178;9.4748858447489;0;0;0;0;0;3.675799086758;0;23.37899543379;0.068493150684932;0;0;20.342465753425;23.721461187215;github.com/GreenCharge/PMC.gridmix
ALL;20220102T120219;20191202T053000;20191202T054500;11.262050832603;0;0;7.1209465381245;9.8816827344435;0;0;0;0;0.043821209465381;3.5056967572305;0;22.436459246275;0.065731814198072;0;0;22.348816827344;22.918492550394;github.com/GreenCharge/PMC.gridmix
ALL;20220102T120219;20191202T054500;20191202T060000;10.816498316498;0;0;6.9444444444444;10.753367003367;0;0;0;0;0.042087542087542;3.3880471380471;0;21.506734006734;0.063131313131313;0;0;23.905723905724;22.180134680135;github.com/GreenCharge/PMC.gridmix
ALL;20220102T120219;20191202T060000;20191202T061500;10.729166666667;0;0;7.2291666666667;11.625;0;0;0;0;0.041666666666667;3.3958333333333;0;21.229166666667;0.0625;0;0;23.354166666667;21.9375;github.com/GreenCharge/PMC.gridmix
ALL;20220102T120219;20191202T061500;20191202T063000;10.504885993485;0;0;7.2882736156352;12.520358306189;0;0;0;0;0.061074918566775;3.3184039087948;0;20.867263843648;0.061074918566775;0;0;24.104234527687;20.887622149837;github.com/GreenCharge/PMC.gridmix
ALL;20220102T120219;20191202T063000;20191202T064500;10.139242988821;0;0;7.2955481466954;12.767209256717;0;0;0;0;3.4908805648166;3.2359286134536;0;20.082369091979;0.058835065699157;0;0;23.00451068837;19.552853500686;github.com/GreenCharge/PMC.gridmix
ALL;20220102T120219;20191202T064500;20191202T070000;9.9729938271605;0;0;7.5231481481481;13.117283950617;0;0;0;0;4.2824074074074;3.2793209876543;0;19.753086419753;0.05787037037037;0;0;22.588734567901;19.058641975309;github.com/GreenCharge/PMC.gridmix
ALL;20220102T120219;20191202T070000;20191202T071500;9.9961404862987;0;0;7.9313006561173;13.39251254342;0;0;0;0;3.2612890775762;3.299884214589;0;19.760710150521;0.057892705519105;0;0;23.118487070629;18.815129293709;github.com/GreenCharge/PMC.gridmix
ALL;20220102T120219;20191202T071500;20191202T073000;9.7118263473054;0;0;7.9715568862275;13.529191616766;0;0;0;0;2.6197604790419;3.2934131736527;0;19.199101796407;0.056137724550898;0;0;23.933383233533;19.330089820359;github.com/GreenCharge/PMC.gridmix
ALL;20220102T120219;20191202T073000;20191202T074500;9.4648707681107;0;0;8.2817619220968;13.269020749909;0;0;0;0;2.3298143429195;3.2216963960684;0;18.693119767019;0.054605023662177;0;0;24.444848926101;19.894430287586;github.com/GreenCharge/PMC.gridmix
ALL;20220102T120219;20191202T074500;20191202T080000;9.3862815884477;0;0;8.4837545126354;13.303249097473;0;0;0;0;2.3465703971119;3.1949458483755;0;18.537906137184;0.054151624548736;0;0;24.115523465704;20.234657039711;github.com/GreenCharge/PMC.gridmix
ALL;20220102T120219;20191202T080000;20191202T081500;9.1500967798698;0;0;8.8333626605666;13.003695231392;0;0;0;0;2.2699278550062;3.1321485131093;0;18.018652120359;0.052789019883864;0.070385359845152;0;24.687664965687;20.446947035017;github.com/GreenCharge/PMC.gridmix
ALL;20220102T120219;20191202T081500;20191202T083000;9.0199479618387;0;0;8.846487424111;13.078924544666;0;0;0;0;2.2376409366869;3.1049436253252;0;17.762359063313;0.0520381613183;0.27753686036427;0;25.221162185603;20.069384215091;github.com/GreenCharge/PMC.gridmix
ALL;20220102T120219;20191202T083000;20191202T084500;8.9544513457557;0;0;8.8854382332643;13.216011042098;0;0;0;0;2.2084195997239;3.0193236714976;0;17.667356797792;0.05175983436853;0.75914423740511;0;25.500345065562;19.409937888199;github.com/GreenCharge/PMC.gridmix
ALL;20220102T120219;20191202T084500;20191202T090000;9.0277777777778;0;0;9.1493055555556;13.489583333333;0;0;0;0;1.0416666666667;2.9340277777778;0;17.777777777778;0.052083333333333;1.4409722222222;0;25.520833333333;19.236111111111;github.com/GreenCharge/PMC.gridmix
ALL;20220102T120219;20191202T090000;20191202T091500;8.8185511171293;0;0;9.0555179417739;13.303994583615;0;0;0;0;2.1665538253216;2.8943805010156;0;17.332430602573;0.050778605280975;2.2342586323629;0;24.864590385917;18.957345971564;github.com/GreenCharge/PMC.gridmix
ALL;20220102T120219;20191202T091500;20191202T093000;8.8060965283658;0;0;9.0770533446232;13.446232006774;0;0;0;0;2.2015241320914;2.9127857747671;0;17.341236240474;0.050804403048264;3.0482641828959;0;24.132091447925;18.662150719729;github.com/GreenCharge/PMC.gridmix
ALL;20220102T120219;20191202T093000;20191202T094500;8.8001353866983;0;0;9.0878321204942;13.454053139279;0;0;0;0;1.5231003553901;2.9108140125233;0;17.329497376883;0.050770011846336;3.92621424945;0;24.251142325267;18.344897613809;github.com/GreenCharge/PMC.gridmix
ALL;20220102T120219;20191202T094500;20191202T100000;8.7527352297593;0;0;9.0220501599057;13.331089042249;0;0;0;0;0.82477697357347;2.8783033159401;0;17.219323346238;0.050496549402457;4.7635078269652;0;24.473994277058;18.36391179936;github.com/GreenCharge/PMC.gridmix
ALL;20220102T120219;20191202T100000;20191202T101500;8.6078463830492;0;0;8.8064889918888;13.143519284887;0;0;0;0;2.3506042046019;2.8637642774375;0;16.934282403576;0.049660652209899;5.6282072504552;0;23.224631683496;18.076477404403;github.com/GreenCharge/PMC.gridmix
ALL;20220102T120219;20191202T101500;20191202T103000;8.6580086580087;0;0;8.1252081252081;12.587412587413;0;0;0;0;2.8138528138528;2.8638028638029;0;17.049617049617;0.04995004995005;6.6933066933067;0;22.727272727273;18.115218115218;github.com/GreenCharge/PMC.gridmix
ALL;20220102T120219;20191202T103000;20191202T104500;8.5837622447285;0;0;7.6705960484808;12.634899551718;0;0;0;0;2.9719408932426;2.8391167192429;0;17.001494271957;0.049809065249875;7.6705960484808;0;22.862360949693;17.399966793957;github.com/GreenCharge/PMC.gridmix
ALL;20220102T120219;20191202T104500;20191202T110000;8.7621930709721;0;0;7.4167507568113;13.168516649849;0;0;0;0;1.1604439959637;2.8927009754457;0;17.221661621258;0.050454086781029;8.7958291288261;0;23.040699630003;17.171207534477;github.com/GreenCharge/PMC.gridmix
ALL;20220102T120219;20191202T110000;20191202T111500;8.7159792953749;0;0;7.3634997495408;13.140758056437;0;0;0;0;0.98513942227417;2.8719318751044;0;17.114710302221;0.05009183503089;9.3838704291201;0;22.67490399065;17.381866755719;github.com/GreenCharge/PMC.gridmix
ALL;20220102T120219;20191202T111500;20191202T113000;8.6340418520349;0;0;7.2664359861592;12.885154061625;0;0;0;0;0.97215356730928;2.8011204481793;0;16.872631405503;0.049431537320811;10.084033613445;0;22.524303839183;17.597627286209;github.com/GreenCharge/PMC.gridmix
ALL;20220102T120219;20191202T113000;20191202T114500;8.6640211640212;0;0;7.2916666666667;12.830687830688;0;0;0;0;0.9755291005291;2.7943121693122;0;16.947751322751;0.049603174603175;10.697751322751;0;22.437169312169;16.997354497354;github.com/GreenCharge/PMC.gridmix
ALL;20220102T120219;20191202T114500;20191202T120000;8.7479131886477;0;0;7.3455759599332;12.921535893155;0;0;0;0;1.0183639398998;2.8547579298831;0;17.111853088481;0.05008347245409;10.868113522538;0;22.337228714524;16.427378964942;github.com/GreenCharge/PMC.gridmix
ALL;20220102T120219;20191202T120000;20191202T121500;8.7748621093097;0;0;7.3207421026241;13.120508106301;0;0;0;0;0.98612736085576;2.8580979441752;0;17.131873641986;0.050142069196055;10.947685107805;0;21.728229984957;16.764165134548;github.com/GreenCharge/PMC.gridmix
ALL;20220102T120219;20191202T121500;20191202T123000;8.7579087579088;0;0;7.2927072927073;13.086913086913;0;0;0;0;0.98235098235098;2.8471528471528;0;17.049617049617;0.04995004995005;10.972360972361;0;21.495171495171;17.149517149517;github.com/GreenCharge/PMC.gridmix
ALL;20220102T120219;20191202T123000;20191202T124500;8.6649128576126;0;0;7.2015784281486;12.939822426833;0;0;0;0;0.97007563301546;2.8280170996383;0;16.820124958895;0.049325879644854;10.440644524827;0;21.999342321605;17.773758632029;github.com/GreenCharge/PMC.gridmix
ALL;20220102T120219;20191202T124500;20191202T130000;8.8200836820084;0;0;7.3305439330544;13.238493723849;0;0;0;0;0.98744769874477;2.8786610878661;0;17.10460251046;0.050209205020921;10.075313807531;0;21.020920502092;18.175732217573;github.com/GreenCharge/PMC.gridmix
ALL;20220102T120219;20191202T130000;20191202T131500;8.9717398706163;0;0;7.4565883554648;13.466121893088;0;0;0;0;1.0044262853252;2.9451821586653;0;17.398706162751;0.051072522982635;10.061287027579;0;20.037453183521;18.283963227783;github.com/GreenCharge/PMC.gridmix
ALL;20220102T120219;20191202T131500;20191202T133000;9.1958041958042;0;0;7.8321678321678;13.828671328671;0;0;0;0;1.048951048951;3.041958041958;0;17.867132867133;0.052447552447552;9.4055944055944;0;18.181818181818;19.213286713287;github.com/GreenCharge/PMC.gridmix
ALL;20220102T120219;20191202T133000;20191202T134500;9.3295494856332;0;0;7.9460801702731;14.384533522526;0;0;0;0;1.1174175239447;3.1216743526073;0;18.126995388436;0.053210358283079;8.6732884001419;0;17.985101099681;18.925150762682;github.com/GreenCharge/PMC.gridmix
ALL;20220102T120219;20191202T134500;20191202T140000;9.2546803249735;0;0;7.9123984457789;14.924055104203;0;0;0;0;1.0420346167432;3.0731190392088;0;18.032497350759;0.052984811020841;7.6298127870011;0;17.944189332391;19.798657718121;github.com/GreenCharge/PMC.gridmix
ALL;20220102T120219;20191202T140000;20191202T141500;9.3349928876245;0;0;7.948079658606;15.611664295875;0;0;0;0;0.56899004267425;3.1116642958748;0;18.172119487909;0.053342816500711;6.5078236130868;0;17.549786628734;20.803698435277;github.com/GreenCharge/PMC.gridmix
ALL;20220102T120219;20191202T141500;20191202T143000;9.6178460413238;0;0;8.1916255256903;16.017553483269;0;0;0;0;0.018284878405559;3.2912781130005;0;18.705430608886;0.054854635216676;5.6317425489121;0;17.00493691717;21.11903455842;github.com/GreenCharge/PMC.gridmix
ALL;20220102T120219;20191202T143000;20191202T144500;9.7642472619269;0;0;8.3163170595879;16.279933172452;0;0;0;0;0.018563207722294;3.3599405977353;0;18.971598292185;0.055689623166883;4.6779283460182;0;16.985335065899;21.217746426583;github.com/GreenCharge/PMC.gridmix
ALL;20220102T120219;20191202T144500;20191202T150000;10.019047619048;0;0;8.5333333333333;16.514285714286;0;0;0;0;0.019047619047619;3.4857142857143;0;19.466666666667;0.057142857142857;3.7904761904762;0;16.209523809524;21.542857142857;github.com/GreenCharge/PMC.gridmix
ALL;20220102T120219;20191202T150000;20191202T151500;10.252427184466;0;0;8.7184466019417;16.640776699029;0;0;0;0;0.019417475728155;3.5533980582524;0;19.864077669903;0.058252427184466;2.873786407767;0;15.864077669903;21.78640776699;github.com/GreenCharge/PMC.gridmix
ALL;20220102T120219;20191202T151500;20191202T153000;10.512718600954;0;0;9.3799682034976;16.931637519873;0;0;0;0;0.019872813990461;3.6764705882353;0;20.329888712242;0.059618441971383;1.9872813990461;0;14.248807631161;22.476152623211;github.com/GreenCharge/PMC.gridmix
