LOC;Time;Start;End;Biomass;Lignite;Coal;Gas;HardCoal;Oil;Shale;Peat;Geothermal;HydroPumped;Hydro;Marine;Nuclear;OtherRES;Solar;Waste;WindOffShore;WindOnShore;SwID
ALL;20220102T120222;20211201T000000;20211201T001500;13.155631986242;0.10748065348237;0;7.6956147893379;5.8254514187446;0;0;0;0;0.77386070507309;2.6225279449699;0;19.668959587274;0.15047291487532;0;0;16.702493551161;31.34135855546;github.com/GreenCharge/PMC.gridmix
ALL;20220102T120222;20211201T001500;20211201T003000;12.538414259373;0.10243802499488;0;7.2935873796353;5.5521409547224;0;0;0;0;1.4546199549273;2.499487809875;0;18.725670969064;0.14341323499283;0;0;18.090555214095;31.735300143413;github.com/GreenCharge/PMC.gridmix
ALL;20220102T120222;20211201T003000;20211201T004500;12.113350628617;0.099780482937537;0;7.0245459988026;5.2883655956895;0;0;0;0;1.3171023747755;2.4346437836759;0;18.199960087807;0.13969267611255;0;0;18.838555178607;32.727998403512;github.com/GreenCharge/PMC.gridmix
ALL;20220102T120222;20211201T004500;20211201T010000;11.874635000973;0.09733307377847;0;6.7743819349815;4.7498540003893;0;0;0;0;0.19466614755694;2.3749270001947;0;17.753552657193;0.13626630328986;0;0;20.809811173837;33.463110765038;github.com/GreenCharge/PMC.gridmix
ALL;20220102T120222;20211201T010000;20211201T011500;11.470477623167;0.094020308386612;0;6.4497931553215;4.3061301241068;0;0;0;0;0;2.275291462956;0;17.149304249718;0.13162843174126;0;0;22.771718691237;33.659270402407;github.com/GreenCharge/PMC.gridmix
ALL;20220102T120222;20211201T011500;20211201T013000;11.080786026201;0.090975254730713;0;6.2227074235808;3.948326055313;0;0;0;0;0;2.2016011644833;0;16.575691411936;0.127365356623;0;0;23.926491994178;34.188500727802;github.com/GreenCharge/PMC.gridmix
ALL;20220102T120222;20211201T013000;20211201T014500;10.711134639139;0.088230104111523;0;6.0349391212282;3.8291865184401;0;0;0;0;0;2.1351685194989;0;16.075524969119;0.12352214575613;0;0;24.510322922181;34.903829186518;github.com/GreenCharge/PMC.gridmix
ALL;20220102T120222;20211201T014500;20211201T020000;10.545517720639;0.086865879082696;0;5.9242529534399;3.5962473940236;0;0;0;0;0;2.1369006254343;0;15.757470465601;0.12161223071577;0;0;24.635163307853;35.632383599722;github.com/GreenCharge/PMC.gridmix
ALL;20220102T120222;20211201T020000;20211201T021500;10.291624279417;0.084774499830451;0;5.7816208884368;3.4418446931163;0;0;0;0;0;2.0854526958291;0;15.462868769074;0.11868429976263;0;0;24.398101051204;36.809087826382;github.com/GreenCharge/PMC.gridmix
ALL;20220102T120222;20211201T021500;20211201T023000;10.003306878307;0.082671957671958;0;5.6547619047619;3.3564814814815;0;0;0;0;0;2.0337301587302;0;15.079365079365;0.11574074074074;0;0;24.73544973545;37.450396825397;github.com/GreenCharge/PMC.gridmix
ALL;20220102T120222;20211201T023000;20211201T024500;9.792813208158;0.080932340563289;0;5.535772094529;3.3344124312075;0;0;0;0;0;1.9909355778569;0;14.729685982519;0.1133052767886;0;0;24.91097442538;38.054386532859;github.com/GreenCharge/PMC.gridmix
ALL;20220102T120222;20211201T024500;20211201T030000;9.580552907531;0.079440737210041;0;5.4337464251668;3.2570702256117;0;0;0;0;0;1.986018430251;0;14.426437877344;0.11121703209406;0;0;24.674292977439;39.021290117572;github.com/GreenCharge/PMC.gridmix
ALL;20220102T120222;20211201T030000;20211201T031500;9.4366197183099;0.078247261345853;0;5.3521126760563;3.1298904538341;0;0;0;0;0;1.9718309859155;0;14.241001564945;0.10954616588419;0;0;24.428794992175;39.843505477308;github.com/GreenCharge/PMC.gridmix
ALL;20220102T120222;20211201T031500;20211201T033000;9.2658149915346;0.076958596275204;0;5.2639679852239;3.0783438510082;0;0;0;0;0;1.9393566261351;0;13.991072802832;0.10774203478529;0;0;23.995690318609;40.895798060643;github.com/GreenCharge/PMC.gridmix
ALL;20220102T120222;20211201T033000;20211201T034500;9.1406012754327;0.075918615244458;0;5.1928332827209;3.0367446097783;0;0;0;0;0;1.8675979350137;0;13.847555420589;0.10628606134224;0;0;23.671424233222;41.694503492256;github.com/GreenCharge/PMC.gridmix
ALL;20220102T120222;20211201T034500;20211201T040000;9.0593386682772;0.07549448890231;0;5.163823040918;3.0046806583119;0;0;0;0;0;1.8722633247773;0;13.770194775781;0.10569228446323;0;0;23.282500377472;42.307111580855;github.com/GreenCharge/PMC.gridmix
ALL;20220102T120222;20211201T040000;20211201T041500;8.9458774414791;0.074548978678992;0;5.0693305501715;2.9372297599523;0;0;0;0;0;1.8189950797674;0;13.567914119577;0.10436857015059;0;0;22.946175637394;43.22349783808;github.com/GreenCharge/PMC.gridmix
ALL;20220102T120222;20211201T041500;20211201T043000;8.8517807004581;0.073887985813507;0;5.0539382296439;2.9259642382149;0;0;0;0;0;1.8028668538496;0;13.462391015221;0.10344318013891;0;0;22.742722033397;43.682577212945;github.com/GreenCharge/PMC.gridmix
ALL;20220102T120222;20211201T043000;20211201T044500;8.731778425656;0.072886297376093;0;5.2040816326531;2.9008746355685;0;0;0;0;0;1.7784256559767;0;13.279883381924;0.10204081632653;0;0;22.405247813411;44.241982507289;github.com/GreenCharge/PMC.gridmix
ALL;20220102T120222;20211201T044500;20211201T050000;8.5689679919621;0.07176690110521;0;5.3681642026697;2.8706760442084;0;0;0;0;0;1.7654657671882;0;13.061576001148;0.10047366154729;0;0;22.104205540405;44.825606430314;github.com/GreenCharge/PMC.gridmix
ALL;20220102T120222;20211201T050000;20211201T051500;8.3871874121944;0.070244450688396;0;5.5633604945209;2.7535824669851;0;0;0;0;0;1.7561112672099;0;12.798538915426;0.098342230963754;0;0;21.621241921888;45.757235178421;github.com/GreenCharge/PMC.gridmix
ALL;20220102T120222;20211201T051500;20211201T053000;8.2526956040918;0.06911805363561;0;5.66768039812;2.723251313243;0;0;0;0;0;1.7279513408902;0;12.593309372408;0.096765275089853;0;0;21.150124412497;46.54409731822;github.com/GreenCharge/PMC.gridmix
ALL;20220102T120222;20211201T053000;20211201T054500;8.1198910081744;0.068119891008174;0;5.6948228882834;2.7656675749319;0;0;0;0;0;1.7029972752044;0;12.425068119891;0.095367847411444;0;0;20.953678474114;47.016348773842;github.com/GreenCharge/PMC.gridmix
ALL;20220102T120222;20211201T054500;20211201T060000;8.0351114112086;0.067521944632005;0;5.7393652937205;2.8089128966914;0;0;0;0;0;1.7015530047265;0;12.288993923025;0.094530722484808;0;0;20.729237002026;47.386900742741;github.com/GreenCharge/PMC.gridmix
ALL;20220102T120222;20211201T060000;20211201T061500;7.9248801278636;0.066595631326585;0;5.8470964304742;2.73042088439;0;0;0;0;0;1.7048481619606;0;11.867341502397;0.093233883857219;0;0;20.551411827384;48.082045817794;github.com/GreenCharge/PMC.gridmix
ALL;20220102T120222;20211201T061500;20211201T063000;7.8662083553675;0.066102591221576;0;5.8434690639873;2.8556319407721;0;0;0;0;0;1.679005817028;0;12.030671602327;0.092543627710206;0;0;19.288736118456;49.153886832364;github.com/GreenCharge/PMC.gridmix
ALL;20220102T120222;20211201T063000;20211201T064500;7.9034610794324;0.066304203686514;0;5.7949874022013;3.0102108473677;0;0;0;0;0.13260840737303;1.6708659329001;0;12.067365070945;0.092825885161119;0;0;18.406046943376;49.728152764885;github.com/GreenCharge/PMC.gridmix
ALL;20220102T120222;20211201T064500;20211201T070000;7.8318002628121;0.065703022339028;0;5.6898817345598;3.0749014454665;0;0;0;0;0.22339027595269;1.6688567674113;0;11.957950065703;0.091984231274639;0;0;18.278580814717;50;github.com/GreenCharge/PMC.gridmix
ALL;20220102T120222;20211201T070000;20211201T071500;7.7918682180677;0.065368021963655;0;5.3078833834488;3.0330762191136;0;0;0;0;0;1.699568571055;0;11.779317557851;0.091515230749118;0;0;18.185383710289;50.947836318473;github.com/GreenCharge/PMC.gridmix
ALL;20220102T120222;20211201T071500;20211201T073000;7.8756749637824;0.065850125115238;0;5.268010009219;3.0817858553931;0;0;0;0;0;1.7121032529962;0;11.97155274595;0.092190175161333;0;0;16.72593177927;52.100618991176;github.com/GreenCharge/PMC.gridmix
ALL;20220102T120222;20211201T073000;20211201T074500;7.8180154268532;0.065368021963655;0;5.2294417570924;3.0722970322918;0;0;0;0;0.31376650542555;1.7257157798405;0;11.883906392993;0.091515230749118;0.013073604392731;0;16.551183161198;52.137534318212;github.com/GreenCharge/PMC.gridmix
ALL;20220102T120222;20211201T074500;20211201T080000;7.723053120165;0.064466219700877;0;5.1830840639505;3.0299123259412;0;0;0;0;0.51572975760701;1.7019082001031;0;11.73285198556;0.090252707581227;0.1547189272821;0;16.322846828262;52.398143372873;github.com/GreenCharge/PMC.gridmix
ALL;20220102T120222;20211201T080000;20211201T081500;7.7270381836945;0.064499484004128;0;5.250257997936;3.031475748194;0;0;0;0;0.19349845201238;1.6769865841073;0;11.648606811146;0.090299277605779;0.34829721362229;0;16.176470588235;52.708978328173;github.com/GreenCharge/PMC.gridmix
ALL;20220102T120222;20211201T081500;20211201T083000;7.7761910943788;0.064909775412177;0;5.2966376736336;3.0507594443723;0;0;0;0;0.064909775412177;1.700636115799;0;11.761651304686;0.090873685577048;0.32454887706089;0;15.110995715955;53.667402310788;github.com/GreenCharge/PMC.gridmix
ALL;20220102T120222;20211201T083000;20211201T084500;7.7259850630955;0.06438320885913;0;5.2407932011331;3.0775173834664;0;0;0;0;0.038629925315478;1.699716713881;0;11.691990728818;0.090136492402781;0.45068246201391;0;14.988411022405;53.850115889776;github.com/GreenCharge/PMC.gridmix
ALL;20220102T120222;20211201T084500;20211201T090000;7.7668648229517;0.064616179891445;0;5.2468338071853;3.0757301628328;0;0;0;0;0.038769707934867;1.7058671491341;0;11.721375032308;0.090462651848023;0.6978547428276;0;14.176789868183;54.329284052727;github.com/GreenCharge/PMC.gridmix
ALL;20220102T120222;20211201T090000;20211201T091500;7.7258726899384;0.064168377823409;0;5.4158110882957;2.9774127310062;0;0;0;0;0.051334702258727;1.694045174538;0;11.640143737166;0.089835728952772;1.0523613963039;0;13.385523613963;54.82546201232;github.com/GreenCharge/PMC.gridmix
ALL;20220102T120222;20211201T091500;20211201T093000;7.66781301745;0.063686154629983;0;5.4005859126226;2.9295631129792;0;0;0;0;0.10189784740797;1.6813144822316;0;11.501719526175;0.089160616481977;1.5666794038976;0;13.284931855815;54.642720672526;github.com/GreenCharge/PMC.gridmix
ALL;20220102T120222;20211201T093000;20211201T094500;7.6019699457002;0.063139285263291;0;5.3542113903271;2.8917792650587;0;0;0;0;0.13890642757924;1.6795049880035;0;11.40295491855;0.088394999368607;2.2730142694785;0;13.15822704887;54.287157469377;github.com/GreenCharge/PMC.gridmix
ALL;20220102T120222;20211201T094500;20211201T100000;7.5628140703518;0.062814070351759;0;5.3266331658291;2.8643216080402;0;0;0;0;0.13819095477387;1.6708542713568;0;11.356783919598;0.087939698492462;3.0904522613065;0;12.701005025126;54.082914572864;github.com/GreenCharge/PMC.gridmix
ALL;20220102T120222;20211201T100000;20211201T101500;7.543157368026;0.062546910182637;0;5.3289967475607;2.8771578684013;0;0;0;0;0.1376032024018;1.6762571928947;0;11.358518889167;0.087565674255692;3.8278709031774;0;12.121591193395;53.92794595947;github.com/GreenCharge/PMC.gridmix
ALL;20220102T120222;20211201T101500;20211201T103000;7.5224550898204;0.062375249500998;0;5.314371257485;2.8692614770459;0;0;0;0;0.17465069860279;1.6841317365269;0;11.302395209581;0.087325349301397;4.3912175648703;0;12.088323353293;53.455588822355;github.com/GreenCharge/PMC.gridmix
ALL;20220102T120222;20211201T103000;20211201T104500;7.4845105328377;0.061957868649318;0;5.2788104089219;2.8748451053284;0;0;0;0;0.14869888475836;1.6728624535316;0;11.226765799257;0.086741016109046;5.0805452292441;0;11.970260223048;53.073110285006;github.com/GreenCharge/PMC.gridmix
ALL;20220102T120222;20211201T104500;20211201T110000;7.439446366782;0.061789421651013;0;5.2644587246663;2.8917449332674;0;0;0;0;0.17301038062284;1.6683143845774;0;11.183885318833;0.086505190311419;5.672268907563;0;11.789421651013;52.731092436975;github.com/GreenCharge/PMC.gridmix
ALL;20220102T120222;20211201T110000;20211201T111500;7.4553296364757;0.061614294516328;0;5.0277264325323;2.9205175600739;0;0;0;0;0.23413431916205;1.6635859519409;0;11.189155884165;0.086260012322859;5.9765865680838;0;11.645101663586;52.704867529267;github.com/GreenCharge/PMC.gridmix
ALL;20220102T120222;20211201T111500;20211201T113000;7.3901872017619;0.061177046372201;0;4.9675761654227;2.8997919980423;0;0;0;0;0.62400587299645;1.6640156613239;0;11.085280802643;0.085647864921082;6.1054692279457;0;11.57469717362;52.514376605897;github.com/GreenCharge/PMC.gridmix
ALL;20220102T120222;20211201T113000;20211201T114500;7.3324445521755;0.060598715307235;0;4.9084959398861;2.8602593625015;0;0;0;0;0.89686098654709;1.6482850563568;0;10.980487213671;0.08483820143013;5.9750333292934;0;12.14398254757;52.0906556781;github.com/GreenCharge/PMC.gridmix
ALL;20220102T120222;20211201T114500;20211201T120000;7.3525843241932;0.06066488716331;0;4.9138558602281;2.8269837418102;0;0;0;0;0.64304780393108;1.650084930842;0;11.004610531424;0.084930842028634;5.7388983256491;0;12.181509342393;52.523659305994;github.com/GreenCharge/PMC.gridmix
ALL;20220102T120222;20211201T120000;20211201T121500;7.4944348256245;0.061835270838486;0;4.8107840712342;2.9186247835766;0;0;0;0;0.19787286668316;1.6695523126391;0;11.204551075934;0.086569379173881;5.4044026712837;0;12.24338362602;52.869156566906;github.com/GreenCharge/PMC.gridmix
ALL;20220102T120222;20211201T121500;20211201T123000;7.527950310559;0.062111801242236;0;4.8198757763975;2.9192546583851;0;0;0;0;0.2360248447205;1.6645962732919;0;11.242236024845;0.08695652173913;4.9565217391304;0;11.962732919255;53.478260869565;github.com/GreenCharge/PMC.gridmix
ALL;20220102T120222;20211201T123000;20211201T124500;7.5969962453066;0.062578222778473;0;4.8560700876095;2.9536921151439;0;0;0;0;0.2377972465582;1.6896120150188;0;11.339173967459;0.087609511889862;4.5431789737171;0;11.551939924906;54.030037546934;github.com/GreenCharge/PMC.gridmix
ALL;20220102T120222;20211201T124500;20211201T130000;7.6438735675608;0.062964362171011;0;4.8860345044705;3.0096965117743;0;0;0;0;0.25185744868404;1.7000377786173;0;11.396549552953;0.088150107039416;4.2689837551946;0;11.396549552953;54.237501574109;github.com/GreenCharge/PMC.gridmix
ALL;20220102T120222;20211201T130000;20211201T131500;7.6507537688442;0.062814070351759;0;4.8869346733668;2.9899497487437;0;0;0;0;0.27638190954774;1.7336683417085;0;11.407035175879;0.087939698492462;4.1206030150754;0;11.41959798995;54.28391959799;github.com/GreenCharge/PMC.gridmix
ALL;20220102T120222;20211201T131500;20211201T133000;7.666163141994;0.06294058408862;0;4.8967774420947;3.0589123867069;0;0;0;0;0.51611278952669;1.8378650553877;0;11.430010070493;0.088116817724068;3.8519637462236;0;11.253776435045;54.279959718026;github.com/GreenCharge/PMC.gridmix
ALL;20220102T120222;20211201T133000;20211201T134500;7.7147200405371;0.0633392449962;0;4.9277932607043;3.0022802128199;0;0;0;0;0.49404611097036;1.849505953889;0;11.50240689131;0.088674942994679;3.3569799847986;0;11.211046364327;54.725107676716;github.com/GreenCharge/PMC.gridmix
ALL;20220102T120222;20211201T134500;20211201T140000;7.8036904151717;0.064069707842132;0;4.9846232701179;2.9343926191697;0;0;0;0;0.11532547411584;1.8580215274218;0;11.609431060994;0.089697590978985;3.0112762685802;0;11.442849820605;55.010251153255;github.com/GreenCharge/PMC.gridmix
ALL;20220102T120222;20211201T140000;20211201T141500;7.8811369509044;0.064599483204134;0;5.0258397932817;2.8811369509044;0;0;0;0;0.012919896640827;1.8992248062016;0;11.770025839793;0.090439276485788;2.609819121447;0;11.537467700258;55.142118863049;github.com/GreenCharge/PMC.gridmix
ALL;20220102T120222;20211201T141500;20211201T143000;7.9541009258052;0.065197548572174;0;5.0723692789151;2.8556526274612;0;0;0;0;0.013039509714435;1.890728908593;0;12.074585995567;0.091276568001043;2.1254400834529;0;11.187899334985;55.574390402921;github.com/GreenCharge/PMC.gridmix
ALL;20220102T120222;20211201T143000;20211201T144500;8.0062794348509;0.065410779696494;0;5.0889586603872;2.8780743066457;0;0;0;0;0.013082155939299;1.8969126111983;0;12.218733647305;0.091575091575092;1.7137624280481;0;11.276818419676;55.651491365777;github.com/GreenCharge/PMC.gridmix
ALL;20220102T120222;20211201T144500;20211201T150000;7.9712981082844;0.065231572080887;0;5.075016307893;2.870189171559;0;0;0;0;0.013046314416177;1.8656229615134;0;12.289628180039;0.091324200913242;1.3698630136986;0;11.376386170907;55.916503587736;github.com/GreenCharge/PMC.gridmix
ALL;20220102T120222;20211201T150000;20211201T151500;7.996335558173;0.065436461196179;0;5.0778693888235;2.8922915848711;0;0;0;0;0.013087292239236;1.8845700824499;0;12.406753042795;0.09161104567465;1.0077215024211;0;11.385944248135;56.039785368407;github.com/GreenCharge/PMC.gridmix
ALL;20220102T120222;20211201T151500;20211201T153000;8.0026195153897;0.065487884741323;0;5.0818598559267;2.8945645055665;0;0;0;0;0.013097576948265;1.8729535036018;0;12.534381139489;0.091683038637852;0.70726915520629;0;11.316306483301;56.280288146693;github.com/GreenCharge/PMC.gridmix
ALL;20220102T120222;20211201T153000;20211201T154500;8.013617912793;0.065470734581642;0;5.0936231504517;2.8938064685086;0;0;0;0;0.013094146916328;1.872463009035;0;12.648945921173;0.091659028414299;0.41901270132251;0;11.535943433285;56.213172711798;github.com/GreenCharge/PMC.gridmix
ALL;20220102T120222;20211201T154500;20211201T160000;7.9755399427531;0.065053343741868;0;5.2302888368462;2.8493364558938;0;0;0;0;0.078064012490242;1.8605256310174;0;12.620348685922;0.091074681238616;0.18214936247723;0;11.618527192298;56.297163674213;github.com/GreenCharge/PMC.gridmix
ALL;20220102T120222;20211201T160000;20211201T161500;7.9383579383579;0.064750064750065;0;5.4519554519555;2.8619528619529;0;0;0;0;0.12950012950013;1.8518518518519;0;12.535612535613;0.090650090650091;0.051800051800052;0;11.447811447811;56.449106449106;github.com/GreenCharge/PMC.gridmix
ALL;20220102T120222;20211201T161500;20211201T163000;7.9482200647249;0.064724919093851;0;5.6569579288026;2.873786407767;0;0;0;0;0.090614886731392;1.8381877022654;0;12.543689320388;0.090614886731392;0.01294498381877;0;11.36569579288;56.388349514563;github.com/GreenCharge/PMC.gridmix
ALL;20220102T120222;20211201T163000;20211201T164500;7.9663212435233;0.064766839378238;0;5.660621761658;2.9922279792746;0;0;0;0;0.077720207253886;1.839378238342;0;12.551813471503;0.090673575129534;0;0;11.424870466321;56.204663212435;github.com/GreenCharge/PMC.gridmix
ALL;20220102T120222;20211201T164500;20211201T170000;7.943683802635;0.064582795143374;0;5.7220356497029;3.0224748127099;0;0;0;0;0.077499354172049;1.8341513820718;0;12.516145698786;0.090415913200723;0;0;11.586153448721;56.019116507362;github.com/GreenCharge/PMC.gridmix
ALL;20220102T120222;20211201T170000;20211201T171500;7.8859918200409;0.063905930470348;0;5.7515337423313;3.0163599182004;0;0;0;0;0.89468302658487;1.8021472392638;0;12.384969325153;0.089468302658487;0;0;11.273006134969;55.725971370143;github.com/GreenCharge/PMC.gridmix
ALL;20220102T120222;20211201T171500;20211201T173000;7.8816477490116;0.063767376610126;0;5.7390638949114;2.9970667006759;0;0;0;0;0.99477107511797;1.7982400204056;0;12.358117587042;0.089274327254177;0;0;11.401606937891;55.566891978064;github.com/GreenCharge/PMC.gridmix
ALL;20220102T120222;20211201T173000;20211201T174500;7.9948253557568;0.064683053040103;0;5.8214747736093;3.0271668822768;0;0;0;0;1.0866752910737;1.8240620957309;0;12.535575679172;0.090556274256145;0;0;10;56.429495472186;github.com/GreenCharge/PMC.gridmix
ALL;20220102T120222;20211201T174500;20211201T180000;8.1109504403839;0.065728933876693;0;5.902458262127;3.0629683186539;0;0;0;0;1.1042460891284;1.8404101485474;0;12.738267385303;0.09202050742737;0;0;10.122255817011;55.817010648087;github.com/GreenCharge/PMC.gridmix
ALL;20220102T120222;20211201T180000;20211201T181500;8.1910811168453;0.066163821622337;0;6.1532354108773;3.030303030303;0;0;0;0;1.0453883816329;1.839354241101;0;12.835781394733;0.092629350271272;0;0;10.453883816329;55.140928940056;github.com/GreenCharge/PMC.gridmix
ALL;20220102T120222;20211201T181500;20211201T183000;8.2217212571277;0.066304203686514;0;6.086725898422;3.0102108473677;0;0;0;0;1.1139106219334;1.9095610661716;0;12.863015515184;0.092825885161119;0;0;10.794324360164;54.687707200637;github.com/GreenCharge/PMC.gridmix
ALL;20220102T120222;20211201T183000;20211201T184500;8.122293662249;0.06560818790185;0;6.0228316493898;2.9917333683244;0;0;0;0;1.0497310064296;1.8895158115733;0;12.727988452959;0.09185146306259;0;0;11.140270305734;54.756593622884;github.com/GreenCharge/PMC.gridmix
ALL;20220102T120222;20211201T184500;20211201T190000;8.0943025540275;0.065487884741323;0;5.9593975114604;2.9731499672561;0;0;0;0;1.0085134250164;1.8074656188605;0;12.704649639817;0.091683038637852;0;0;11.329404060249;54.826457105435;github.com/GreenCharge/PMC.gridmix
ALL;20220102T120222;20211201T190000;20211201T191500;8.2875886999598;0.066943365912438;0;5.6901861025572;2.9588967733298;0;0;0;0;0.16066407818985;1.8476368991833;0;12.987012987013;0.093720712277413;0;0;11.219708126925;55.522827687776;github.com/GreenCharge/PMC.gridmix
ALL;20220102T120222;20211201T191500;20211201T193000;8.3389374579691;0.067249495628783;0;5.4203093476799;2.9589778076664;0;0;0;0;0.094149293880296;1.8426361802286;0;13.046402151984;0.094149293880296;0;0;10.961667787492;56.00537995965;github.com/GreenCharge/PMC.gridmix
ALL;20220102T120222;20211201T193000;20211201T194500;8.3501683501683;0.067340067340067;0;5.3737373737374;2.9360269360269;0;0;0;0;0.13468013468013;1.8316498316498;0;13.063973063973;0.094276094276094;0;0;10.801346801347;56.175084175084;github.com/GreenCharge/PMC.gridmix
ALL;20220102T120222;20211201T194500;20211201T200000;8.3064949006978;0.067096081588835;0;5.3408480944713;2.8851315083199;0;0;0;0;0.093934514224369;1.8250134192163;0;13.016639828234;0.093934514224369;0;0;11.05743424584;56.146001073537;github.com/GreenCharge/PMC.gridmix
ALL;20220102T120222;20211201T200000;20211201T201500;8.2765985849686;0.066746762782005;0;4.9793085035376;2.8567614470698;0;0;0;0;0.34708316646643;1.8155119476705;0;12.962221332265;0.093445467894807;0;0;11.493792551061;55.947136563877;github.com/GreenCharge/PMC.gridmix
ALL;20220102T120222;20211201T201500;20211201T203000;8.2599412863624;0.066720042700827;0;4.9773151854817;2.8022417934347;0;0;0;0;0.52041633306645;1.8147851614625;0;12.943688283961;0.093408059781158;0;0;11.862823592207;55.497731518548;github.com/GreenCharge/PMC.gridmix
ALL;20220102T120222;20211201T203000;20211201T204500;8.2964750033508;0.067015145422866;0;4.9993298485458;2.7744270205066;0;0;0;0;0.29486663986061;1.8094089264174;0;12.987535182951;0.093821203592012;0;0;11.982308001608;55.528749497386;github.com/GreenCharge/PMC.gridmix
ALL;20220102T120222;20211201T204500;20211201T210000;8.3944580277099;0.067916327085031;0;5.0529747351263;2.7845694104863;0;0;0;0;0.13583265417006;1.8337408312958;0;13.148600923662;0.095082857919044;0;0;12.224938875306;55.08014126596;github.com/GreenCharge/PMC.gridmix
ALL;20220102T120222;20211201T210000;20211201T211500;8.391132870937;0.067999456004352;0;4.8551611587107;2.7471780225758;0;0;0;0;0.10879912960696;1.8495852033184;0;13.205494356045;0.095199238406093;0;0;12.239902080783;55.256357949136;github.com/GreenCharge/PMC.gridmix
ALL;20220102T120222;20211201T211500;20211201T213000;8.4255086713096;0.068278028130548;0;4.8477399972689;2.7857435477263;0;0;0;0;0.16386726751331;1.8435067595248;0;13.2322818517;0.095589239382767;0;0;12.290045063499;55.059401884474;github.com/GreenCharge/PMC.gridmix
ALL;20220102T120222;20211201T213000;20211201T214500;8.478529290712;0.068596515297023;0;4.8703525860886;2.8673343394156;0;0;0;0;0.13719303059405;1.8521059130196;0;13.294004664563;0.096035121415832;0;0;12.402249965702;54.740019207024;github.com/GreenCharge/PMC.gridmix
ALL;20220102T120222;20211201T214500;20211201T220000;8.4682953609662;0.068624759813341;0;4.8723579467472;3.019489431787;0;0;0;0;0.096074663738677;1.8528685149602;0;13.285753499863;0.096074663738677;0;0;12.421081526215;54.625308811419;github.com/GreenCharge/PMC.gridmix
ALL;20220102T120222;20211201T220000;20211201T221500;8.75;0.071022727272727;0;4.8295454545455;3.4801136363636;0;0;0;0;0.14204545454545;1.9318181818182;0;13.778409090909;0.099431818181818;0;0;12.840909090909;52.8125;github.com/GreenCharge/PMC.gridmix
ALL;20220102T120222;20211201T221500;20211201T223000;8.7681779298546;0.071285999429712;0;4.8331907613345;3.464499572284;0;0;0;0;0.099800399201597;1.9247219846022;0;13.800969489592;0.099800399201597;0;0;12.902765896778;52.765896777873;github.com/GreenCharge/PMC.gridmix
ALL;20220102T120222;20211201T223000;20211201T224500;8.7982832618026;0.071530758226037;0;5.1502145922747;3.1330472103004;0;0;0;0;0.10014306151645;1.931330472103;0;13.834048640916;0.10014306151645;0;0;12.918454935622;52.689556509299;github.com/GreenCharge/PMC.gridmix
ALL;20220102T120222;20211201T224500;20211201T230000;8.8142405971863;0.071777203560149;0;5.282802182027;3.0146425495263;0;0;0;0;0.086132644272179;1.937984496124;0;13.896066609245;0.10048808498421;0;0;12.948607522251;52.569623887453;github.com/GreenCharge/PMC.gridmix
ALL;20220102T120222;20211201T230000;20211201T231500;8.8969521044993;0.072568940493469;0;4.978229317852;2.9608127721335;0;0;0;0;0.029027576197388;1.9738751814224;0;14.049346879536;0.10159651669086;0;0;13.10595065312;52.525399129173;github.com/GreenCharge/PMC.gridmix
ALL;20220102T120222;20211201T231500;20211201T233000;8.8801970157902;0.072432275822106;0;4.9109083007388;2.9262639432131;0;0;0;0;0.028972910328843;2.0136172678546;0;13.950456323338;0.10140518615095;0;0;13.095755468637;52.716210343329;github.com/GreenCharge/PMC.gridmix
ALL;20220102T120222;20211201T233000;20211201T234500;8.926487747958;0.072928821470245;0;4.9445740956826;2.9317386231039;0;0;0;0;0.029171528588098;2.0420070011669;0;14.031505250875;0.10210035005834;0;0;13.200116686114;52.406651108518;github.com/GreenCharge/PMC.gridmix
ALL;20220102T120222;20211201T234500;20211202T000000;8.969269225114;0.073518600205852;0;4.9845610939568;2.9260402881929;0;0;0;0;0;2.0879282458462;0;14.130274959565;0.10292604028819;0;0;13.306866637259;52.095280105867;github.com/GreenCharge/PMC.gridmix
ALL;20220102T120222;20211202T000000;20211202T001500;9.1549295774648;0.074917590650285;0;4.4201378483668;3.0866047347917;0;0;0;0;0;2.1426430925981;0;14.519029068025;0.1048846269104;0;0;13.545100389571;51.618219958046;github.com/GreenCharge/PMC.gridmix
ALL;20220102T120222;20211202T001500;20211202T003000;9.3425076452599;0.076452599388379;0;3.914373088685;3.302752293578;0;0;0;0;0;2.1865443425076;0;14.80122324159;0.10703363914373;0;0;13.837920489297;51.070336391437;github.com/GreenCharge/PMC.gridmix
ALL;20220102T120222;20211202T003000;20211202T004500;9.3952483801296;0.077136686207961;0;3.8722616476396;3.6408515890157;0;0;0;0;0;2.2215365627893;0;14.91823511262;0.10799136069114;0;0;13.961740203641;50.431965442765;github.com/GreenCharge/PMC.gridmix
ALL;20220102T120222;20211202T004500;20211202T010000;9.4084769445738;0.07762769756249;0;3.896910417637;3.7571805620245;0;0;0;0;0;2.2046266107747;0;15.013196708586;0.10867877658749;0;0;14.035087719298;50.116441546344;github.com/GreenCharge/PMC.gridmix
ALL;20220102T120222;20211202T010000;20211202T011500;9.504391468005;0.078419071518193;0;3.9209535759097;3.7954830614806;0;0;0;0;0;2.2427854454203;0;15.181932245922;0.10978670012547;0;0;14.162484316186;49.623588456713;github.com/GreenCharge/PMC.gridmix
ALL;20220102T120222;20211202T011500;20211202T013000;9.4670846394984;0.078369905956113;0;3.9184952978056;3.7460815047022;0;0;0;0;0;2.2413793103448;0;15.156739811912;0.10971786833856;0;0;15.015673981191;48.887147335423;github.com/GreenCharge/PMC.gridmix
ALL;20220102T120222;20211202T013000;20211202T014500;9.5903461416323;0.079390282629406;0;3.9695141314703;3.7154652270562;0;0;0;0;0;2.2388059701493;0;15.369958717053;0.11114639568117;0;0;14.877738964751;48.6503651953;github.com/GreenCharge/PMC.gridmix
ALL;20220102T120222;20211202T014500;20211202T020000;9.8545513972871;0.081712698153293;0;4.0856349076647;3.8078117339435;0;0;0;0;0;2.3206406275535;0;15.803235822847;0.11439777741461;0;0;13.482595195293;49.011276352345;github.com/GreenCharge/PMC.gridmix
ALL;20220102T120222;20211202T020000;20211202T021500;9.9900760833609;0.082699305325835;0;4.1515051273569;3.8207079060536;0;0;0;0;0;2.3486602712537;0;16.027125372147;0.11577902745617;0;0;13.34766787959;48.660271253721;github.com/GreenCharge/PMC.gridmix
ALL;20220102T120222;20211202T021500;20211202T023000;10.044977511244;0.083291687489589;0;4.1812427119773;3.8314176245211;0;0;0;0;0;2.3654839247043;0;16.125270697984;0.11660836248542;0;0;13.809761785774;47.976011994003;github.com/GreenCharge/PMC.gridmix
ALL;20220102T120222;20211202T023000;20211202T024500;10.143218197136;0.08424599831508;0;4.262847514743;3.8416175231676;0;0;0;0;0;2.4094355518113;0;16.310025273799;0.11794439764111;0;0;14.254422914912;47.09351305813;github.com/GreenCharge/PMC.gridmix
ALL;20220102T120222;20211202T024500;20211202T030000;10.438413361169;0.086986778009743;0;4.4189283228949;3.8970076548365;0;0;0;0;0;2.4704244954767;0;16.823242867084;0.12178148921364;0;0;13.013221990257;47.199025748086;github.com/GreenCharge/PMC.gridmix
ALL;20220102T120222;20211202T030000;20211202T031500;10.447501305938;0.087062510882814;0;4.4227755528469;3.7262754657844;0;0;0;0;0;2.4377503047188;0;16.82047710256;0.12188751523594;0;0;14.121539265192;46.282430785304;github.com/GreenCharge/PMC.gridmix
ALL;20220102T120222;20211202T031500;20211202T033000;10.236220472441;0.085587127695995;0;4.3478260869565;3.5946593632318;0;0;0;0;0.034234851078398;2.413557001027;0;16.501198219788;0.11982197877439;0;0;15.782266347141;45.378295104416;github.com/GreenCharge/PMC.gridmix
ALL;20220102T120222;20211202T033000;20211202T034500;10.616012781821;0.088762648677437;0;4.5091425528138;3.7280312444523;0;0;0;0;0;2.5031066927037;0;17.148943724481;0.12426770814841;0;0;13.84697319368;45.872536836499;github.com/GreenCharge/PMC.gridmix
ALL;20220102T120222;20211202T034500;20211202T040000;10.906101571063;0.091340884179759;0;4.6401169163317;3.8363171355499;0;0;0;0;0;2.5575447570332;0;17.665327000365;0.12787723785166;0;0;12.0935330654;46.474241870661;github.com/GreenCharge/PMC.gridmix
ALL;20220102T120222;20211202T040000;20211202T041500;11.057513914657;0.092764378478664;0;4.9721706864564;3.8404452690167;0;0;0;0;0;2.5974025974026;0;17.977736549165;0.12987012987013;0;0;12.115027829314;45.621521335807;github.com/GreenCharge/PMC.gridmix
ALL;20220102T120222;20211202T041500;20211202T043000;11.415437655622;0.095767094426355;0;5.2863436123348;4.1371384792185;0;0;0;0;0;2.7389389005938;0;18.559662899828;0.1340739321969;0;0;11.492051331163;44.493392070485;github.com/GreenCharge/PMC.gridmix
ALL;20220102T120222;20211202T043000;20211202T044500;11.659807956104;0.097981579463061;0;5.4477758181462;4.4875563394082;0;0;0;0;0;2.7826768567509;0;18.988830099941;0.13717421124829;0;0;11.738193219675;42.974720752499;github.com/GreenCharge/PMC.gridmix
ALL;20220102T120222;20211202T044500;20211202T050000;12.03159813652;0.10127607859024;0;5.7524812639255;4.6789548308689;0;0;0;0;0;2.8559854162447;0;19.627304030788;0.14178651002633;0;0;11.180879076362;41.887786104922;github.com/GreenCharge/PMC.gridmix
ALL;20220102T120222;20211202T050000;20211202T051500;12.403424514512;0.10440593025684;0;6.5566924201295;4.7609104197118;0;0;0;0;0;2.9651284192942;0;20.46356233034;0.14616830235957;0;0;9.8141574441428;41.052411776989;github.com/GreenCharge/PMC.gridmix
ALL;20220102T120222;20211202T051500;20211202T053000;12.558139534884;0.10570824524313;0;7.3784355179704;4.8414376321353;0;0;0;0;0.59196617336152;3.0443974630021;0;21.057082452431;0.14799154334038;0;0;8.9640591966173;39.556025369979;github.com/GreenCharge/PMC.gridmix
ALL;20220102T120222;20211202T053000;20211202T054500;12.560898114806;0.10590976488032;0;8.0703240838805;5.0201228553273;0;0;0;0;1.0167337428511;3.0713831815293;0;21.393772505825;0.14827367083245;0;0;9.0023300148274;37.852149968227;github.com/GreenCharge/PMC.gridmix
ALL;20220102T120222;20211202T054500;20211202T060000;12.646870326853;0.10681478316599;0;8.4383678701132;5.4475539414655;0;0;0;0;0.93997009186071;3.0976287118137;0;21.747489852596;0.14954069643239;0;0;8.8869899594104;36.765648365734;github.com/GreenCharge/PMC.gridmix
ALL;20220102T120222;20211202T060000;20211202T061500;12.8;0.10810810810811;0;8.5621621621622;5.8378378378378;0;0;0;0;0.77837837837838;3.0918918918919;0;21.967567567568;0.15135135135135;0;0;9.3405405405405;35.610810810811;github.com/GreenCharge/PMC.gridmix
ALL;20220102T120222;20211202T061500;20211202T063000;13.038698328936;0.10993843447669;0;9.806508355321;6.3764291996482;0;0;0;0;0.98944591029024;3.1882145998241;0;21.921723834653;0.15391380826737;0;0;8.9929639401935;33.641160949868;github.com/GreenCharge/PMC.gridmix
ALL;20220102T120222;20211202T063000;20211202T064500;12.804483724941;0.10778184953654;0;10.735072213839;6.5746928217288;0;0;0;0;1.0131493856435;3.082560896745;0;21.340806208235;0.15089458935115;0;0;10.713515843932;31.730976503557;github.com/GreenCharge/PMC.gridmix
ALL;20220102T120222;20211202T064500;20211202T070000;12.859926390994;0.10824853864473;0;11.149599480407;7.0578047196363;0;0;0;0;0.86598830915783;3.0742584975103;0;21.541459190301;0.15154795410262;0;0;11.041350941762;30.39618965144;github.com/GreenCharge/PMC.gridmix
ALL;20220102T120222;20211202T070000;20211202T071500;12.651499043164;0.10631511800978;0;11.73718902828;6.9104826706358;0;0;0;0;0.46778651924304;2.9980863278758;0;21.284286625558;0.14884116521369;0;0;13.353178822028;28.598766744631;github.com/GreenCharge/PMC.gridmix
ALL;20220102T120222;20211202T071500;20211202T073000;12.858683926645;0.10787486515642;0;11.909385113269;7.4433656957929;0;0;0;0;0.28047464940669;3.0636461704423;0;21.68284789644;0.15102481121899;0;0;13.160733549083;27.572815533981;github.com/GreenCharge/PMC.gridmix
ALL;20220102T120222;20211202T073000;20211202T074500;12.853137804615;0.10782833728704;0;13.155057149019;7.8067716195816;0;0;0;0;1.74681906405;3.0838904464093;0;21.673495794695;0.15095967220185;0;0;11.429803752426;26.223851628208;github.com/GreenCharge/PMC.gridmix
ALL;20220102T120222;20211202T074500;20211202T080000;12.97626823427;0.10886131069018;0;13.912475506205;8.2299150881777;0;0;0;0;2.2207707380797;3.0916612236011;0;21.881123448726;0.15240583496625;0.19595035924233;0;10.341824515567;25.103418245156;github.com/GreenCharge/PMC.gridmix
ALL;20220102T120222;20211202T080000;20211202T081500;13.000871080139;0.1088850174216;0;15.004355400697;8.2752613240418;0;0;0;0;2.0034843205575;3.2883275261324;0;21.929442508711;0.15243902439024;0.32665505226481;0;10.278745644599;23.802264808362;github.com/GreenCharge/PMC.gridmix
ALL;20220102T120222;20211202T081500;20211202T083000;12.85745001075;0.10750376263169;0;15.287035046227;8.1917867125349;0;0;0;0;2.730595570845;3.1176091163191;0;21.672758546549;0.15050526768437;0.40851429800043;0;11.459901096538;22.210277359708;github.com/GreenCharge/PMC.gridmix
ALL;20220102T120222;20211202T083000;20211202T084500;12.350268484097;0.10326311441553;0;14.807930607187;7.9099545642297;0;0;0;0;2.8500619578686;2.9326724494011;0;20.797191243288;0.14456836018174;0.95002065262288;0;15.035109458901;20.384138785626;github.com/GreenCharge/PMC.gridmix
ALL;20220102T120222;20211202T084500;20211202T090000;12.332715668108;0.1029442042413;0;14.803376569899;7.9061148857319;0;0;0;0;2.532427424336;2.9442042413012;0;20.732962734198;0.14412188593782;1.8735845171917;0;15.50339715874;19.394688079061;github.com/GreenCharge/PMC.gridmix
ALL;20220102T120222;20211202T090000;20211202T091500;12.862357741035;0.10736525660296;0;15.374704745544;8.3744900150311;0;0;0;0;0.83744900150311;3.0706463388448;0;21.623362679837;0.15031135924415;3.1994846467683;0;13.957483358385;18.617135494954;github.com/GreenCharge/PMC.gridmix
ALL;20220102T120222;20211202T091500;20211202T093000;12.481736589439;0.10436234606554;0;14.965560425798;8.9334168232102;0;0;0;0;0.39657691504905;2.9638906282613;0;21.0185764976;0.14610728449176;4.5084533500313;0;15.362137340847;17.345021916093;github.com/GreenCharge/PMC.gridmix
ALL;20220102T120222;20211202T093000;20211202T094500;12.31212682726;0.1029442042413;0;14.782787729051;9.1826230183241;0;0;0;0;0.96767551986823;2.9442042413012;0;20.732962734198;0.14412188593782;5.7648754375129;0;15.071031500926;16.244595429277;github.com/GreenCharge/PMC.gridmix
ALL;20220102T120222;20211202T094500;20211202T100000;12.44277985851;0.10403662089055;0;14.918851435705;9.3841032043279;0;0;0;0;0.87390761548065;2.9754473574698;0;20.973782771536;0.14565126924677;7.1785268414482;0;12.879733666251;16.354556803995;github.com/GreenCharge/PMC.gridmix
ALL;20220102T120222;20211202T100000;20211202T101500;12.302320805093;0.10269049086055;0;14.869583076607;9.4269870609982;0;0;0;0;1.0269049086055;2.9369480386116;0;20.722941055658;0.14376668720476;8.5233107414253;0;12.46662559047;15.732183199836;github.com/GreenCharge/PMC.gridmix
ALL;20220102T120222;20211202T101500;20211202T103000;12.073490813648;0.10094891984656;0;14.37512618615;9.3276801938219;0;0;0;0;0.48455481526348;2.8669493236422;0;20.351302241066;0.14132848778518;9.5093882495457;0;13.547345043408;15.505754088431;github.com/GreenCharge/PMC.gridmix
ALL;20220102T120222;20211202T103000;20211202T104500;11.764705882353;0.09836710603974;0;13.948455636435;9.5416092858548;0;0;0;0;0.74759000590203;2.7936258115286;0;19.830808577612;0.13771394845564;10.151485343301;0;14.086169584891;15.227228014952;github.com/GreenCharge/PMC.gridmix
ALL;20220102T120222;20211202T104500;20211202T110000;11.778609415009;0.098483356312783;0;14.161906637778;10.045302343904;0;0;0;0;0.86665353555249;2.8166239905456;0;19.854244632657;0.1378766988379;10.695292495568;0;13.314949773488;14.555840063029;github.com/GreenCharge/PMC.gridmix
ALL;20220102T120222;20211202T110000;20211202T111500;11.910916683237;0.099423344601312;0;14.39650029827;10.499105189899;0;0;0;0;1.4118114933386;2.8633923245178;0;20.023861602704;0.13919268244184;10.757605885862;0;11.533107973752;14.674885663154;github.com/GreenCharge/PMC.gridmix
ALL;20220102T120222;20211202T111500;20211202T113000;11.867434014685;0.099226036912086;0;14.407620559635;10.67672157174;0;0;0;0;1.7066878348879;2.8577098630681;0;19.984123834094;0.13891645167692;10.637031156976;0;10.637031156976;15.300654891844;github.com/GreenCharge/PMC.gridmix
ALL;20220102T120222;20211202T113000;20211202T114500;11.659807956104;0.097981579463061;0;14.226925338036;11.150303742896;0;0;0;0;1.6460905349794;2.8022731726435;0;19.73349010386;0.13717421124829;10.346854791299;0;11.483441113071;15.049970605526;github.com/GreenCharge/PMC.gridmix
ALL;20220102T120222;20211202T114500;20211202T120000;11.916583912612;0.099304865938431;0;14.458788480636;11.49950347567;0;0;0;0;0.61569016881827;2.8401191658391;0;20;0.1390268123138;10.38728897716;0;11.49950347567;14.856007944389;github.com/GreenCharge/PMC.gridmix
ALL;20220102T120222;20211202T120000;20211202T121500;12.230362230362;0.1017501017501;0;14.794464794465;12.067562067562;0;0;0;0;0.2035002035002;2.9100529100529;0;20.512820512821;0.14245014245014;10.43956043956;0;10.29711029711;14.570614570615;github.com/GreenCharge/PMC.gridmix
ALL;20220102T120222;20211202T121500;20211202T123000;12.196601941748;0.10113268608414;0;14.704692556634;12.297734627832;0;0;0;0;0.18203883495146;2.8923948220065;0;20.327669902913;0.1415857605178;10.315533980583;0;10.78074433657;14.340614886731;github.com/GreenCharge/PMC.gridmix
ALL;20220102T120222;20211202T123000;20211202T124500;12.263190059075;0.10185373803219;0;14.80953350988;12.792829496843;0;0;0;0;0.22407822367081;2.933387655327;0;20.472601344469;0.14259523324506;10.287227541251;0;10.266856793644;13.974332858016;github.com/GreenCharge/PMC.gridmix
ALL;20220102T120222;20211202T124500;20211202T130000;12.510356255178;0.10356255178128;0;15.057995028998;13.504556752278;0;0;0;0;0;3.003314001657;0;20.774647887324;0.14498757249379;10.708367854184;0;8.4507042253521;13.980944490472;github.com/GreenCharge/PMC.gridmix
ALL;20220102T120222;20211202T130000;20211202T131500;12.763713080169;0.10548523206751;0;14.767932489451;13.902953586498;0;0;0;0;0;3.0801687763713;0;21.160337552743;0.14767932489451;11.075949367089;0;7.8902953586498;13.291139240506;github.com/GreenCharge/PMC.gridmix
