LOC;Time;Start;End;Biomass;Lignite;Coal;Gas;HardCoal;Oil;Shale;Peat;Geothermal;HydroPumped;Hydro;Marine;Nuclear;OtherRES;Solar;Waste;WindOffShore;WindOnShore;SwID
ALL;20220102T120218;20190301T000000;20190301T001500;16.788928382364;0.12100128563866;0;7.6230809952356;16.667927096725;0;0;0;0;0.022687741057249;7.0710126295092;0;30.772139453982;0.075625803524162;0;0;1.4293276866067;18.641760568706;github.com/GreenCharge/PMC.gridmix
ALL;20220102T120218;20190301T001500;20190301T003000;16.77639046538;0.12107453651154;0;7.5974271660991;16.617480136209;0;0;0;0;0.037835792659856;7.0828603859251;0;30.851305334847;0.075671585319712;0;0;1.4680287552024;18.584941354521;github.com/GreenCharge/PMC.gridmix
ALL;20220102T120218;20190301T003000;20190301T004500;16.808252427184;0.12135922330097;0;7.5849514563107;16.595873786408;0;0;0;0;0.022754854368932;7.1450242718447;0;30.916262135922;0.075849514563107;0;0;1.6383495145631;18.302487864078;github.com/GreenCharge/PMC.gridmix
ALL;20220102T120218;20190301T004500;20190301T010000;16.788210270435;0.12154360376785;0;7.5964752354907;16.621087815254;0;0;0;0;0.022789425706472;7.1482831965968;0;30.894864782741;0.075964752354907;0;0;1.8003646308113;18.140382862352;github.com/GreenCharge/PMC.gridmix
ALL;20220102T120218;20190301T010000;20190301T011500;16.869126747651;0.12224004889602;0;7.6094430437772;16.166246466499;0;0;0;0;0.022920009168004;7.2045228818092;0;31.003132401253;0.076400030560012;0;0;2.0780808312323;18.053327221331;github.com/GreenCharge/PMC.gridmix
ALL;20220102T120218;20190301T011500;20190301T013000;16.699455205811;0.12106537530266;0;7.5363196125908;16.192493946731;0;0;0;0;0.022699757869249;7.1882566585956;0;30.667372881356;0.075665859564165;0;0;2.5348062953995;18.174939467312;github.com/GreenCharge/PMC.gridmix
ALL;20220102T120218;20190301T013000;20190301T014500;16.580232995115;0.12025554302894;0;7.4859075535513;16.024051108606;0;0;0;0;0.022547914317926;7.1552048102217;0;30.454716272078;0.075159714393085;0;0;2.9537767756483;18.346486283352;github.com/GreenCharge/PMC.gridmix
ALL;20220102T120218;20190301T014500;20190301T020000;16.442752649649;0.11942080907598;0;7.4339453649798;15.703836393492;0;0;0;0;0.022391401701747;7.1503209434244;0;30.228392297358;0.074638005672488;0;0;3.2542170473205;18.793849828333;github.com/GreenCharge/PMC.gridmix
ALL;20220102T120218;20190301T020000;20190301T021500;16.319418699488;0.11863275747016;0;7.4145473418848;15.42225847112;0;0;0;0;0.022243642025654;7.0438199747905;0;30.080818566027;0.074145473418848;0;0;3.8926373544895;18.840364795729;github.com/GreenCharge/PMC.gridmix
ALL;20220102T120218;20190301T021500;20190301T023000;16.201281956826;0.11788108745303;0;7.3675679658145;15.354011640757;0;0;0;0;0.022102703897443;6.9844544315921;0;29.868120533412;0.073675679658145;0;0;4.4647461872836;18.779930744861;github.com/GreenCharge/PMC.gridmix
ALL;20220102T120218;20190301T023000;20190301T024500;16.112700858464;0.11739672756622;0;7.3372954728887;15.349622129283;0;0;0;0;0.022011886418666;6.98510529019;0;29.730721256145;0.073372954728887;0;0;4.8426150121065;18.666079683029;github.com/GreenCharge/PMC.gridmix
ALL;20220102T120218;20190301T024500;20190301T030000;16.039806819845;0.11707888189668;0;7.3174301185424;15.249524367042;0;0;0;0;0.021952290355627;7.0100980535636;0;29.628274549978;0.073174301185424;0;0;5.2905019757061;18.491145909557;github.com/GreenCharge/PMC.gridmix
ALL;20220102T120218;20190301T030000;20190301T031500;16.056791569087;0.087822014051522;0;7.3185011709602;14.549180327869;0;0;0;0;0.021955503512881;6.9964871194379;0;29.669203747073;0.073185011709602;0;0;5.7596604215457;18.735362997658;github.com/GreenCharge/PMC.gridmix
ALL;20220102T120218;20190301T031500;20190301T033000;15.959918675574;0.087133313970375;0;7.2611094975312;14.435085681092;0;0;0;0;0.021783328492594;6.97066511763;0;29.407493465001;0.072611094975312;0;0;6.2227708393843;18.835318036596;github.com/GreenCharge/PMC.gridmix
ALL;20220102T120218;20190301T033000;20190301T034500;15.944025522042;0.087006960556845;0;7.2505800464037;14.443155452436;0;0;0;0;0.021751740139211;6.9533062645012;0;29.364849187935;0.072505800464037;0;0;6.4747679814385;18.662993039443;github.com/GreenCharge/PMC.gridmix
ALL;20220102T120218;20190301T034500;20190301T040000;15.814857471926;0.086380650734236;0;7.1983875611863;14.108839619925;0;0;0;0;0.021595162683559;6.9248488338612;0;29.139072847682;0.071983875611863;0;0;7.3567520875324;18.557443132738;github.com/GreenCharge/PMC.gridmix
ALL;20220102T120218;20190301T040000;20190301T041500;15.812180916085;0.086287481124613;0;7.3344358955921;13.604659523981;0;0;0;0;0.021571870281153;6.8598547494068;0;29.11483425613;0.071906234270511;0;0;8.1254044725678;18.249802257856;github.com/GreenCharge/PMC.gridmix
ALL;20220102T120218;20190301T041500;20190301T043000;15.719493888055;0.085781685610122;0;7.3200371720638;13.553506326399;0;0;0;0;0.021445421402531;6.7410107941954;0;29.06569447423;0.071484738008435;0;0;8.5281292444063;18.178568875545;github.com/GreenCharge/PMC.gridmix
ALL;20220102T120218;20190301T043000;20190301T044500;15.611036243705;0.085112419320519;0;7.2629264486843;13.532874671963;0;0;0;0;0.02127810483013;6.7380665295411;0;28.782183133556;0.070927016100433;0;0;9.2843464075466;17.901978863749;github.com/GreenCharge/PMC.gridmix
ALL;20220102T120218;20190301T044500;20190301T050000;15.367405439418;0.083898482835769;0;7.2152695238761;13.535621897504;0;0;0;0;0.020974620708942;6.8027686499336;0;28.371670278962;0.069915402363141;0;0;9.8720548136755;17.961266867091;github.com/GreenCharge/PMC.gridmix
ALL;20220102T120218;20190301T050000;20190301T051500;15.131080988096;0.082570701162871;0;7.2937452693869;14.394825569394;0;0;0;0;0.020642675290718;6.4886809330489;0;27.922658776577;0.068808917635726;0;0;10.252528727723;17.656368265327;github.com/GreenCharge/PMC.gridmix
ALL;20220102T120218;20190301T051500;20190301T053000;15.004774246351;0.081844223161915;0;7.2568544536898;14.813804392307;0;0;0;0;0.020461055790479;6.4247715182103;0;27.738371299959;0.068203519301596;0;0;10.598826899468;17.310053198745;github.com/GreenCharge/PMC.gridmix
ALL;20220102T120218;20190301T053000;20190301T054500;14.65379494008;0.079893475366178;0;7.4034620505992;15.659121171771;0;0;0;0;0.019973368841545;6.2450066577896;0;27.097203728362;0.066577896138482;0;0;10.95206391478;17.157123834887;github.com/GreenCharge/PMC.gridmix
ALL;20220102T120218;20190301T054500;20190301T060000;14.15513356936;0.077244930801416;0;7.2867718056003;17.663340843257;0;0;0;0;0.019311232700354;6.0830383006115;0;26.18603154168;0.064370775667847;0;0;10.74991953653;17.071129707113;github.com/GreenCharge/PMC.gridmix
ALL;20220102T120218;20190301T060000;20190301T061500;13.593431693314;0.12346441138342;0;7.0868572134082;20.766713994691;0;0;0;0;0.018519661707513;5.8460398790049;0;25.013889746281;0.061732205691709;0;0;9.9944441014877;16.877585036113;github.com/GreenCharge/PMC.gridmix
ALL;20220102T120218;20190301T061500;20190301T063000;13.168281306064;0.11960291831121;0;6.9848104293745;22.341825140533;0;0;0;0;0.035880875493362;5.6691783279512;0;24.297332854922;0.059801459155603;0;0;9.6399952158833;17.085276880756;github.com/GreenCharge/PMC.gridmix
ALL;20220102T120218;20190301T063000;20190301T064500;12.967214079699;0.11772323267997;0;6.9692153746542;22.932485726058;0;0;0;0;0.064747777973983;5.5859673906645;0;23.927247042204;0.058861616339985;0;0;9.6003296250515;17.187591971276;github.com/GreenCharge/PMC.gridmix
ALL;20220102T120218;20190301T064500;20190301T070000;12.638936633436;0.1145869141744;0;7.081471295978;23.192391428899;0;0;0;0;1.5984874527329;5.6319468316718;0;23.289790305947;0.057293457087201;0.0057293457087201;0;9.2242465910393;16.592185172453;github.com/GreenCharge/PMC.gridmix
ALL;20220102T120218;20190301T070000;20190301T071500;12.790495508548;0.11590843233845;0;7.2790495508548;23.645320197044;0;0;0;0;0.32454361054767;5.5288322225442;0;23.54100260794;0.057954216169226;0.10431758910461;0;9.1799478412054;16.853086062011;github.com/GreenCharge/PMC.gridmix
ALL;20220102T120218;20190301T071500;20190301T073000;12.712401359369;0.11520073728472;0;7.4189274811359;23.731351880652;0;0;0;0;0.85824549277115;5.4950751684811;0;23.414549853119;0.057600368642359;0.32256206439721;0;8.5594147802546;16.73866712747;github.com/GreenCharge/PMC.gridmix
ALL;20220102T120218;20190301T073000;20190301T074500;12.320133853876;0.11154489682097;0;7.2281093139989;23.469046291132;0;0;0;0;3.3965421081985;5.3262688232013;0;22.671500278862;0.055772448410485;0.69715560513107;0;8.2375906302287;15.928611266035;github.com/GreenCharge/PMC.gridmix
ALL;20220102T120218;20190301T074500;20190301T080000;12.004769389193;0.10839520893177;0;7.0673676223511;22.914747168175;0;0;0;0;5.6582299062381;5.3059454772099;0;22.025906454935;0.054197604465883;1.105631131104;0;8.1513197116687;15.061514281069;github.com/GreenCharge/PMC.gridmix
ALL;20220102T120218;20190301T080000;20190301T081500;11.929711429953;0.10747487774733;0;7.0288570046752;22.784674082433;0;0;0;0;5.8573808372293;5.1319254124348;0;21.828147670482;0.053737438873663;1.6497393734215;0;8.6947176097587;14.396259874254;github.com/GreenCharge/PMC.gridmix
ALL;20220102T120218;20190301T081500;20190301T083000;11.747516072472;0.10626427926253;0;6.9921895754742;22.613038627066;0;0;0;0;6.0358110621115;5.0581796928962;0;21.598214760108;0.053132139631263;2.3059348599968;0;9.1599808724297;13.798416662239;github.com/GreenCharge/PMC.gridmix
ALL;20220102T120218;20190301T083000;20190301T084500;11.61838790932;0.10495382031906;0;6.9689336691856;22.397145256087;0;0;0;0;6.5753568429891;5.0482787573468;0;21.331863979849;0.05247691015953;3.0803946263644;0;9.3618807724601;12.935558354324;github.com/GreenCharge/PMC.gridmix
ALL;20220102T120218;20190301T084500;20190301T090000;11.383744855967;0.10288065843621;0;6.8930041152263;21.954732510288;0;0;0;0;6.8158436213992;5.1234567901235;0;20.920781893004;0.051440329218107;3.8425925925926;0;9.5576131687243;12.83950617284;github.com/GreenCharge/PMC.gridmix
ALL;20220102T120218;20190301T090000;20190301T091500;11.474478197975;0.10332713370531;0;7.315561066336;22.091341186195;0;0;0;0;5.0940276916718;4.9752014879107;0;21.001239925604;0.051663566852656;4.804711717297;0;9.9245711923951;12.64724116553;github.com/GreenCharge/PMC.gridmix
ALL;20220102T120218;20190301T091500;20190301T093000;11.355386267192;0.1022547164988;0;7.2396339281149;21.862058387443;0;0;0;0;4.7139424305946;4.9644664860167;0;20.767932920906;0.051127358249399;5.8131806329567;0;9.9187075003835;12.700035789151;github.com/GreenCharge/PMC.gridmix
ALL;20220102T120218;20190301T093000;20190301T094500;10.997176400654;0.099073661267152;0;7.0144152177144;21.122504582157;0;0;0;0;5.9196512607123;4.7505820577599;0;20.121860603359;0.049536830633576;6.4942784960618;0;10.036161886363;12.899390696983;github.com/GreenCharge/PMC.gridmix
ALL;20220102T120218;20190301T094500;20190301T100000;10.786123797493;0.0971722864639;0;6.9186667962297;20.697697016811;0;0;0;0;6.228743562336;4.7128558934992;0;19.711398309202;0.04858614323195;7.2441939558838;0;10.154503935478;12.914196871052;github.com/GreenCharge/PMC.gridmix
ALL;20220102T120218;20190301T100000;20190301T101500;10.849679596928;0.097832999070587;0;7.0439759330822;20.838428802035;0;0;0;0;4.7400088049699;4.7106589052487;0;19.835640561561;0.048916499535293;8.0614391234163;0;10.683363498508;12.600890280292;github.com/GreenCharge/PMC.gridmix
ALL;20220102T120218;20190301T101500;20190301T103000;10.803161901044;0.097589538401483;0;7.0069288572265;20.825607494877;0;0;0;0;3.4253927978921;4.7867668585928;0;19.786278910901;0.048794769200742;8.5098077486093;0;11.120327900849;13.101395530399;github.com/GreenCharge/PMC.gridmix
ALL;20220102T120218;20190301T103000;20190301T104500;10.65254033229;0.096315916205153;0;6.91548278353;20.688658800867;0;0;0;0;2.7305562244161;4.7724536479653;0;19.528052010595;0.048157958102576;9.121117264628;0;11.365278112208;13.599807368168;github.com/GreenCharge/PMC.gridmix
ALL;20220102T120218;20190301T104500;20190301T110000;10.520813533549;0.09503896597605;0;6.8428055502756;20.509408857632;0;0;0;0;2.1241208895647;4.6426534879301;0;19.269150351644;0.047519482988025;9.5229043908002;0;11.570994107584;14.379395552176;github.com/GreenCharge/PMC.gridmix
ALL;20220102T120218;20190301T110000;20190301T111500;10.334870290159;0.093148898514275;0;6.7067206930278;20.120162079083;0;0;0;0;2.4498160309254;4.5968981416795;0;18.885939173769;0.046574449257138;9.794606678776;0;11.48525918681;15.020259885427;github.com/GreenCharge/PMC.gridmix
ALL;20220102T120218;20190301T111500;20190301T113000;10.069822270584;0.090678273485673;0;6.5288356909684;19.677185346391;0;0;0;0;2.3757707653246;4.4885745375408;0;18.380486035546;0.045339136742836;10.047152702213;0;12.019405150526;15.82335872325;github.com/GreenCharge/PMC.gridmix
ALL;20220102T120218;20190301T113000;20190301T114500;9.8805453172876;0.088813890492473;0;6.3946001154581;19.148274790177;0;0;0;0;2.3446867090013;4.4451352191483;0;18.002575602824;0.044406945246237;10.26688574093;0;12.416181890848;16.523824326125;github.com/GreenCharge/PMC.gridmix
ALL;20220102T120218;20190301T114500;20190301T120000;9.8590296615822;0.08894027660426;0;6.4036999155067;18.339485035798;0;0;0;0;2.4236225374661;4.5359541068173;0;18.037088095344;0.04447013830213;10.352648196736;0;12.11811268733;17.352247965491;github.com/GreenCharge/PMC.gridmix
ALL;20220102T120218;20190301T120000;20190301T121500;9.940082275085;0.089429440171705;0;6.4746914684314;18.279377571096;0;0;0;0;1.7975317474513;4.4625290645681;0;18.127347522805;0.044714720085852;10.463244500089;0;11.446968341978;18.42693614738;github.com/GreenCharge/PMC.gridmix
ALL;20220102T120218;20190301T121500;20190301T123000;9.8585303117655;0.088695729300634;0;6.3860925096457;17.969754756308;0;0;0;0;1.6630449243869;4.3771342409863;0;17.983059115704;0.044347864650317;10.812009401747;0;11.109140094904;19.264712404098;github.com/GreenCharge/PMC.gridmix
ALL;20220102T120218;20190301T123000;20190301T124500;9.8600283486889;0.088589652728561;0;6.3607370659107;17.859673990078;0;0;0;0;1.6610559886605;4.3763288447909;0;17.974840538625;0.044294826364281;11.038270729979;0;10.896527285613;19.396704464918;github.com/GreenCharge/PMC.gridmix
ALL;20220102T120218;20190301T124500;20190301T130000;9.9865470852018;0.089686098654709;0;6.4215246636771;17.829596412556;0;0;0;0;0.7085201793722;4.4035874439462;0;18.242152466368;0.044843049327354;10.982062780269;0;10.883408071749;19.959641255605;github.com/GreenCharge/PMC.gridmix
ALL;20220102T120218;20190301T130000;20190301T131500;10.032464604563;0.090179457119668;0;6.3305978898007;17.801424835422;0;0;0;0;1.0641175940121;4.4683921002796;0;18.351519523852;0.045089728559834;10.672738750113;0;11.087564252863;19.605013977816;github.com/GreenCharge/PMC.gridmix
ALL;20220102T120218;20190301T131500;20190301T133000;10.19557550497;0.091604451976366;0;6.3756698575551;17.862868135391;0;0;0;0;0.091604451976366;4.5252599276325;0;18.627765309394;0.045802225988183;10.566573535474;0;11.2398662575;19.919388082261;github.com/GreenCharge/PMC.gridmix
ALL;20220102T120218;20190301T133000;20190301T134500;10.342745680847;0.092885008359651;0;6.4462195801598;17.778190600037;0;0;0;0;0;4.6303176667286;0;18.911387702025;0.046442504179825;9.9804941482445;0;11.002229240201;20.30466282742;github.com/GreenCharge/PMC.gridmix
ALL;20220102T120218;20190301T134500;20190301T140000;10.409061125152;0.093606664794533;0;6.4775812037817;17.729102312085;0;0;0;0;0;4.6194889076102;0;19.053636618927;0.046803332397267;9.7538144715904;0;10.849012449686;20.499859590003;github.com/GreenCharge/PMC.gridmix
ALL;20220102T120218;20190301T140000;20190301T141500;10.426029962547;0.093632958801498;0;6.123595505618;18.089887640449;0;0;0;0;0;4.7097378277154;0;19.068352059925;0.046816479400749;9.6910112359551;0;10.159176029963;21.123595505618;github.com/GreenCharge/PMC.gridmix
ALL;20220102T120218;20190301T141500;20190301T143000;10.538010590015;0.094553706505295;0;6.1649016641452;18.324508320726;0;0;0;0;0;4.8175113464448;0;19.255862329803;0.047276853252648;9.4128214826021;0;9.4553706505295;21.416414523449;github.com/GreenCharge/PMC.gridmix
ALL;20220102T120218;20190301T143000;20190301T144500;10.748902927135;0.096445966147466;0;6.2882769928148;18.556203886772;0;0;0;0;0;4.9332111684429;0;19.641221005931;0.048222983073733;9.3938371027632;0;9.2973911366157;20.514056999566;github.com/GreenCharge/PMC.gridmix
ALL;20220102T120218;20190301T144500;20190301T150000;10.916752413151;0.097995982164731;0;6.4089372335734;18.717232593464;0;0;0;0;0;5.0222940859425;0;19.956881767848;0.048997991082366;9.1381253368612;0;9.3684158949483;19.834386790142;github.com/GreenCharge/PMC.gridmix
ALL;20220102T120218;20190301T150000;20190301T151500;11.051693404635;0.099029510794217;0;6.4567241037829;18.974054268172;0;0;0;0;0.43077837195484;5.085165379283;0;20.162408397703;0.049514755397108;8.6799366211131;0;9.3087740146564;19.206773618538;github.com/GreenCharge/PMC.gridmix
ALL;20220102T120218;20190301T151500;20190301T153000;10.932759126945;0.097876088871489;0;6.3815209944211;18.850934716649;0;0;0;0;2.6377605950866;5.0161495546638;0;19.932465498679;0.048938044435744;7.9769012430263;0;8.8284232162083;18.806890476657;github.com/GreenCharge/PMC.gridmix
ALL;20220102T120218;20190301T153000;20190301T154500;11.126599293075;0.099566884054364;0;6.5116742171554;19.276148752925;0;0;0;0;1.9913376810873;5.0978244635834;0;20.271817593468;0.049783442027182;7.0742271120625;0;9.309503659083;18.693682481207;github.com/GreenCharge/PMC.gridmix
ALL;20220102T120218;20190301T154500;20190301T160000;11.381906990943;0.10176045588684;0;6.6551338149995;19.80258471558;0;0;0;0;1.4551745191818;5.1999592958176;0;20.698076727384;0.050880227943421;6.1972117635087;0;9.4942505342424;18.454258675079;github.com/GreenCharge/PMC.gridmix
ALL;20220102T120218;20190301T160000;20190301T161500;11.607745418678;0.10382598764471;0;6.6863936043192;20.20453719566;0;0;0;0;0.38415615428542;5.2587862742044;0;21.113014587551;0.051912993822354;5.2691688729689;0;10.128225094741;18.652338680372;github.com/GreenCharge/PMC.gridmix
ALL;20220102T120218;20190301T161500;20190301T163000;11.783607248209;0.10535187526338;0;6.8057311420143;20.62789717657;0;0;0;0;0.26337968815845;5.3466076696165;0;21.428571428571;0.05267593763169;4.3088916982722;0;10.340286557101;18.389169827223;github.com/GreenCharge/PMC.gridmix
ALL;20220102T120218;20190301T163000;20190301T164500;11.980282897557;0.10715816545221;0;6.943849121303;21.260180025718;0;0;0;0;0.26253750535791;5.4382768966995;0;21.790612944706;0.053579082726104;3.1879554222032;0;10.228246892413;18.190098585512;github.com/GreenCharge/PMC.gridmix
ALL;20220102T120218;20190301T164500;20190301T170000;12.116124140172;0.10832475762335;0;7.0411092455181;21.773276282294;0;0;0;0;0.27081189405839;5.5028976872664;0;22.049504414234;0.054162378811677;2.0527541569626;0;10.2962682121;18.171478091318;github.com/GreenCharge/PMC.gridmix
ALL;20220102T120218;20190301T170000;20190301T171500;12.218106547554;0.10894432944765;0;7.2774812071032;21.854232487199;0;0;0;0;0.27236082361913;5.5507135853579;0;22.148382176708;0.054472164723826;1.252859788648;0;10.093692123325;18.602244253187;github.com/GreenCharge/PMC.gridmix
ALL;20220102T120218;20190301T171500;20190301T173000;12.367101856442;0.11017462678345;0;7.403734919848;22.189169834187;0;0;0;0;0.27543656695863;5.6023797719385;0;22.453588938467;0.055087313391726;0.67757395471823;0;9.5576488734644;18.735195284526;github.com/GreenCharge/PMC.gridmix
ALL;20220102T120218;20190301T173000;20190301T174500;12.516696349065;0.1113089937667;0;7.479964381122;22.573463935886;0;0;0;0;0.27827248441674;5.6656277827248;0;22.673642030276;0.055654496883348;0.2560106856634;0;9.2386464826358;18.571905609973;github.com/GreenCharge/PMC.gridmix
ALL;20220102T120218;20190301T174500;20190301T180000;12.486796019347;0.11119141602268;0;7.4720631567243;23.305720798354;0;0;0;0;0.67826763773837;5.6485239339523;0;22.671929727025;0.055595708011342;0.044476566409073;0;9.0120642686385;17.935175404459;github.com/GreenCharge/PMC.gridmix
ALL;20220102T120218;20190301T180000;20190301T181500;12.484734095703;0.11102475852115;0;7.527478627734;24.025757743977;0;0;0;0;1.0380814921728;5.6678139225047;0;22.443654935051;0.055512379260575;0;0;8.5489064061286;17.541911846342;github.com/GreenCharge/PMC.gridmix
ALL;20220102T120218;20190301T181500;20190301T183000;12.27067341717;0.10887908977081;0;7.3820022864609;23.866296477761;0;0;0;0;3.4514671457347;5.5310577603571;0;22.211334313245;0.054439544885405;0;0;7.7685230551473;16.810931460613;github.com/GreenCharge/PMC.gridmix
ALL;20220102T120218;20190301T183000;20190301T184500;12.094696156324;0.10736525660296;0;7.2793643976809;23.706248657934;0;0;0;0;5.905089113163;5.4219454584496;0;21.907880609835;0.053682628301482;0;0;7.1773674039081;15.809534034786;github.com/GreenCharge/PMC.gridmix
ALL;20220102T120218;20190301T184500;20190301T190000;12.235805487639;0.10866612333605;0;7.3675631621842;23.906547133931;0;0;0;0;5.4930725346373;5.4713393099701;0;22.173322466721;0.054333061668025;0;0;7.1230643846781;15.522955718555;github.com/GreenCharge/PMC.gridmix
ALL;20220102T120218;20190301T190000;20190301T191500;12.308280115714;0.10916434692429;0;7.4013427214672;23.95065771519;0;0;0;0;5.2508050870586;5.5237159543693;0;22.269526772556;0.054582173462147;0;0;6.6262758583047;15.937994650947;github.com/GreenCharge/PMC.gridmix
ALL;20220102T120218;20190301T191500;20190301T193000;12.5297866445;0.110834026046;0;7.5145469659185;24.36131892491;0;0;0;0;4.9764477694652;5.5860349127182;0;22.610141313383;0.055417013022998;0;0;6.0681629260183;15.610972568579;github.com/GreenCharge/PMC.gridmix
ALL;20220102T120218;20190301T193000;20190301T194500;13.103728184612;0.115962196324;0;7.8622369107671;25.743607583928;0;0;0;0;1.0900446454456;5.8560909143619;0;23.650489940279;0.057981098161999;0;0;6.1517945149881;15.765060590248;github.com/GreenCharge/PMC.gridmix
ALL;20220102T120218;20190301T194500;20190301T200000;13.140857392826;0.11665208515602;0;7.8156897054535;25.896762904637;0;0;0;0;0.95654709827938;5.8617672790901;0;23.785360163313;0.058326042578011;0;0;6.1067366579178;15.654709827938;github.com/GreenCharge/PMC.gridmix
ALL;20220102T120218;20190301T200000;20190301T201500;12.672253782552;0.1124922661567;0;7.1545081275662;24.523314022161;0;0;0;0;5.5852410146802;5.7764778671466;0;22.965296135891;0.056246133078351;0;0;5.6021148546037;14.967096012149;github.com/GreenCharge/PMC.gridmix
ALL;20220102T120218;20190301T201500;20190301T203000;12.976923519595;0.11509466536226;0;7.1128503193877;25.044599182828;0;0;0;0;3.7808597571503;5.8007711342579;0;23.536859066582;0.05754733268113;0;0;6.0021867986419;14.97381596363;github.com/GreenCharge/PMC.gridmix
ALL;20220102T120218;20190301T203000;20190301T204500;13.522747707247;0.11988251513517;0;7.168974405083;25.439069711683;0;0;0;0;0.45555355751364;6.0600611400827;0;24.432056584547;0.059941257567584;0;0;6.6295030869748;15.488820955464;github.com/GreenCharge/PMC.gridmix
ALL;20220102T120218;20190301T204500;20190301T210000;13.536776212833;0.12038040207054;0;7.1746719634044;25.352112676056;0;0;0;0;0.25279884434814;6.097267364873;0;24.509449861563;0.060190201035271;0;0;6.6329601540869;15.637414228964;github.com/GreenCharge/PMC.gridmix
ALL;20220102T120218;20190301T210000;20190301T211500;13.496159385502;0.12001920307249;0;6.985117618819;25.540086413826;0;0;0;0;0.2940470475276;6.0849735957753;0;24.483917426788;0.060009601536246;0;0;6.4030244839174;15.908545367259;github.com/GreenCharge/PMC.gridmix
ALL;20220102T120218;20190301T211500;20190301T213000;13.312400023698;0.11849043189762;0;6.8250488773032;25.167367735055;0;0;0;0;0.27252799336454;6.084483677943;0;24.183897150305;0.059245215948812;0;0;6.7243320101902;16.636056638426;github.com/GreenCharge/PMC.gridmix
ALL;20220102T120218;20190301T213000;20190301T214500;13.294660826329;0.11838522552385;0;6.6532496744406;24.884574405114;0;0;0;0;0.24860897360009;6.0435657629928;0;24.156505268143;0.059192612761927;0;0;7.0675979637741;16.858056114597;github.com/GreenCharge/PMC.gridmix
ALL;20220102T120218;20190301T214500;20190301T220000;13.381630942402;0.11974613818704;0;6.7297329661118;23.997126092684;0;0;0;0;0.25146689019279;6.1190276613579;0;24.39827565561;0.059873069093522;0;0;6.9213267872111;17.399113878577;github.com/GreenCharge/PMC.gridmix
ALL;20220102T120218;20190301T220000;20190301T221500;13.351270553064;0.11958146487294;0;6.6726457399103;24.538116591928;0;0;0;0;0.25112107623318;6.1345291479821;0;24.382660687593;0.059790732436472;0;0;6.7204783258595;17.14798206278;github.com/GreenCharge/PMC.gridmix
ALL;20220102T120218;20190301T221500;20190301T223000;13.469905728789;0.1208605269519;0;6.5748126661832;24.486342760454;0;0;0;0;0.25380710659898;6.1820159535896;0;24.613246313754;0.060430263475949;0;0;6.9132221416485;16.696881798405;github.com/GreenCharge/PMC.gridmix
ALL;20220102T120218;20190301T223000;20190301T224500;13.600489446314;0.12236157846436;0;6.4851636586112;23.836035484858;0;0;0;0;0.25695931477516;6.2893851330682;0;24.937289691037;0.061180789232181;0;0;6.8338941572346;16.940960538391;github.com/GreenCharge/PMC.gridmix
ALL;20220102T120218;20190301T224500;20190301T230000;13.749613601236;0.12364760432767;0;6.5533230293663;23.319938176198;0;0;0;0;0.2596599690881;6.3616692426584;0;25.187017001546;0.061823802163833;0;0;6.7882534775889;16.952086553323;github.com/GreenCharge/PMC.gridmix
ALL;20220102T120218;20190301T230000;20190301T231500;13.735653461681;0.12341108231519;0;6.5161051462421;23.47278785635;0;0;0;0;0.77131926446995;6.3618412933481;0;25.175860792299;0.061705541157596;0;0;6.62100456621;16.518573367888;github.com/GreenCharge/PMC.gridmix
ALL;20220102T120218;20190301T231500;20190301T233000;13.990061017802;0.12580990123923;0;6.6427627854312;23.174183808266;0;0;0;0;0.025161980247846;6.4855004088822;0;25.702962823174;0.062904950619614;0;0;6.6553437755551;16.481097062339;github.com/GreenCharge/PMC.gridmix
ALL;20220102T120218;20190301T233000;20190301T234500;14.200767263427;0.12787723785166;0;6.7519181585678;22.634271099744;0;0;0;0;0.019181585677749;6.5856777493606;0;26.13810741688;0.063938618925831;0;0;6.3427109974425;16.470588235294;github.com/GreenCharge/PMC.gridmix
ALL;20220102T120218;20190301T234500;20190302T000000;14.415000976626;0.1302168109903;0;6.8754476202878;21.381600364607;0;0;0;0;0.019532521648545;6.764763330946;0;26.596783644769;0.065108405495149;0;0;5.9509082622567;17.123510645224;github.com/GreenCharge/PMC.gridmix
ALL;20220102T120218;20190302T000000;20190302T001500;15.125017078836;0.10930454980189;0;6.203033201257;19.756797376691;0;0;0;0;0;7.1252903402104;0;27.934144008744;0.068315343626178;0;0;5.2602814592157;17.761989342806;github.com/GreenCharge/PMC.gridmix
ALL;20220102T120218;20190302T001500;20190302T003000;15.180838652117;0.10980715119072;0;6.1766522544781;20.23196760689;0;0;0;0;0;7.2060942968911;0;28.04886418228;0.068629469494201;0;0;4.591311509162;17.726991970352;github.com/GreenCharge/PMC.gridmix
ALL;20220102T120218;20190302T003000;20190302T004500;15.518450961134;0.11224919320892;0;6.2859548196997;19.222674337028;0;0;0;0;0;7.3733688789112;0;28.672653290304;0.070155745755577;0;0;3.9778307843412;18.093166830363;github.com/GreenCharge/PMC.gridmix
ALL;20220102T120218;20190302T004500;20190302T010000;16.097809475293;0.11643985153919;0;6.4915217233098;17.203988064915;0;0;0;0;0;7.6631977294229;0;29.648497198166;0.072774907211993;0;0;3.7624627028601;18.244669238047;github.com/GreenCharge/PMC.gridmix
ALL;20220102T120218;20190302T010000;20190302T011500;16.661645073817;0.12051822838204;0;6.6887616752034;15.094908104851;0;0;0;0;0;7.9843326303103;0;30.762277794516;0.075323892738777;0;0;3.570352515818;18.288641156975;github.com/GreenCharge/PMC.gridmix
ALL;20220102T120218;20190302T011500;20190302T013000;16.92072003064;0.12255840674071;0;6.8326311757947;14.002297970126;0;0;0;0;0;8.0658751436231;0;31.321332822673;0.076599004212945;0;0;3.2860972807354;18.605898123324;github.com/GreenCharge/PMC.gridmix
ALL;20220102T120218;20190302T013000;20190302T014500;17.2386834493;0.12508795246658;0;6.9736533500117;12.821515127824;0;0;0;0;0;8.2401688687358;0;31.959971855211;0.078179970291611;0;0;3.009928856227;18.771010867016;github.com/GreenCharge/PMC.gridmix
ALL;20220102T120218;20190302T014500;20190302T020000;17.430902035321;0.12671259998416;0;7.064227449117;12.766294448404;0;0;0;0;0;8.3867902114517;0;32.382988833452;0.079195374990101;0;0;2.6688841371664;18.302051160212;github.com/GreenCharge/PMC.gridmix
ALL;20220102T120218;20190302T020000;20190302T021500;17.530293367347;0.12755102040816;0;7.047193877551;12.531887755102;0;0;0;0;0;8.4502551020408;0;32.613201530612;0.079719387755102;0;0;2.5749362244898;18.279655612245;github.com/GreenCharge/PMC.gridmix
ALL;20220102T120218;20190302T021500;20190302T023000;17.53112033195;0.1276731567188;0;7.0858601978934;12.384296201724;0;0;0;0;0;8.4344079157357;0;32.636450686243;0.07979572294925;0;0;2.5295244174912;18.424832428982;github.com/GreenCharge/PMC.gridmix
ALL;20220102T120218;20190302T023000;20190302T024500;17.520344662518;0.12765278442636;0;7.084729535663;12.509972873783;0;0;0;0;0;8.4330620711664;0;32.647199617042;0.079782990266475;0;0;2.3615765118877;18.469762246689;github.com/GreenCharge/PMC.gridmix
ALL;20220102T120218;20190302T024500;20190302T030000;17.549325025961;0.12780573528237;0;7.0932183081716;12.652767792955;0;0;0;0;0;8.4751178209122;0;32.694304656921;0.079878584551482;0;0;2.4043453949996;18.156402268552;github.com/GreenCharge/PMC.gridmix
ALL;20220102T120218;20190302T030000;20190302T031500;17.623016509056;0.16028209648982;0;7.0844686648501;12.790511299888;0;0;0;0;0;8.535021638083;0;32.83378746594;0.080141048244911;0;0;2.740823849976;17.382593364321;github.com/GreenCharge/PMC.gridmix
ALL;20220102T120218;20190302T031500;20190302T033000;17.735422387336;0.16152479405589;0;7.1393958972702;12.857373606849;0;0;0;0;0;8.5931190437732;0;33.104506541754;0.080762397027944;0;0;2.8428363753836;16.709739945082;github.com/GreenCharge/PMC.gridmix
ALL;20220102T120218;20190302T033000;20190302T034500;17.812779085816;0.16237720224081;0;7.1770723390436;12.925225298368;0;0;0;0;0;8.6547048794349;0;33.319801899813;0.081188601120403;0;0;2.9958593813429;16.091580742064;github.com/GreenCharge/PMC.gridmix
ALL;20220102T120218;20190302T034500;20190302T040000;17.879553418629;0.1629859017195;0;7.203976856002;12.908483416185;0;0;0;0;0;8.6789992665634;0;33.42840844267;0.081492950859751;0;0;3.1130307228425;15.760736696276;github.com/GreenCharge/PMC.gridmix
ALL;20220102T120218;20190302T040000;20190302T041500;17.783902083164;0.16211396611818;0;7.2951284753181;12.871848909784;0;0;0;0;0;8.6568857907109;0;33.265785847451;0.081056983059091;0;0;3.2747021155873;15.83042879144;github.com/GreenCharge/PMC.gridmix
ALL;20220102T120218;20190302T041500;20190302T043000;17.686416767432;0.16122531237404;0;7.2873841193067;12.898024989923;0;0;0;0;0;8.5852478839178;0;32.970576380492;0.080612656187021;0;0;3.5066505441354;16.049979846836;github.com/GreenCharge/PMC.gridmix
ALL;20220102T120218;20190302T043000;20190302T044500;17.613043129066;0.16062966829973;0;7.292586940808;12.914625331299;0;0;0;0;0;8.5695928037909;0;32.816641233636;0.080314834149867;0;0;3.1322785318448;16.649265119268;github.com/GreenCharge/PMC.gridmix
ALL;20220102T120218;20190302T044500;20190302T050000;17.537969624301;0.15987210231815;0;7.3221422861711;12.885691446843;0;0;0;0;0;8.5291766586731;0;32.669864108713;0.079936051159073;0;0;2.9976019184652;17.05035971223;github.com/GreenCharge/PMC.gridmix
ALL;20220102T120218;20190302T050000;20190302T051500;17.42580542771;0.15870496746548;0;7.3321694969053;12.823361371211;0;0;0;0;0;8.48278051103;0;32.455165846691;0.079352483732741;0;0;3.3645453102682;17.116330741152;github.com/GreenCharge/PMC.gridmix
ALL;20220102T120218;20190302T051500;20190302T053000;17.4864692773;0.15918497293855;0;7.3861827443489;12.79847182426;0;0;0;0;0;8.5004775549188;0;32.577204711875;0.079592486469277;0;0;3.1757402101242;17.07258834766;github.com/GreenCharge/PMC.gridmix
ALL;20220102T120218;20190302T053000;20190302T054500;17.508953442101;0.1591723040191;0;7.3855949064863;12.701949860724;0;0;0;0;0;8.491842419419;0;32.534818941504;0.07958615200955;0;0;2.8730600875448;17.5009948269;github.com/GreenCharge/PMC.gridmix
ALL;20220102T120218;20190302T054500;20190302T060000;17.34076433121;0.15923566878981;0;7.3566878980892;12.643312101911;0;0;0;0;0;8.4792993630573;0;32.531847133758;0.079617834394904;0;0;3.1369426751592;17.507961783439;github.com/GreenCharge/PMC.gridmix
ALL;20220102T120218;20190302T060000;20190302T061500;17.439188653831;0.15846604864908;0;7.3528246573172;13.057602408684;0;0;0;0;0;8.4858569051581;0;32.461770065763;0.079233024324538;0;0;3.090087948657;17.1143332541;github.com/GreenCharge/PMC.gridmix
ALL;20220102T120218;20190302T061500;20190302T063000;17.518480247993;0.15896987520865;0;7.3444082346395;13.480645417693;0;0;0;0;0;8.4730943486209;0;32.557030442731;0.079484937604324;0;0;2.6627454097449;16.962085684763;github.com/GreenCharge/PMC.gridmix
ALL;20220102T120218;20190302T063000;20190302T064500;17.470644239924;0.15867978419549;0;7.3310060298318;13.582989527134;0;0;0;0;0;8.4576324976198;0;32.505553792447;0.079339892097747;0;0;3.0228498889242;16.629641383688;github.com/GreenCharge/PMC.gridmix
ALL;20220102T120218;20190302T064500;20190302T070000;17.405013400599;0.15765410688948;0;7.2836197382942;13.905092227653;0;0;0;0;0;8.3871984865206;0;32.303326501655;0.078827053444742;0.0078827053444742;0;3.4762730569131;16.238373009617;github.com/GreenCharge/PMC.gridmix
ALL;20220102T120218;20190302T070000;20190302T071500;17.15438950555;0.15524334394163;0;7.1411938213149;15.02755569355;0;0;0;0;0;8.2434215633005;0;31.778312504851;0.077621671970814;0.15524334394163;0;3.9276566017232;15.594193898937;github.com/GreenCharge/PMC.gridmix
ALL;20220102T120218;20190302T071500;20190302T073000;16.959153958158;0.15326844968963;0;7.050348685723;15.296191279025;0;0;0;0;0;8.1385546785194;0;31.381715073952;0.076634224844816;0.33719058931719;0;4.7513219403786;15.119932561882;github.com/GreenCharge/PMC.gridmix
ALL;20220102T120218;20190302T073000;20190302T074500;16.916259168704;0.15281173594132;0;7.0293398533007;15.31173594132;0;0;0;0;0;8.1601466992665;0;31.303484107579;0.07640586797066;0.62652811735941;0;5.0351466992665;14.654645476773;github.com/GreenCharge/PMC.gridmix
ALL;20220102T120218;20190302T074500;20190302T080000;16.887770661787;0.15248551387618;0;7.0143336383044;15.401036901494;0;0;0;0;0;8.1655992680695;0;31.236657517536;0.076242756938091;1.1131442512961;0;5.0396462336078;14.181152790485;github.com/GreenCharge/PMC.gridmix
ALL;20220102T120218;20190302T080000;20190302T081500;16.710575837411;0.15054572826496;0;6.9251035001882;16.289047798269;0;0;0;0;0;8.0090327436959;0;30.801656003011;0.07527286413248;1.7463304478735;0;4.9604817463304;13.609333835152;github.com/GreenCharge/PMC.gridmix
ALL;20220102T120218;20190302T081500;20190302T083000;16.423005565863;0.14842300556586;0;6.8274582560297;16.118738404453;0;0;0;0;0;7.9406307977737;0;30.263450834879;0.074211502782931;2.5083487940631;0;5.6178107606679;13.365491651206;github.com/GreenCharge/PMC.gridmix
ALL;20220102T120218;20190302T083000;20190302T084500;16.138708025459;0.14631648255176;0;6.7305581973809;15.977759894652;0;0;0;0;0;7.9669324749433;0;29.833930792304;0.07315824127588;3.2994366815422;0;6.2184505084498;12.912429585193;github.com/GreenCharge/PMC.gridmix
ALL;20220102T120218;20190302T084500;20190302T090000;15.898949186699;0.14394702749388;0;6.6215632647186;15.805383618828;0;0;0;0;0.47502519072981;7.8451129984166;0;29.343601554628;0.071973513746941;4.188858500072;0;6.9526414279545;11.961997984742;github.com/GreenCharge/PMC.gridmix
ALL;20220102T120218;20190302T090000;20190302T091500;15.806750874188;0.14272461285949;0;6.5367872689645;15.614072646828;0;0;0;0;0.49953614500821;7.5358595589809;0;29.094412331407;0.071362306429744;5.1737672161564;0;7.4930421751231;11.346606722329;github.com/GreenCharge/PMC.gridmix
ALL;20220102T120218;20190302T091500;20190302T093000;15.63492623703;0.14117314886709;0;6.4374955883391;15.416107856286;0;0;0;0;0.4941060210348;7.4610009176255;0;28.792263711442;0.070586574433543;6.1127973459448;0;7.3762970283052;11.38561445613;github.com/GreenCharge/PMC.gridmix
ALL;20220102T120218;20190302T093000;20190302T094500;15.3335178522;0.13838915029062;0;6.3105452532521;15.112095211735;0;0;0;0;0.48436202601716;7.3138665928591;0;28.231386659286;0.069194575145309;6.9678937171326;0;7.3969000830335;11.977580957653;github.com/GreenCharge/PMC.gridmix
ALL;20220102T120218;20190302T094500;20190302T100000;15.076608784474;0.13619339462036;0;6.2104187946885;14.872318692543;0;0;0;0;0.47667688117126;7.2114402451481;0;27.783452502554;0.06809669731018;7.565543071161;0;7.3476336397685;12.597889002383;github.com/GreenCharge/PMC.gridmix
ALL;20220102T120218;20190302T100000;20190302T101500;15.004741904891;0.13548299688389;0;6.1509280585287;14.605067064083;0;0;0;0;0.020322449532584;7.1467280856253;0;27.638531364314;0.067741498441946;8.3728492074245;0;7.207695434223;12.999593551009;github.com/GreenCharge/PMC.gridmix
ALL;20220102T120218;20190302T101500;20190302T103000;14.796225657498;0.13384193267751;0;6.0764237435589;14.428160342635;0;0;0;0;0.34129692832765;7.0802382386402;0;27.290370072944;0.066920966338754;9.0276383590979;0;7.3144616208258;12.801980860604;github.com/GreenCharge/PMC.gridmix
ALL;20220102T120218;20190302T103000;20190302T104500;14.77796327212;0.13355592654424;0;6.0901502504174;13.969949916528;0;0;0;0;0.03338898163606;7.0651085141903;0;27.265442404007;0.06677796327212;9.8430717863105;0;7.6794657762938;12.434056761269;github.com/GreenCharge/PMC.gridmix
ALL;20220102T120218;20190302T104500;20190302T110000;14.716830630152;0.13294336612603;0;6.062217495347;13.294336612603;0;0;0;0;0.10635469290082;7.0127625631481;0;27.12044668971;0.066471683063015;10.382876894443;0;8.156075511832;12.31055570327;github.com/GreenCharge/PMC.gridmix
ALL;20220102T120218;20190302T110000;20190302T111500;14.357976653696;0.12970168612192;0;5.9403372243839;12.01037613489;0;0;0;0;1.9649805447471;6.8741893644617;0;26.465629053178;0.06485084306096;10.590142671855;0;8.8002594033722;12.178988326848;github.com/GreenCharge/PMC.gridmix
ALL;20220102T120218;20190302T111500;20190302T113000;14.335732347792;0.12967645723919;0;5.913246450107;10.763145950853;0;0;0;0;1.9775659728976;6.8209816507813;0;26.453997276794;0.064838228619594;10.964144459573;0;9.8878298644881;12.066394346106;github.com/GreenCharge/PMC.gridmix
ALL;20220102T120218;20190302T113000;20190302T114500;14.266365688488;0.12899064817801;0;5.8819735569171;10.370848113512;0;0;0;0;1.9671073847146;6.7720090293454;0;26.314092228313;0.064495324089004;11.054498548855;0;10.777168655272;11.783295711061;github.com/GreenCharge/PMC.gridmix
ALL;20220102T120218;20190302T114500;20190302T120000;14.208494208494;0.12870012870013;0;5.8687258687259;10.29601029601;0;0;0;0;1.5250965250965;6.7503217503218;0;26.241956241956;0.064350064350064;11.261261261261;0;11.776061776062;11.261261261261;github.com/GreenCharge/PMC.gridmix
ALL;20220102T120218;20190302T120000;20190302T121500;14.033528067056;0.12700025400051;0;5.7912115824232;10.566421132842;0;0;0;0;1.492252984506;6.6738633477267;0;25.895351790704;0.063500127000254;11.220472440945;0;12.192024384049;11.334772669545;github.com/GreenCharge/PMC.gridmix
ALL;20220102T120218;20190302T121500;20190302T123000;13.865914786967;0.12531328320802;0;5.6892230576441;10.375939849624;0;0;0;0;1.4724310776942;6.5789473684211;0;25.551378446115;0.06265664160401;11.347117794486;0;12.756892230576;11.572681704261;github.com/GreenCharge/PMC.gridmix
ALL;20220102T120218;20190302T123000;20190302T124500;13.629081947012;0.12322858903266;0;5.5945779420826;10.154035736291;0;0;0;0;1.4479359211337;6.5003080714726;0;25.0955021565;0.061614294516328;11.337030191004;0;13.54898336414;11.916204559458;github.com/GreenCharge/PMC.gridmix
ALL;20220102T120218;20190302T124500;20190302T130000;13.682516097078;0.12382367508668;0;5.6215948489351;10.079247152055;0;0;0;0;0.16716196136701;6.5378900445765;0;25.055720653789;0.061911837543338;11.34224863794;0;14.419266963843;12.31426448737;github.com/GreenCharge/PMC.gridmix
