LOC;Time;Start;End;Biomass;Lignite;Coal;Gas;HardCoal;Oil;Shale;Peat;Geothermal;HydroPumped;Hydro;Marine;Nuclear;OtherRES;Solar;Waste;WindOffShore;WindOnShore;SwID
ALL;20220102T120219;20191001T000000;20191001T001500;15.231591448931;0;0;8.8182897862233;4.6615201900238;0;0;0;0;0.05938242280285;5.0178147268409;0;29.097387173397;0.089073634204276;0;0;3.9192399049881;32.541567695962;github.com/GreenCharge/PMC.gridmix
ALL;20220102T120219;20191001T001500;20191001T003000;15.668906536347;0;0;8.9187538179597;4.6731826511912;0;0;0;0;0;5.1924251679902;0;29.718998167379;0.091631032376298;0;0;3.5736102626756;31.582162492364;github.com/GreenCharge/PMC.gridmix
ALL;20220102T120219;20191001T003000;20191001T004500;15.905560733147;0;0;8.7604846225536;4.6908977943461;0;0;0;0;0;5.3432743087915;0;30.195712954334;0.093196644920783;0;0;3.3550792171482;31.065548306928;github.com/GreenCharge/PMC.gridmix
ALL;20220102T120219;20191001T004500;20191001T010000;16.191381495564;0;0;8.93536121673;4.6894803548796;0;0;0;0;0;5.5449936628644;0;30.544993662864;0.095057034220532;0;0;2.8833967046895;30.513307984791;github.com/GreenCharge/PMC.gridmix
ALL;20220102T120219;20191001T010000;20191001T011500;16.46793425717;0;0;8.7012568482114;4.6728971962617;0;0;0;0;0;5.6719303899452;0;31.26007089913;0.096680631646793;0;0;2.481469545601;30.035449564937;github.com/GreenCharge/PMC.gridmix
ALL;20220102T120219;20191001T011500;20191001T013000;16.585524180461;0;0;8.9256734826355;4.5764362220058;0;0;0;0;0;5.744888023369;0;31.548198636806;0.097370983446933;0;0;2.2395326192795;29.665692956832;github.com/GreenCharge/PMC.gridmix
ALL;20220102T120219;20191001T013000;20191001T014500;16.72131147541;0;0;9.016393442623;4.4918032786885;0;0;0;0;0;5.7704918032787;0;31.901639344262;0.098360655737705;0;0;2.2295081967213;29.147540983607;github.com/GreenCharge/PMC.gridmix
ALL;20220102T120219;20191001T014500;20191001T020000;16.876240900066;0;0;9.0999338186631;4.3348775645268;0;0;0;0;0;5.8570483123759;0;32.197220383852;0.099272005294507;0;0;1.9523494374586;28.954334877565;github.com/GreenCharge/PMC.gridmix
ALL;20220102T120219;20191001T020000;20191001T021500;17.258883248731;0;0;8.2571912013536;4.331641285956;0;0;0;0;0;6.0236886632826;0;33.299492385787;0.10152284263959;0;0;1.8612521150592;28.189509306261;github.com/GreenCharge/PMC.gridmix
ALL;20220102T120219;20191001T021500;20191001T023000;17.543859649123;0;0;7.7743378052976;4.4031647746818;0;0;0;0;0;6.0199518403853;0;33.918128654971;0.1031991744066;0;0;1.7199862401101;27.829377364981;github.com/GreenCharge/PMC.gridmix
ALL;20220102T120219;20191001T023000;20191001T024500;17.739130434783;0;0;7.8260869565217;4.6260869565217;0;0;0;0;0;6.1565217391304;0;34.295652173913;0.10434782608696;0;0;1.6;26.95652173913;github.com/GreenCharge/PMC.gridmix
ALL;20220102T120219;20191001T024500;20191001T030000;17.801047120419;0;0;7.8534031413613;4.7120418848168;0;0;0;0;0;6.2129144851658;0;34.415357766143;0.10471204188482;0;0;1.326352530541;26.876090750436;github.com/GreenCharge/PMC.gridmix
ALL;20220102T120219;20191001T030000;20191001T031500;17.755385684503;0;0;8.2696316886727;4.6560111188325;0;0;0;0;0;6.1501042390549;0;34.259902710215;0.10423905489924;0;0;0.90340514246004;27.2063933287;github.com/GreenCharge/PMC.gridmix
ALL;20220102T120219;20191001T031500;20191001T033000;17.761557177616;0;0;8.3072645116441;4.6576294751477;0;0;0;0;0;6.1174834897463;0;34.237052485228;0.10427528675704;0;0;0.66041014946124;27.45915884602;github.com/GreenCharge/PMC.gridmix
ALL;20220102T120219;20191001T033000;20191001T034500;17.811084001394;0;0;8.3304287208086;4.6706169397002;0;0;0;0;0;6.1345416521436;0;34.332520041826;0.10456605088881;0;0;0.52283025444406;27.396305332869;github.com/GreenCharge/PMC.gridmix
ALL;20220102T120219;20191001T034500;20191001T040000;17.763845350052;0;0;8.3246255660049;4.6325322187391;0;0;0;0;0;6.1302681992337;0;34.343434343434;0.10449320794148;0;0;0.34831069313828;27.655869035179;github.com/GreenCharge/PMC.gridmix
ALL;20220102T120219;20191001T040000;20191001T041500;17.917251051893;0;0;8.2398316970547;4.6283309957924;0;0;0;0;0;6.1711079943899;0;34.396914446003;0.10518934081346;0;0;0.2805049088359;27.594670406732;github.com/GreenCharge/PMC.gridmix
ALL;20220102T120219;20191001T041500;20191001T043000;17.80487804878;0;0;8.1533101045296;4.7735191637631;0;0;0;0;0;6.1324041811847;0;34.146341463415;0.10452961672474;0;0;0.59233449477352;27.630662020906;github.com/GreenCharge/PMC.gridmix
ALL;20220102T120219;20191001T043000;20191001T044500;17.661262504312;0;0;8.0717488789238;4.8982407726802;0;0;0;0;0;6.0020696791997;0;33.804760262159;0.1034839599862;0;0;0.75888237323215;28.044153156261;github.com/GreenCharge/PMC.gridmix
ALL;20220102T120219;20191001T044500;20191001T050000;17.506811989101;0;0;7.9700272479564;5.0068119891008;0;0;0;0;0;6.0967302452316;0;33.378746594005;0.10217983651226;0;0;0.88555858310627;28.405994550409;github.com/GreenCharge/PMC.gridmix
ALL;20220102T120219;20191001T050000;20191001T051500;16.934689858878;0;0;9.255004922875;5.1197899573351;0;0;0;0;0;6.2028224483098;0;32.589432228421;0.098457499179521;0;0;0.98457499179521;28.158844765343;github.com/GreenCharge/PMC.gridmix
ALL;20220102T120219;20191001T051500;20191001T053000;16.35101010101;0;0;9.9747474747475;6.4078282828283;0;0;0;0;0;5.9974747474747;0;31.376262626263;0.09469696969697;0;0;1.3257575757576;27.840909090909;github.com/GreenCharge/PMC.gridmix
ALL;20220102T120219;20191001T053000;20191001T054500;15.958102279729;0;0;10.012322858903;6.7467652495379;0;0;0;0;0.36968576709797;5.6069008009858;0;30.406654343808;0.092421441774492;0;0;1.7560073937153;28.434996919285;github.com/GreenCharge/PMC.gridmix
ALL;20220102T120219;20191001T054500;20191001T060000;15.620306398318;0;0;10.063082006609;7.5097626914989;0;0;0;0;0.15019525382998;5.3169119855813;0;29.588465004506;0.090117152297987;0;0;2.3730850105137;28.687293481526;github.com/GreenCharge/PMC.gridmix
ALL;20220102T120219;20191001T060000;20191001T061500;15.218658892128;0;0;10.553935860058;8.1632653061224;0;0;0;0;0.029154518950437;5.1020408163265;0;28.454810495627;0.087463556851312;0;0;3.3819241982507;28.425655976676;github.com/GreenCharge/PMC.gridmix
ALL;20220102T120219;20191001T061500;20191001T063000;14.658071748879;0;0;10.257847533632;8.7443946188341;0;0;0;0;0.47645739910314;4.9607623318386;0;27.410313901345;0.084080717488789;0;0;4.3161434977578;28.531390134529;github.com/GreenCharge/PMC.gridmix
ALL;20220102T120219;20191001T063000;20191001T064500;14.223669923996;0;0;10.043431053203;9.4462540716612;0;0;0;0;0.542888165038;4.8588490770901;0;26.71009771987;0.0814332247557;0;0;4.885993485342;28.664495114007;github.com/GreenCharge/PMC.gridmix
ALL;20220102T120219;20191001T064500;20191001T070000;13.773239067819;0;0;9.7669547001833;10.028803351663;0;0;0;0;0.83791568473422;4.6085362660382;0;26.027755957057;0.078554595443833;0;0;5.4726368159204;28.881906258183;github.com/GreenCharge/PMC.gridmix
ALL;20220102T120219;20191001T070000;20191001T071500;13.287947554211;0;0;9.8587997982854;10.211800302572;0;0;0;0;1.3363590519415;4.6142208774584;0;25.340393343419;0.075642965204236;0;0;6.0010085728694;28.74432677761;github.com/GreenCharge/PMC.gridmix
ALL;20220102T120219;20191001T071500;20191001T073000;12.92934249264;0;0;9.5927379784102;10.353287536801;0;0;0;0;2.3552502453386;4.3915603532875;0;24.705593719333;0.07360157016683;0.19627085377821;0;6.378802747792;28.508341511286;github.com/GreenCharge/PMC.gridmix
ALL;20220102T120219;20191001T073000;20191001T074500;12.511893434824;0;0;9.3006660323501;10.109419600381;0;0;0;0;2.7592768791627;4.18648905804;0;24.000951474786;0.071360608943863;1.2131303520457;0;6.9695528068506;28.37773549001;github.com/GreenCharge/PMC.gridmix
ALL;20220102T120219;20191001T074500;20191001T080000;12.203626220363;0;0;9.0887959088796;9.9721059972106;0;0;0;0;2.092050209205;4.091120409112;0;23.477452347745;0.069735006973501;2.649930264993;0;7.7870757787076;28.079962807996;github.com/GreenCharge/PMC.gridmix
ALL;20220102T120219;20191001T080000;20191001T081500;11.829652996845;0;0;9.5313204146012;9.8918431726003;0;0;0;0;1.4646237043713;4.01081568274;0;22.757999098693;0.067598017124831;4.3488057683641;0;7.999098693105;27.625056331681;github.com/GreenCharge/PMC.gridmix
ALL;20220102T120219;20191001T081500;20191001T083000;11.400651465798;0;0;9.185667752443;9.5548317046688;0;0;0;0;1.4115092290988;3.8870792616721;0;21.954397394137;0.06514657980456;6.1454940282302;0;8.4039087947883;27.535287730727;github.com/GreenCharge/PMC.gridmix
ALL;20220102T120219;20191001T083000;20191001T084500;11.167728237792;0;0;8.9808917197452;9.4055201698514;0;0;0;0;0.48832271762208;3.9065817409766;0;21.464968152866;0.063694267515924;7.9830148619958;0;8.5138004246284;27.579617834395;github.com/GreenCharge/PMC.gridmix
ALL;20220102T120219;20191001T084500;20191001T090000;10.81136738056;0;0;8.7108731466227;9.0403624382208;0;0;0;0;0.67957166392092;3.8920922570016;0;20.799011532125;0.061779242174629;9.6169686985173;0;9.0403624382208;26.915156507414;github.com/GreenCharge/PMC.gridmix
ALL;20220102T120219;20191001T090000;20191001T091500;10.395256916996;0;0;8.2213438735178;8.4782608695652;0;0;0;0;2.3517786561265;3.7747035573123;0;19.9604743083;0.059288537549407;10.98814229249;0;9.3675889328063;25.98814229249;github.com/GreenCharge/PMC.gridmix
ALL;20220102T120219;20191001T091500;20191001T093000;10.172447200155;0;0;8.0604534005038;8.2542142995544;0;0;0;0;1.9376089905057;3.720209261771;0;19.550474714203;0.058128269715171;12.381321449332;0;9.5911645030033;25.867080023251;github.com/GreenCharge/PMC.gridmix
ALL;20220102T120219;20191001T093000;20191001T094500;9.9980956008379;0;0;7.9223005141878;8.017520472291;0;0;0;0;1.4092553799276;3.4660064749572;0;19.215387545229;0.057131974861931;13.921157874691;0;9.3315558941154;26.261664444868;github.com/GreenCharge/PMC.gridmix
ALL;20220102T120219;20191001T094500;20191001T100000;9.8072244057646;0;0;7.8046041549691;7.7110237694179;0;0;0;0;0.69249485307879;3.3688938798428;0;18.88452180423;0.056148231330713;15.253602844844;0;9.5451993262212;26.483249110986;github.com/GreenCharge/PMC.gridmix
ALL;20220102T120219;20191001T100000;20191001T101500;9.3399750933998;0;0;7.4186087884718;7.4363992172211;0;0;0;0;2.4372887386586;3.3979718911226;0;17.950542608077;0.053371286247999;16.207080590642;0;10.229496530866;25.155666251557;github.com/GreenCharge/PMC.gridmix
ALL;20220102T120219;20191001T101500;20191001T103000;9.2429577464789;0;0;7.3415492957746;7.2183098591549;0;0;0;0;1.056338028169;3.1866197183099;0;17.764084507042;0.052816901408451;17.781690140845;0;10.56338028169;25.422535211268;github.com/GreenCharge/PMC.gridmix
ALL;20220102T120219;20191001T103000;20191001T104500;9.0360406966718;0;0;7.1736506294189;7.0529401620969;0;0;0;0;1.0346611484739;3.1384721503708;0;17.365062941887;0.051733057423694;18.589411967581;0;10.432833247112;25.763062596999;github.com/GreenCharge/PMC.gridmix
ALL;20220102T120219;20191001T104500;20191001T110000;8.7736956886428;0;0;6.9786948498574;6.7773863445731;0;0;0;0;1.3923838282167;3.0196275792652;0;16.893138735112;0.050327126321087;18.872672370408;0;10.468042274786;26.421741318571;github.com/GreenCharge/PMC.gridmix
ALL;20220102T120219;20191001T110000;20191001T111500;8.6118886876338;0;0;6.7347274822987;6.3560019759592;0;0;0;0;1.1361765190186;2.9804050716285;0;16.581590647127;0.049398979087766;19.413798781492;0;10.867775399308;26.922443602832;github.com/GreenCharge/PMC.gridmix
ALL;20220102T120219;20191001T111500;20191001T113000;8.5311937121336;0;0;6.6972326838055;6.1896184706075;0;0;0;0;1.0807270345505;3.0129359751105;0;16.472899950876;0.049123956115933;20.304568527919;0;9.6446700507614;27.673161945309;github.com/GreenCharge/PMC.gridmix
ALL;20220102T120219;20191001T113000;20191001T114500;8.576582486061;0;0;6.7071170875697;6.0839619547393;0;0;0;0;0.5739586749754;2.9845851098721;0;16.480813381437;0.049196457855034;21.023286323385;0;8.609380124631;28.56674319449;github.com/GreenCharge/PMC.gridmix
ALL;20220102T120219;20191001T114500;20191001T120000;8.4545748464274;0;0;6.6117038473973;5.8842547688328;0;0;0;0;0.56579372777239;2.8774652440996;0;16.246362754607;0.048496605237633;21.225347559004;0;8.6808923375364;29.065632072422;github.com/GreenCharge/PMC.gridmix
ALL;20220102T120219;20191001T120000;20191001T121500;8.3827536464177;0;0;6.5234813271358;5.8502965218785;0;0;0;0;1.2021157236737;2.8850777368168;0;16.092322487578;0.048084628946947;21.557941977881;0;8.0141048244911;29.123256932201;github.com/GreenCharge/PMC.gridmix
ALL;20220102T120219;20191001T121500;20191001T123000;8.4057971014493;0;0;6.5539452495974;5.8132045088567;0;0;0;0;1.1594202898551;2.914653784219;0;16.167471819646;0.048309178743961;21.561996779388;0;8.389694041868;28.66344605475;github.com/GreenCharge/PMC.gridmix
ALL;20220102T120219;20191001T123000;20191001T124500;8.5075114304376;0;0;6.6459830176355;5.8458523840627;0;0;0;0;1.2410189418681;2.9229261920314;0;16.394513389941;0.048987589810581;21.766819072502;0;8.3278902677988;27.971913781842;github.com/GreenCharge/PMC.gridmix
ALL;20220102T120219;20191001T124500;20191001T130000;8.5120314290391;0;0;6.6623015223441;5.8110983794402;0;0;0;0;0.99852676379113;3.0446881650025;0;16.434768374529;0.049107873629072;21.853003764937;0;8.0864298575872;28.220658045507;github.com/GreenCharge/PMC.gridmix
ALL;20220102T120219;20191001T130000;20191001T131500;8.4939562234564;0;0;6.5991506043777;5.8150931068278;0;0;0;0;1.2577589023195;3.0708918654035;0;16.39986932375;0.049003593596864;21.365566808233;0;8.5429598170532;28.079059131003;github.com/GreenCharge/PMC.gridmix
ALL;20220102T120219;20191001T131500;20191001T133000;8.5822743026902;0;0;6.6677669582439;5.8095395279749;0;0;0;0;0.72619244099686;3.0863178742367;0;16.570391153656;0.049513120977059;20.993563294273;0;8.8958574022116;28.28849645156;github.com/GreenCharge/PMC.gridmix
ALL;20220102T120219;20191001T133000;20191001T134500;8.8424983027834;0;0;6.856754921928;5.8893414799728;0;0;0;0;0.79769178547183;3.173794976239;0;17.04005431093;0.05091649694501;20.298710115411;0;8.214528173795;28.496266123557;github.com/GreenCharge/PMC.gridmix
ALL;20220102T120219;20191001T134500;20191001T140000;8.72471717518;0;0;6.9249228659582;5.9307507713404;0;0;0;0;1.1312992800823;3.1882070620501;0;17.175179979431;0.051422694549194;19.917723688721;0;8.1762084333219;28.436750085704;github.com/GreenCharge/PMC.gridmix
ALL;20220102T120219;20191001T140000;20191001T141500;8.9790258276998;0;0;6.9856127578436;5.962905182874;0;0;0;0;0.34668053388802;3.2067949384642;0;17.351360721096;0.052002080083203;19.916796671867;0;8.3029987866181;28.566475992373;github.com/GreenCharge/PMC.gridmix
ALL;20220102T120219;20191001T141500;20191001T143000;9.1937765205092;0;0;7.1074964639321;6.0289957567185;0;0;0;0;0.3005657708628;3.2178217821782;0;17.69801980198;0.053041018387553;19.625176803395;0;8.2036775106082;28.235502121641;github.com/GreenCharge/PMC.gridmix
ALL;20220102T120219;20191001T143000;20191001T144500;9.3491549802229;0;0;7.2455951096728;6.1668464581086;0;0;0;0;0.32362459546926;3.272204243078;0;17.997123336929;0.053937432578209;18.932038834951;0;8.3423229054297;27.975548363898;github.com/GreenCharge/PMC.gridmix
ALL;20220102T120219;20191001T144500;20191001T150000;9.5834869148544;0;0;7.4272023590122;6.3214154072982;0;0;0;0;0.33173608551419;3.3726502027276;0;18.448212311095;0.055289347585698;18.411352746038;0;8.0169553999263;27.681533357906;github.com/GreenCharge/PMC.gridmix
ALL;20220102T120219;20191001T150000;20191001T151500;9.833899584749;0;0;7.60664401661;6.5118912797282;0;0;0;0;0.32087580218951;3.4730086825217;0;18.893922234806;0.056625141562854;17.308418271046;0;7.3046432616082;28.312570781427;github.com/GreenCharge/PMC.gridmix
ALL;20220102T120219;20191001T151500;20191001T153000;10.06168080185;0;0;7.787201233616;6.6499614494988;0;0;0;0;0.42405551272167;3.4695451040864;0;19.275250578258;0.057825751734773;15.59367771781;0;6.7848882035466;29.510408635312;github.com/GreenCharge/PMC.gridmix
ALL;20220102T120219;20191001T153000;20191001T154500;10.336633663366;0;0;8;6.8118811881188;0;0;0;0;0.51485148514851;3.6435643564356;0;19.80198019802;0.059405940594059;14.613861386139;0;6.4950495049505;29.326732673267;github.com/GreenCharge/PMC.gridmix
ALL;20220102T120219;20191001T154500;20191001T160000;10.712822613683;0;0;8.2957804178615;7.10774272839;0;0;0;0;0.67595247849242;3.6460467021712;0;20.483408439164;0.061450225317493;13.334698893896;0;5.6534207292093;29.619008603032;github.com/GreenCharge/PMC.gridmix
ALL;20220102T120219;20191001T160000;20191001T161500;11.182108626198;0;0;8.604898828541;7.2843450479233;0;0;0;0;0.85197018104366;3.7486687965921;0;21.277955271565;0.063897763578275;12.034078807242;0;4.8349307774228;29.691160809372;github.com/GreenCharge/PMC.gridmix
ALL;20220102T120219;20191001T161500;20191001T163000;11.440400958815;0;0;8.8254521682284;7.5179777729353;0;0;0;0;0.87164959686206;3.9660056657224;0;21.747657441708;0.065373719764655;11.048158640227;0;4.5543691436043;29.527130093702;github.com/GreenCharge/PMC.gridmix
ALL;20220102T120219;20191001T163000;20191001T164500;11.581733951026;0;0;8.9344804765056;7.6990955217295;0;0;0;0;1.2574454003971;3.8385175380543;0;22.01632472976;0.066181336863005;9.9051400838297;0;4.5885726891683;29.671299360247;github.com/GreenCharge/PMC.gridmix
ALL;20220102T120219;20191001T164500;20191001T170000;11.746245236494;0;0;9.1010984084286;7.9354404841964;0;0;0;0;1.0984084286035;4.0573862362699;0;22.394082044385;0.067249495628783;9.1907644026003;0;4.6626316969289;29.298363595606;github.com/GreenCharge/PMC.gridmix
ALL;20220102T120219;20191001T170000;20191001T171500;12.281926029309;0;0;9.4905792044662;8.3042568039079;0;0;0;0;0.46522447080716;4.0009304489416;0;23.028611304955;0.069783670621075;8.3042568039079;0;4.5591998139102;29.006745754827;github.com/GreenCharge/PMC.gridmix
ALL;20220102T120219;20191001T171500;20191001T173000;12.628557761301;0;0;9.7584309973691;8.6582157378618;0;0;0;0;0.74144941401579;4.0899306386032;0;23.822052140636;0.071753169098302;6.983975125568;0;4.6400382683569;28.103324563502;github.com/GreenCharge/PMC.gridmix
ALL;20220102T120219;20191001T173000;20191001T174500;12.818645302258;0;0;9.9538722991017;8.9584850691916;0;0;0;0;1.5780529254673;4.3942704539937;0;24.253459577567;0.072833211944647;5.4139354212187;0;4.7098810390872;27.336732216557;github.com/GreenCharge/PMC.gridmix
ALL;20220102T120219;20191001T174500;20191001T180000;13.133068520357;0;0;10.203574975174;9.4091360476663;0;0;0;0;2.0357497517378;4.5183714001986;0;24.801390268123;0.074478649453823;4.0466732869911;0;5.1142005958292;26.142005958292;github.com/GreenCharge/PMC.gridmix
ALL;20220102T120219;20191001T180000;20191001T181500;13.656274156145;0;0;10.615820664777;9.9458902344756;0;0;0;0;1.7263591857769;4.4318474619943;0;25.740788456583;0.077299665034785;2.5251223911363;0;5.8490079876321;24.890492141201;github.com/GreenCharge/PMC.gridmix
ALL;20220102T120219;20191001T181500;20191001T183000;14.029062087186;0;0;10.911492734478;10.409511228534;0;0;0;0;1.9022457067371;4.5706737120211;0;26.420079260238;0.079260237780713;1.1624834874505;0;6.1030383091149;23.857331571995;github.com/GreenCharge/PMC.gridmix
ALL;20220102T120219;20191001T183000;20191001T184500;13.856993736952;0;0;10.777661795407;10.568893528184;0;0;0;0;3.731732776618;4.7755741127349;0;26.096033402923;0.078288100208768;0.28705636743215;0;6.6805845511482;22.599164926931;github.com/GreenCharge/PMC.gridmix
ALL;20220102T120219;20191001T184500;20191001T190000;13.848967859943;0;0;10.79174287954;10.79174287954;0;0;0;0;4.0240397177946;4.5466422785472;0;26.130128037627;0.078390384112882;0.026130128037627;0;7.3948262346485;21.818656911419;github.com/GreenCharge/PMC.gridmix
ALL;20220102T120219;20191001T190000;20191001T191500;13.933350826555;0;0;10.784570978746;10.915770139071;0;0;0;0;2.5715035423773;4.4870112831278;0;26.21359223301;0.078719496195224;0;0;8.7116242456048;21.726580949882;github.com/GreenCharge/PMC.gridmix
ALL;20220102T120219;20191001T191500;20191001T193000;13.878724516466;0;0;10.742289597491;11.082070047047;0;0;0;0;1.829587036069;4.678515420805;0;26.136957658129;0.078410872974386;0;0;9.4093047569263;21.589127025614;github.com/GreenCharge/PMC.gridmix
ALL;20220102T120219;20191001T193000;20191001T194500;13.988408851423;0;0;10.827186512118;11.195995785037;0;0;0;0;1.8440463645943;4.5837723919916;0;26.343519494204;0.079030558482613;0;0;8.6406743940991;21.917808219178;github.com/GreenCharge/PMC.gridmix
ALL;20220102T120219;20191001T194500;20191001T200000;13.87722980063;0;0;10.781741867786;11.149003147954;0;0;0;0;1.7838405036726;4.6694648478489;0;26.128016789087;0.078698845750262;0;0;8.8405036726128;22.114375655824;github.com/GreenCharge/PMC.gridmix
ALL;20220102T120219;20191001T200000;20191001T201500;13.869952805454;0;0;10.802307288936;10.93340325118;0;0;0;0;2.254850550603;5.0340849501835;0;25.983219716833;0.078657577346618;0;0;9.0194022024122;21.473518615627;github.com/GreenCharge/PMC.gridmix
ALL;20220102T120219;20191001T201500;20191001T203000;14.024390243902;0;0;10.922587486744;11.002120890774;0;0;0;0;2.3064687168611;5.0901378579003;0;26.246023329799;0.079533404029692;0;0;8.9607635206787;20.811240721103;github.com/GreenCharge/PMC.gridmix
ALL;20220102T120219;20191001T203000;20191001T204500;14.136825227151;0;0;11.010154997328;11.090326028862;0;0;0;0;2.4051309460182;5.1042223409941;0;26.4564404062;0.080171031533939;0;0;8.7920897915553;20.363442009621;github.com/GreenCharge/PMC.gridmix
ALL;20220102T120219;20191001T204500;20191001T210000;14.254683681781;0;0;11.186532717893;11.186532717893;0;0;0;0;1.6291067064893;5.1859896823242;0;26.853108878632;0.081455335324464;0;0;8.4985066521857;20.553896280206;github.com/GreenCharge/PMC.gridmix
ALL;20220102T120219;20191001T210000;20191001T211500;14.116379310345;0;0;11.018318965517;10.964439655172;0;0;0;0;2.8556034482759;5.1993534482759;0;26.751077586207;0.080818965517241;0;0;9.3480603448276;19.127155172414;github.com/GreenCharge/PMC.gridmix
ALL;20220102T120219;20191001T211500;20191001T213000;14.139233675121;0;0;11.036157582299;10.36157582299;0;0;0;0;2.8602266594711;5.2077711818672;0;26.713437668645;0.080949811117107;0;0;10.280626011873;18.780356179169;github.com/GreenCharge/PMC.gridmix
ALL;20220102T120219;20191001T213000;20191001T214500;14.360098657166;0;0;11.263359824609;10.030145245273;0;0;0;0;1.5072622636339;5.2617155385037;0;27.07591120855;0.08221430528912;0;0;10.660454919156;19.210742669224;github.com/GreenCharge/PMC.gridmix
ALL;20220102T120219;20191001T214500;20191001T220000;14.539894356408;0;0;11.509591326105;9.674728940784;0;0;0;0;1.3622463163748;5.2821795941062;0;27.467333889352;0.083402835696414;0;0;11.509591326105;18.015012510425;github.com/GreenCharge/PMC.gridmix
ALL;20220102T120219;20191001T220000;20191001T221500;14.641657334826;0;0;11.114221724524;8.6226203807391;0;0;0;0;2.4076147816349;5.1511758118701;0;27.743561030235;0.083986562150056;0;0;12.653975363942;17.021276595745;github.com/GreenCharge/PMC.gridmix
ALL;20220102T120219;20191001T221500;20191001T223000;14.891799544419;0;0;11.30410022779;7.6594533029613;0;0;0;0;1.4521640091116;5.1537585421412;0;28.160592255125;0.085421412300683;0;0;14.265375854214;16.457858769932;github.com/GreenCharge/PMC.gridmix
ALL;20220102T120219;20191001T223000;20191001T224500;15.086705202312;0;0;11.473988439306;6.9075144508671;0;0;0;0;1.5317919075145;5.2023121387283;0;28.612716763006;0.086705202312139;0;0;14.768786127168;15.751445086705;github.com/GreenCharge/PMC.gridmix
ALL;20220102T120219;20191001T224500;20191001T230000;15.318772136954;0;0;11.42266824085;6.4935064935065;0;0;0;0;1.3282172373081;5.1357733175915;0;29.191263282172;0.088547815820543;0;0;14.551357733176;15.879574970484;github.com/GreenCharge/PMC.gridmix
ALL;20220102T120219;20191001T230000;20191001T231500;15.4883163571;0;0;10.904733373277;5.4823247453565;0;0;0;0;1.9772318753745;5.3924505692031;0;29.718394248053;0.089874176153385;0;0;14.050329538646;16.297183942481;github.com/GreenCharge/PMC.gridmix
ALL;20220102T120219;20191001T231500;20191001T233000;15.386904761905;0;0;10.654761904762;5.1190476190476;0;0;0;0;0.95238095238095;5.4464285714286;0;29.404761904762;0.089285714285714;0;0;15.654761904762;16.696428571429;github.com/GreenCharge/PMC.gridmix
ALL;20220102T120219;20191001T233000;20191001T234500;15.061295971979;0;0;10.449503794513;4.9036777583187;0;0;0;0;1.0215995329831;5.3706946876824;0;28.809106830123;0.087565674255692;0;0;15.966141272621;17.74664331582;github.com/GreenCharge/PMC.gridmix
ALL;20220102T120219;20191001T234500;20191002T000000;15.227675931402;0;0;10.437610881135;4.7900650502661;0;0;0;0;0.94618568894145;5.4109994086339;0;29.183914843288;0.088704908338261;0;0;14.931992903607;18.3914843288;github.com/GreenCharge/PMC.gridmix
ALL;20220102T120219;20191002T000000;20191002T001500;14.907192575406;0;0;10.527842227378;4.5533642691415;0;0;0;0;0.05800464037123;5.1044083526682;0;28.77030162413;0.087006960556845;0;0;16.908352668213;18.532482598608;github.com/GreenCharge/PMC.gridmix
ALL;20220102T120219;20191002T001500;20191002T003000;14.569160997732;0;0;10.147392290249;4.3367346938776;0;0;0;0;0;4.9319727891156;0;28.061224489796;0.085034013605442;0;0;18.735827664399;18.59410430839;github.com/GreenCharge/PMC.gridmix
ALL;20220102T120219;20191002T003000;20191002T004500;14.512022630835;0;0;9.8444130127298;4.2715700141443;0;0;0;0;0;4.9222065063649;0;27.920792079208;0.084865629420085;0;0;18.642149929279;19.264497878359;github.com/GreenCharge/PMC.gridmix
ALL;20220102T120219;20191002T004500;20191002T010000;14.210233592881;0;0;9.6774193548387;4.1156840934372;0;0;0;0;0;4.8387096774194;0;27.224694104561;0.083426028921023;0;0;19.79977753059;19.521690767519;github.com/GreenCharge/PMC.gridmix
ALL;20220102T120219;20191002T010000;20191002T011500;13.95412342982;0;0;9.4756963407974;3.9868924085199;0;0;0;0;0;4.806116876024;0;26.406335335882;0.08192244675041;0;0;20.480611687602;20.289459311851;github.com/GreenCharge/PMC.gridmix
ALL;20220102T120219;20191002T011500;20191002T013000;13.623033857638;0;0;9.2775259930685;3.7856571580912;0;0;0;0;0;4.772060783791;0;25.53985603839;0.079978672354039;0;0;21.540922420688;20.874433484404;github.com/GreenCharge/PMC.gridmix
ALL;20220102T120219;20191002T013000;20191002T014500;13.747645951036;0;0;9.3892924401399;3.7126715092817;0;0;0;0;0;4.7888081786387;0;25.881086898036;0.080710250201776;0;0;19.827818132903;22.060801721819;github.com/GreenCharge/PMC.gridmix
ALL;20220102T120219;20191002T014500;20191002T020000;14.061640066043;0;0;9.6312603192075;3.6323610346725;0;0;0;0;0;4.925701706109;0;26.52724270776;0.082553659878921;0;0;16.730875068795;23.885525591635;github.com/GreenCharge/PMC.gridmix
ALL;20220102T120219;20191002T020000;20191002T021500;14.151204652451;0;0;9.6926059263362;3.433951813902;0;0;0;0;0;4.9570756023262;0;26.723899196898;0.083079479368596;0;0;16.089725837718;24.314594295209;github.com/GreenCharge/PMC.gridmix
ALL;20220102T120219;20191002T021500;20191002T023000;13.623033857638;0;0;9.3308451079712;3.3057851239669;0;0;0;0;0;4.7454012263396;0;25.619834710744;0.079978672354039;0;0;18.128499066915;24.633431085044;github.com/GreenCharge/PMC.gridmix
ALL;20220102T120219;20191002T023000;20191002T024500;12.910560889338;0;0;8.8428499242041;3.2592218292067;0;0;0;0;0;4.5477513895907;0;23.900960080849;0.075795856493178;0;0;21.702880242547;24.254674077817;github.com/GreenCharge/PMC.gridmix
ALL;20220102T120219;20191002T024500;20191002T030000;12.93016194332;0;0;8.8562753036437;3.3147773279352;0;0;0;0;0;4.5293522267206;0;24.215587044534;0.075910931174089;0;0;21.305668016194;24.266194331984;github.com/GreenCharge/PMC.gridmix
ALL;20220102T120219;20191002T030000;20191002T031500;13.136246786632;0;0;8.9974293059126;3.3676092544987;0;0;0;0;0;4.6015424164524;0;24.678663239075;0.077120822622108;0;0;20.822622107969;23.804627249357;github.com/GreenCharge/PMC.gridmix
ALL;20220102T120219;20191002T031500;20191002T033000;13.059033989267;0;0;8.9445438282648;3.347814975722;0;0;0;0;0;4.5744952721697;0;24.431382570917;0.076667518527984;0;0;21.748019422438;23.306925632507;github.com/GreenCharge/PMC.gridmix
ALL;20220102T120219;20191002T033000;20191002T034500;12.84888106613;0;0;8.8006034699522;3.3693738999246;0;0;0;0;0;4.5763138043752;0;23.862207694242;0.075433744028162;0;0;21.926074930852;24.038219763641;github.com/GreenCharge/PMC.gridmix
ALL;20220102T120219;20191002T034500;20191002T040000;12.768615692154;0;0;8.7456271864068;4.047976011994;0;0;0;0;0;4.5477261369315;0;23.713143428286;0.07496251874063;0;0;22.23888055972;23.36331834083;github.com/GreenCharge/PMC.gridmix
ALL;20220102T120219;20191002T040000;20191002T041500;12.72049689441;0;0;8.695652173913;4.3229813664596;0;0;0;0;0;4.5465838509317;0;23.354037267081;0.074534161490683;0;0;21.788819875776;24.024844720497;github.com/GreenCharge/PMC.gridmix
ALL;20220102T120219;20191002T041500;20191002T043000;12.454390659207;0;0;8.5137436146923;4.524446606665;0;0;0;0;0;4.4514716613963;0;22.768182923863;0.072974945268791;0;0;23.108732668451;23.643882267088;github.com/GreenCharge/PMC.gridmix
ALL;20220102T120219;20191002T043000;20191002T044500;12.304734438837;0;0;8.4114395577986;5.0468637346792;0;0;0;0;0;4.4460466234078;0;22.446527277097;0.072098053352559;0;0;23.263638548426;23.552030761836;github.com/GreenCharge/PMC.gridmix
ALL;20220102T120219;20191002T044500;20191002T050000;12.475680933852;0;0;8.511673151751;5.374513618677;0;0;0;0;0;4.4747081712062;0;22.908560311284;0.07295719844358;0;0;22.081712062257;23.63813229572;github.com/GreenCharge/PMC.gridmix
ALL;20220102T120219;20191002T050000;20191002T051500;12.349831811629;0;0;8.4814992791927;5.59827006247;0;0;0;0;0;4.4449783757809;0;22.873618452667;0.072080730418068;0;0;22.056703507929;23.642479577126;github.com/GreenCharge/PMC.gridmix
ALL;20220102T120219;20191002T051500;20191002T053000;11.964618249534;0;0;8.3100558659218;6.0288640595903;0;0;0;0;0;4.3296089385475;0;22.253258845438;0.069832402234637;0;0;23.137802607076;23.440409683426;github.com/GreenCharge/PMC.gridmix
ALL;20220102T120219;20191002T053000;20191002T054500;11.987895716946;0;0;8.3100558659218;6.4478584729981;0;0;0;0;0;4.3761638733706;0;22.486033519553;0.069832402234637;0;0;22.858472998138;22.998137802607;github.com/GreenCharge/PMC.gridmix
ALL;20220102T120219;20191002T054500;20191002T060000;11.846929422548;0;0;8.7076076993584;6.7827681026581;0;0;0;0;0;4.2621448212649;0;22.18148487626;0.068744271310724;0;0;22.158570119157;23.533455545371;github.com/GreenCharge/PMC.gridmix
ALL;20220102T120219;20191002T060000;20191002T061500;11.613336316849;0;0;9.0400537032893;6.9590512418886;0;0;0;0;0;4.1843812933542;0;21.66032669501;0.067129111658089;0;0;22.219735958827;23.808458268069;github.com/GreenCharge/PMC.gridmix
ALL;20220102T120219;20191002T061500;20191002T063000;11.659192825112;0;0;9.2600896860987;7.5560538116592;0;0;0;0;0;4.1704035874439;0;22.443946188341;0.067264573991031;0;0;20.762331838565;23.632286995516;github.com/GreenCharge/PMC.gridmix
ALL;20220102T120219;20191002T063000;20191002T064500;11.156316916488;0;0;8.9293361884368;7.8586723768737;0;0;0;0;2.0556745182013;3.9614561027837;0;21.498929336188;0.06423982869379;0;0;21.434689507495;22.612419700214;github.com/GreenCharge/PMC.gridmix
ALL;20220102T120219;20191002T064500;20191002T070000;10.868652958456;0;0;9.0012589173311;8.497691984893;0;0;0;0;2.3289970625262;3.9026437263953;0;21.086865295846;0.062945866554763;0;0;20.939991607218;22.891313470415;github.com/GreenCharge/PMC.gridmix
ALL;20220102T120219;20191002T070000;20191002T071500;11.18687406776;0;0;9.4182825484765;8.970807585766;0;0;0;0;0.61794161517153;3.8781163434903;0;21.436181546985;0.063924994672917;0;0;20.370764969103;23.609631365864;github.com/GreenCharge/PMC.gridmix
ALL;20220102T120219;20191002T071500;20191002T073000;10.931005818786;0;0;9.1853699085619;9.5178719866999;0;0;0;0;1.6832917705736;3.7822111388196;0;20.92684954281;0.062344139650873;0.020781379883624;0;20.386533665835;23.067331670823;github.com/GreenCharge/PMC.gridmix
ALL;20220102T120219;20191002T073000;20191002T074500;10.83693193502;0;0;9.0890396874357;9.7059428336418;0;0;0;0;1.6656384947563;3.74254575365;0;20.727945712523;0.061690314620605;0.12338062924121;0;20.337240386593;23.277812050175;github.com/GreenCharge/PMC.gridmix
ALL;20220102T120219;20191002T074500;20191002T080000;11.078410763086;0;0;9.291570317427;9.3125919697288;0;0;0;0;1.1561908766029;3.8679840235443;0;21.189825520286;0.063064956905613;0.58860626445239;0;19.508093336136;23.502207273492;github.com/GreenCharge/PMC.gridmix
ALL;20220102T120219;20191002T080000;20191002T081500;10.952084629745;0;0;9.1474797759801;8.7118855009334;0;0;0;0;2.3439120514416;3.8166355527899;0;20.90852520224;0.062227753578096;1.30678282514;0;19.456544285418;22.858328147687;github.com/GreenCharge/PMC.gridmix
ALL;20220102T120219;20191002T081500;20191002T083000;10.640870616687;0;0;8.9076985086659;8.0008061265619;0;0;0;0;3.7686416767432;3.6678758565095;0;20.314389359129;0.060459492140266;2.2168480451431;0;19.669488109633;22.329705763805;github.com/GreenCharge/PMC.gridmix
ALL;20220102T120219;20191002T083000;20191002T084500;10.673135233475;0;0;8.9347079037801;7.378209015565;0;0;0;0;3.3757833030119;3.7396401859713;0;20.355771174449;0.060642813826562;3.3555690317364;0;18.920557913887;22.781483727512;github.com/GreenCharge/PMC.gridmix
ALL;20220102T120219;20191002T084500;20191002T090000;10.750713994288;0;0;9.0167278661771;6.9563443492452;0;0;0;0;3.202774377805;3.7943696450428;0;20.542635658915;0.061199510403917;4.7531619747042;0;18.523051815585;21.970624235006;github.com/GreenCharge/PMC.gridmix
ALL;20220102T120219;20191002T090000;20191002T091500;10.663698907325;0;0;8.9032780250911;6.9607446377985;0;0;0;0;4.208822339134;3.804127883448;0;20.376365843788;0.060704168352894;6.0906515580737;0;18.110076891947;20.396600566572;github.com/GreenCharge/PMC.gridmix
ALL;20220102T120219;20191002T091500;20191002T093000;10.50219210841;0;0;8.7883618971702;6.9549621363093;0;0;0;0;4.7827819848545;3.7465125548027;0;20.067756078119;0.059784774810682;7.3933838182543;0;17.57672379434;19.709047429255;github.com/GreenCharge/PMC.gridmix
ALL;20220102T120219;20191002T093000;20191002T094500;10.283479960899;0;0;8.6217008797654;6.8426197458456;0;0;0;0;4.7507331378299;3.6754643206256;0;19.687194525904;0.058651026392962;8.8172043010753;0;17.673509286413;19.178885630499;github.com/GreenCharge/PMC.gridmix
ALL;20220102T120219;20191002T094500;20191002T100000;10.279460621458;0;0;8.6183310533516;6.8204025796365;0;0;0;0;4.6511627906977;3.6544850498339;0;19.679499706859;0.058628102403752;10.357631424663;0;18.018370138753;17.451631815517;github.com/GreenCharge/PMC.gridmix
ALL;20220102T120219;20191002T100000;20191002T101500;10.253411306043;0;0;8.5769980506823;6.6666666666667;0;0;0;0;2.8070175438596;3.6062378167641;0;19.551656920078;0.058479532163743;11.910331384016;0;18.771929824561;17.387914230019;github.com/GreenCharge/PMC.gridmix
ALL;20220102T120219;20191002T101500;20191002T103000;10.243427458617;0;0;8.5686465433301;6.6212268743914;0;0;0;0;1.8305744888023;3.6222005842259;0;19.240506329114;0.05842259006816;13.437195715677;0;18.383641674781;17.585199610516;github.com/GreenCharge/PMC.gridmix
ALL;20220102T120219;20191002T103000;20191002T104500;10.092272202999;0;0;8.4582852748943;6.6128412149173;0;0;0;0;1.4994232987313;3.6332179930796;0;18.954248366013;0.057670126874279;14.628988850442;0;17.647058823529;18.0123029604;github.com/GreenCharge/PMC.gridmix
ALL;20220102T120219;20191002T104500;20191002T110000;9.84934086629;0;0;8.286252354049;6.2900188323917;0;0;0;0;0.20715630885122;3.5781544256121;0;18.361581920904;0.056497175141243;15.329566854991;0;17.532956685499;20.112994350282;github.com/GreenCharge/PMC.gridmix
ALL;20220102T120219;20191002T110000;20191002T111500;9.5620437956204;0;0;7.9744525547445;5.8941605839416;0;0;0;0;0.18248175182482;3.521897810219;0;17.682481751825;0.054744525547445;16.003649635036;0;16.788321167883;21.952554744526;github.com/GreenCharge/PMC.gridmix
ALL;20220102T120219;20191002T111500;20191002T113000;9.3727598566308;0;0;7.8136200716846;5.7168458781362;0;0;0;0;0.12544802867384;3.4587813620072;0;17.258064516129;0.053763440860215;16.612903225806;0;16.863799283154;22.347670250896;github.com/GreenCharge/PMC.gridmix
ALL;20220102T120219;20191002T113000;20191002T114500;9.2226148409894;0;0;7.7031802120141;5.6183745583039;0;0;0;0;0;3.4098939929329;0;16.943462897527;0.053003533568905;17.226148409894;0;16.395759717314;23.056537102473;github.com/GreenCharge/PMC.gridmix
ALL;20220102T120219;20191002T114500;20191002T120000;9.0482806530045;0;0;7.5720736366794;5.1754081278222;0;0;0;0;0;3.369225425495;0;16.846127127475;0.052101424105592;17.349774227162;0;15.196248697464;25.026050712053;github.com/GreenCharge/PMC.gridmix
ALL;20220102T120219;20191002T120000;20191002T121500;8.8170587239804;0;0;7.4124217295651;4.8569977999662;0;0;0;0;0;3.2831274327297;0;16.58487053647;0.050770011846336;17.397190726011;0;16.314097139956;24.944999153833;github.com/GreenCharge/PMC.gridmix
ALL;20220102T120219;20191002T121500;20191002T123000;8.8665759019741;0;0;7.4540503744044;4.5268890401634;0;0;0;0;0;3.2675289312457;0;16.729067392784;0.051055139550715;18.243703199455;0;15.70796460177;24.812797821647;github.com/GreenCharge/PMC.gridmix
ALL;20220102T120219;20191002T123000;20191002T124500;8.8145896656535;0;0;7.3961499493414;4.1708882134414;0;0;0;0;0;3.242147922999;0;16.666666666667;0.050658561296859;18.726781492739;0;15.839243498818;24.755150287065;github.com/GreenCharge/PMC.gridmix
ALL;20220102T120219;20191002T124500;20191002T130000;8.671679197995;0;0;7.3182957393484;3.7928153717627;0;0;0;0;0;3.2247284878864;0;16.374269005848;0.050125313283208;18.863826232247;0;16.541353383459;24.828738512949;github.com/GreenCharge/PMC.gridmix
ALL;20220102T120219;20191002T130000;20191002T131500;8.6629944917376;0;0;7.2275079285595;3.7389417459523;0;0;0;0;0;3.2882657319312;0;16.491403772325;0.050075112669004;18.511099983308;0;16.958771490569;24.737105658488;github.com/GreenCharge/PMC.gridmix
ALL;20220102T120219;20191002T131500;20191002T133000;8.6796246648794;0;0;7.2553619302949;3.6193029490617;0;0;0;0;0;3.3009383378016;0;16.487935656836;0.050268096514745;18.33109919571;0;16.973860589812;24.966487935657;github.com/GreenCharge/PMC.gridmix
ALL;20220102T120219;20191002T133000;20191002T134500;8.6992960107275;0;0;7.257794166946;3.5534696614147;0;0;0;0;0;3.3355682199128;0;16.543747904794;0.050284948038887;18.50486087831;0;16.761649346296;24.958095876634;github.com/GreenCharge/PMC.gridmix
ALL;20220102T120219;20191002T134500;20191002T140000;8.5544750288446;0;0;7.1369704961266;3.3954178341849;0;0;0;0;0;3.2965221691116;0;16.301302126257;0.049447832536674;17.784737102357;0;16.812263062469;26.339212131202;github.com/GreenCharge/PMC.gridmix
ALL;20220102T120219;20191002T140000;20191002T141500;8.5544750288446;0;0;7.0380748310532;3.4119004450305;0;0;0;0;0;3.3459700016483;0;16.268336904566;0.049447832536674;17.043019614307;0;16.812263062469;27.163342673479;github.com/GreenCharge/PMC.gridmix
ALL;20220102T120219;20191002T141500;20191002T143000;8.4582790091265;0;0;6.9589308996089;3.3083441981747;0;0;0;0;0;3.3246414602347;0;16.134289439374;0.048891786179922;16.835071707953;0;16.688396349413;27.933507170795;github.com/GreenCharge/PMC.gridmix
ALL;20220102T120219;20191002T143000;20191002T144500;8.484551250613;0;0;6.9805460192905;3.3022723557299;0;0;0;0;0;3.3513160045774;0;16.184404119667;0.049043648847474;16.069968939022;0;17.197972862514;28.069315023704;github.com/GreenCharge/PMC.gridmix
ALL;20220102T120219;20191002T144500;20191002T150000;8.6178322837256;0;0;7.07656612529;3.2814053695724;0;0;0;0;0;3.3974146503149;0;16.423599602254;0.04971826317534;15.313225058005;0;17.235664567451;28.289691746768;github.com/GreenCharge/PMC.gridmix
ALL;20220102T120219;20191002T150000;20191002T151500;8.7182061579652;0;0;7.1619812583668;2.9618473895582;0;0;0;0;0;3.4471218206158;0;16.582998661312;0.050200803212851;14.976572958501;0;16.967871485944;28.798527443106;github.com/GreenCharge/PMC.gridmix
ALL;20220102T120219;20191002T151500;20191002T153000;8.8820826952527;0;0;7.2826271907436;3.062787136294;0;0;0;0;0.034030968181045;3.5222052067381;0;16.879360217798;0.051046452271567;14.378084056491;0;16.556066020078;29.011400374341;github.com/GreenCharge/PMC.gridmix
