LOC;Time;Start;End;Biomass;Lignite;Coal;Gas;HardCoal;Oil;Shale;Peat;Geothermal;HydroPumped;Hydro;Marine;Nuclear;OtherRES;Solar;Waste;WindOffShore;WindOnShore;SwID
ALL;20220102T120222;20210901T000000;20210901T001500;16.132789749563;0;0;5.1252184041934;13.541059988352;0;0;0;0;0;8.5323238206174;0;29.14967967385;0.20384391380315;0;0;10.337798485731;15.171811298777;github.com/GreenCharge/PMC.gridmix
ALL;20220102T120222;20210901T001500;20210901T003000;16.198830409357;0;0;5.1461988304094;13.567251461988;0;0;0;0;0;8.5964912280702;0;29.269005847953;0.2046783625731;0;0;11.052631578947;14.152046783626;github.com/GreenCharge/PMC.gridmix
ALL;20220102T120222;20210901T003000;20210901T004500;16.27007733492;0;0;5.175490779298;13.890541344438;0;0;0;0;0;8.5960737656157;0;29.744199881023;0.20820939916716;0;0;11.064842355741;13.355145746579;github.com/GreenCharge/PMC.gridmix
ALL;20220102T120222;20210901T004500;20210901T010000;16.691911541957;0;0;5.2105422599212;14.20781581339;0;0;0;0;0;8.6943350499849;0;30.293850348379;0.21205695243865;0;0;9.9363829142684;13.026355649803;github.com/GreenCharge/PMC.gridmix
ALL;20220102T120222;20210901T010000;20210901T011500;16.870789957134;0;0;5.2051439069198;14.451928965095;0;0;0;0;0;9.0630740967544;0;30.618493570116;0.21432945499081;0;0;9.3998775260257;12.431108389467;github.com/GreenCharge/PMC.gridmix
ALL;20220102T120222;20210901T011500;20210901T013000;17.079975201488;0;0;5.2696838189709;14.631122132672;0;0;0;0;0;9.1134531928084;0;31.029138251705;0.21698698078115;0;0;8.5244885306882;12.368257904526;github.com/GreenCharge/PMC.gridmix
ALL;20220102T120222;20210901T013000;20210901T014500;17.101990049751;0;0;5.2860696517413;14.614427860697;0;0;0;0;0;9.1417910447761;0;31.125621890547;0.21766169154229;0;0;8.7064676616915;12.033582089552;github.com/GreenCharge/PMC.gridmix
ALL;20220102T120222;20210901T014500;20210901T020000;17.247879359095;0;0;5.3408733898838;14.765944077914;0;0;0;0;0;9.1423185673893;0;31.448319195727;0.21991831605404;0;0;8.4511467169337;11.592836946277;github.com/GreenCharge/PMC.gridmix
ALL;20220102T120222;20210901T020000;20210901T021500;17.35693961429;0;0;5.3114132153019;14.827695226051;0;0;0;0;0;9.1685109073664;0;31.710401517547;0.22130888397091;0;0;8.0619664875119;11.53967752134;github.com/GreenCharge/PMC.gridmix
ALL;20220102T120222;20210901T021500;20210901T023000;17.452229299363;0;0;5.3503184713376;14.904458598726;0;0;0;0;0;9.0764331210191;0;31.942675159236;0.22292993630573;0;0;7.9617834394904;11.273885350318;github.com/GreenCharge/PMC.gridmix
ALL;20220102T120222;20210901T023000;20210901T024500;17.592295345104;0;0;5.3932584269663;15.088282504013;0;0;0;0;0;9.1171749598716;0;32.199036918138;0.2247191011236;0;0;7.6725521669342;10.882825040128;github.com/GreenCharge/PMC.gridmix
ALL;20220102T120222;20210901T024500;20210901T030000;17.647058823529;0;0;5.4298642533937;15.19069166128;0;0;0;0;0;9.1144149967679;0;32.417582417582;0.2262443438914;0;0;7.4014221073045;10.730446024564;github.com/GreenCharge/PMC.gridmix
ALL;20220102T120222;20210901T030000;20210901T031500;17.626131953428;0;0;5.4657179818887;15.232858990944;0;0;0;0;0;9.1203104786546;0;32.470892626132;0.22639068564036;0;0;7.3738680465718;10.640362225097;github.com/GreenCharge/PMC.gridmix
ALL;20220102T120222;20210901T031500;20210901T033000;17.700552127314;0;0;5.4887950633323;15.297174407275;0;0;0;0;0;9.1263397206885;0;32.607989607015;0.22734654108477;0;0;6.9827866190322;10.717765508282;github.com/GreenCharge/PMC.gridmix
ALL;20220102T120222;20210901T033000;20210901T034500;17.731421121252;0;0;5.5084745762712;15.352020860495;0;0;0;0;0;9.354628422425;0;32.692307692308;0.22816166883963;0;0;6.877444589309;10.397653194263;github.com/GreenCharge/PMC.gridmix
ALL;20220102T120222;20210901T034500;20210901T040000;17.735602094241;0;0;5.5301047120419;15.412303664921;0;0;0;0;0;9.2931937172775;0;32.820680628272;0.22905759162304;0;0;7.3298429319372;9.7840314136126;github.com/GreenCharge/PMC.gridmix
ALL;20220102T120222;20210901T040000;20210901T041500;17.735602094241;0;0;5.6282722513089;15.346858638743;0;0;0;0;0;9.3259162303665;0;32.88612565445;0.22905759162304;0;0;7.3952879581152;9.5876963350785;github.com/GreenCharge/PMC.gridmix
ALL;20220102T120222;20210901T041500;20210901T043000;17.831245880026;0;0;5.6690837178642;15.491100856955;0;0;0;0;0;9.4594594594595;0;33.124588002637;0.23071852340145;0;0;7.1193144363876;9.1957811470007;github.com/GreenCharge/PMC.gridmix
ALL;20220102T120222;20210901T043000;20210901T044500;17.925778661365;0;0;5.6991385023194;15.57322730285;0;0;0;0;0;9.6421471172962;0;33.333333333333;0.23194168323393;0;0;6.8588469184891;8.8469184890656;github.com/GreenCharge/PMC.gridmix
ALL;20220102T120222;20210901T044500;20210901T050000;18.044861064613;0;0;5.7582859055909;15.768329427519;0;0;0;0;0;9.8091730833612;0;33.645798459993;0.23434884499498;0;0;6.193505189153;8.6374288583863;github.com/GreenCharge/PMC.gridmix
ALL;20220102T120222;20210901T050000;20210901T051500;17.996661101836;0;0;6.7445742904841;15.59265442404;0;0;0;0;0;9.7829716193656;0;33.55592654424;0.23372287145242;0;0;5.8096828046745;8.3806343906511;github.com/GreenCharge/PMC.gridmix
ALL;20220102T120222;20210901T051500;20210901T053000;17.871352785146;0;0;7.8249336870027;15.51724137931;0;0;0;0;0;9.7148541114058;0;33.355437665782;0.23209549071618;0;0;5.6366047745358;7.9575596816976;github.com/GreenCharge/PMC.gridmix
ALL;20220102T120222;20210901T053000;20210901T054500;17.677927189242;0;0;8.625778943916;15.382092489341;0;0;0;0;0.78714332568055;9.6425057395867;0;32.961626762873;0.22958346999016;0;0;5.3132174483437;7.5106592325353;github.com/GreenCharge/PMC.gridmix
ALL;20220102T120222;20210901T054500;20210901T060000;17.254650416934;0;0;10.711994868505;15.105837075048;0;0;0;0;1.3470173187941;9.4291212315587;0;32.232200128287;0.22450288646568;0;0;4.8107761385504;7.0558050032072;github.com/GreenCharge/PMC.gridmix
ALL;20220102T120222;20210901T060000;20210901T061500;16.498316498316;0;0;11.753902662994;15.059687786961;0;0;0;0;3.4894398530762;8.9990817263545;0;30.762167125803;0.21426385062749;0;0;5.0505050505051;6.3973063973064;github.com/GreenCharge/PMC.gridmix
ALL;20220102T120222;20210901T061500;20210901T063000;16.225165562914;0;0;15.141481035521;15.111378687538;0;0;0;0;1.5653220951234;8.8801926550271;0;30.252859723058;0.210716435882;0.030102347983143;0;4.9066827212523;5.9301625526791;github.com/GreenCharge/PMC.gridmix
ALL;20220102T120222;20210901T063000;20210901T064500;15.77868852459;0;0;16.422716627635;14.959016393443;0;0;0;0;2.1370023419204;8.7822014051522;0;29.449648711944;0.20491803278689;0.35128805620609;0;4.5667447306792;5.6498829039813;github.com/GreenCharge/PMC.gridmix
ALL;20220102T120222;20210901T064500;20210901T070000;15.183098591549;0;0;15.915492957746;14.619718309859;0;0;0;0;4.8732394366197;8.4507042253521;0;28.338028169014;0.19718309859155;0.92957746478873;0;4.2253521126761;5.6338028169014;github.com/GreenCharge/PMC.gridmix
ALL;20220102T120222;20210901T070000;20210901T071500;14.840308370044;0;0;16.13436123348;14.234581497797;0;0;0;0;5.2863436123348;8.2599118942731;0;27.72577092511;0.19273127753304;2.2026431718062;0;4.1299559471366;5.3964757709251;github.com/GreenCharge/PMC.gridmix
ALL;20220102T120222;20210901T071500;20210901T073000;14.516129032258;0;0;15.913978494624;13.978494623656;0;0;0;0;5.8064516129032;8.0645161290323;0;27.043010752688;0.18817204301075;4.0860215053763;0;3.8172043010753;5.0268817204301;github.com/GreenCharge/PMC.gridmix
ALL;20220102T120222;20210901T073000;20210901T074500;14.281942977825;0;0;15.65469904963;13.70116156283;0;0;0;0;5.5966209081309;7.9197465681098;0;26.583949313622;0.18479408658923;6.441393875396;0;3.2734952481521;4.831045406547;github.com/GreenCharge/PMC.gridmix
ALL;20220102T120222;20210901T074500;20210901T080000;13.878912262699;0;0;15.264238070806;13.340174448435;0;0;0;0;5.9004617752694;7.7219086711134;0;25.833760903027;0.17957927142124;9.1072344792201;0;2.796305797845;4.489481785531;github.com/GreenCharge/PMC.gridmix
ALL;20220102T120222;20210901T080000;20210901T081500;13.602204408818;0;0;15.305611222445;12.975951903808;0;0;0;0;5.060120240481;7.565130260521;0;25.250501002004;0.17535070140281;11.948897795591;0;2.3547094188377;4.1082164328657;github.com/GreenCharge/PMC.gridmix
ALL;20220102T120222;20210901T081500;20210901T083000;13.143271321575;0;0;14.762019811549;12.539260690988;0;0;0;0;5.8709833293066;7.2964484174921;0;24.377869050495;0.16912297656439;14.786180236772;0;1.9811548683257;3.4791012321817;github.com/GreenCharge/PMC.gridmix
ALL;20220102T120222;20210901T083000;20210901T084500;12.841658812441;0;0;14.420358152686;12.252591894439;0;0;0;0;5.5136663524976;7.1159283694628;0;23.774740810556;0.16493873704053;17.719132893497;0;1.6493873704053;2.9924599434496;github.com/GreenCharge/PMC.gridmix
ALL;20220102T120222;20210901T084500;20210901T090000;12.650323774283;0;0;14.153561517114;12.025901942646;0;0;0;0;4.1628122109158;7.0074005550416;0;23.334875115634;0.16188714153562;20.929694727105;0;1.4338575393154;2.6133209990749;github.com/GreenCharge/PMC.gridmix
ALL;20220102T120222;20210901T090000;20210901T091500;12.185901712253;0;0;13.831443184345;11.674449633089;0;0;0;0;4.469646430954;6.7600622637314;0;22.437180342451;0.15565932844118;23.66021792306;0;1.0673782521681;2.2904158327774;github.com/GreenCharge/PMC.gridmix
ALL;20220102T120222;20210901T091500;20210901T093000;11.833297343986;0;0;13.452817965882;11.379831569855;0;0;0;0;4.2539408335133;6.5644569207515;0;21.766357158281;0.15115525804362;26.452170157633;0;0.73418268192615;1.986611962859;github.com/GreenCharge/PMC.gridmix
ALL;20220102T120222;20210901T093000;20210901T094500;11.643690349947;0;0;13.2131495228;11.177094379639;0;0;0;0;2.9268292682927;6.3838812301166;0;21.378579003181;0.14846235418876;29.374337221633;0;0.42417815482503;1.9300106044539;github.com/GreenCharge/PMC.gridmix
ALL;20220102T120222;20210901T094500;20210901T100000;11.441647597254;0;0;13.04347826087;10.942375702101;0;0;0;0;1.6642396505097;6.2617016850426;0;20.969419596422;0.1456209694196;31.974204285417;0;0.31204493447056;1.8722696068234;github.com/GreenCharge/PMC.gridmix
ALL;20220102T120222;20210901T100000;20210901T101500;10.993615323224;0;0;12.410215482841;10.215482841181;0;0;0;0;3.072625698324;6.0654429369513;0;20.111731843575;0.13966480446927;33.519553072626;0;0.29928172386273;1.8156424581006;github.com/GreenCharge/PMC.gridmix
ALL;20220102T120222;20210901T101500;20210901T103000;10.784889410844;0;0;12.174593853983;10.021530632218;0;0;0;0;2.6032491681347;5.9502838128792;0;19.729888432179;0.13701311411235;35.271090232922;0;0.25445292620865;1.7420238794285;github.com/GreenCharge/PMC.gridmix
ALL;20220102T120222;20210901T103000;20210901T104500;10.741389375365;0;0;11.870013621327;9.9824868651489;0;0;0;0;1.3815917493676;5.8960887332166;0;19.614711033275;0.13621327106441;37.030550690796;0;0.25296750340533;1.7707725238373;github.com/GreenCharge/PMC.gridmix
ALL;20220102T120222;20210901T104500;20210901T110000;10.551512830333;0;0;11.662198391421;9.7472232860973;0;0;0;0;1.2830333205668;5.8023745691306;0;19.302949061662;0.13404825737265;37.973956338568;0;0.4212945231712;1.8192263500574;github.com/GreenCharge/PMC.gridmix
ALL;20220102T120222;20210901T110000;20210901T111500;10.516288816918;0;0;11.487902457611;9.5827776719375;0;0;0;0;0.26671746999428;5.7725281005906;0;19.203657839588;0.13335873499714;39.302724328444;0;0.53343493998857;1.9051247856735;github.com/GreenCharge/PMC.gridmix
ALL;20220102T120222;20210901T111500;20210901T113000;10.405278039585;0;0;11.140433553252;9.4250706880302;0;0;0;0;0.1885014137606;5.7115928369463;0;18.982092365693;0.13195098963242;40.226201696513;0;0.58435438265787;1.9227144203582;github.com/GreenCharge/PMC.gridmix
ALL;20220102T120222;20210901T113000;20210901T114500;10.394736842105;0;0;10.300751879699;9.3984962406015;0;0;0;0;0.18796992481203;5.6954887218045;0;18.947368421053;0.13157894736842;41.240601503759;0;0.52631578947368;1.8984962406015;github.com/GreenCharge/PMC.gridmix
ALL;20220102T120222;20210901T114500;20210901T120000;10.282632949052;0;0;9.7433990330978;9.2785422089996;0;0;0;0;0.16734845667534;5.615470435106;0;18.743027147639;0.13015991074749;42.413536630718;0;0.39047973224247;1.9709929341763;github.com/GreenCharge/PMC.gridmix
ALL;20220102T120222;20210901T120000;20210901T121500;10.157972079353;0;0;9.4599559147686;9.147685525349;0;0;0;0;0.16531961792799;5.547391623806;0;18.515797207935;0.12858192505511;43.203526818516;0;0.2939015429831;2.1307861866275;github.com/GreenCharge/PMC.gridmix
ALL;20220102T120222;20210901T121500;20210901T123000;10.124269005848;0;0;9.0643274853801;9.0826023391813;0;0;0;0;0.1827485380117;5.5372807017544;0;18.421052631579;0.12792397660819;43.640350877193;0;0.27412280701754;2.3026315789474;github.com/GreenCharge/PMC.gridmix
ALL;20220102T120222;20210901T123000;20210901T124500;10.061638868745;0;0;8.6113125453227;9.0282813633067;0;0;0;0;0.18129079042785;5.5112400290065;0;18.255982596084;0.12690355329949;44.289340101523;0;0.27193618564177;2.4292965917331;github.com/GreenCharge/PMC.gridmix
ALL;20220102T120222;20210901T124500;20210901T130000;9.9712023038157;0;0;8.5133189344852;8.9992800575954;0;0;0;0;0.16198704103672;5.471562275018;0;18.124550035997;0.12598992080634;44.456443484521;0;0.34197264218862;2.6097912167027;github.com/GreenCharge/PMC.gridmix
ALL;20220102T120222;20210901T130000;20210901T131500;10.007212405337;0;0;7.7353047241255;8.9073205914172;0;0;0;0;0;5.4994590695997;0;18.139199423008;0.12621709340065;45.095564370718;0;0.34258925351605;2.9210241615579;github.com/GreenCharge/PMC.gridmix
ALL;20220102T120222;20210901T131500;20210901T133000;10.041613895422;0;0;7.2733851999276;8.9379410168265;0;0;0;0;0;5.5183643929799;0;18.201555997829;0.12665098606839;45.304867016465;0;0.21711597611724;3.1481816537;github.com/GreenCharge/PMC.gridmix
ALL;20220102T120222;20210901T133000;20210901T134500;10.061527325371;0;0;6.786102062975;8.9033659066232;0;0;0;0;0;5.5012667390518;0;18.204849800941;0.12667390517553;45.747376040536;0;0.12667390517553;3.3116178067318;github.com/GreenCharge/PMC.gridmix
ALL;20220102T120222;20210901T134500;20210901T140000;10.13304173501;0;0;6.3969382176052;8.9119737561509;0;0;0;0;0;5.5403681428832;0;18.334244578094;0.12757426644797;45.635137597959;0;0.10934937124112;3.5720794605431;github.com/GreenCharge/PMC.gridmix
ALL;20220102T120222;20210901T140000;20210901T141500;10.148107515085;0;0;6.0522947522399;8.9595904187237;0;0;0;0;0;5.6134576705065;0;18.394587675992;0.12799414883891;45.419637959408;0;0.10970927043335;3.9312488571951;github.com/GreenCharge/PMC.gridmix
ALL;20220102T120222;20210901T141500;20210901T143000;10.153677277717;0;0;6.2202707647274;8.9279180387852;0;0;0;0;0;5.5799487742408;0;18.404683497988;0.12806439809733;45.225027442371;0;0.091474570069521;4.0248810830589;github.com/GreenCharge/PMC.gridmix
ALL;20220102T120222;20210901T143000;20210901T144500;10.187224669604;0;0;6.2591776798825;8.93906020558;0;0;0;0;0;5.5800293685756;0;18.465491923642;0.12848751835536;44.933920704846;0;0.036710719530103;4.2217327459618;github.com/GreenCharge/PMC.gridmix
ALL;20220102T120222;20210901T144500;20210901T150000;10.280200408239;0;0;6.1606977175728;8.9998144368157;0;0;0;0;0;5.6225644832065;0;18.667656336983;0.12989422898497;44.349601039154;0;0.092781592132121;4.4349601039154;github.com/GreenCharge/PMC.gridmix
ALL;20220102T120222;20210901T150000;20210901T151500;10.421369450715;0;0;6.0571858540256;9.0481565086531;0;0;0;0;0;5.7373965387509;0;18.886380737397;0.13167795334838;43.754702784048;0;0.13167795334838;4.5522949586155;github.com/GreenCharge/PMC.gridmix
ALL;20220102T120222;20210901T151500;20210901T153000;10.518321625214;0;0;6.3033985190811;9.1513195367382;0;0;0;0;0;5.7907727359028;0;19.062084678185;0.132902980824;43.041579646858;0;0.11391684070628;4.5946459084868;github.com/GreenCharge/PMC.gridmix
ALL;20220102T120222;20210901T153000;20210901T154500;10.719814241486;0;0;6.4434984520124;9.3266253869969;0;0;0;0;0;5.9210526315789;0;19.427244582043;0.13544891640867;41.87306501548;0;0.13544891640867;4.7020123839009;github.com/GreenCharge/PMC.gridmix
ALL;20220102T120222;20210901T154500;20210901T160000;10.902996845426;0;0;6.5851735015773;9.4440063091483;0;0;0;0;0;6.0331230283912;0;19.77523659306;0.13801261829653;40.891167192429;0;0.19716088328076;4.692429022082;github.com/GreenCharge/PMC.gridmix
ALL;20220102T120222;20210901T160000;20210901T161500;11.162603264155;0;0;6.5283094902277;9.6715696151521;0;0;0;0;0;6.1656256296595;0;20.209550674995;0.1410437235543;39.814628249043;0;0.3022365504735;4.6342937739271;github.com/GreenCharge/PMC.gridmix
ALL;20220102T120222;20210901T161500;20210901T163000;11.408566721582;0;0;6.67215815486;9.8640856672158;0;0;0;0;0;6.3014827018122;0;20.634266886326;0.14415156507414;38.509060955519;0;0.37067545304778;4.6952224052718;github.com/GreenCharge/PMC.gridmix
ALL;20220102T120222;20210901T163000;20210901T164500;11.667017027538;0;0;7.3575783056548;10.048349800294;0;0;0;0;0;6.4746689089762;0;21.063695606475;0.1471515661131;36.577675005255;0;0.39941139373555;4.8349800294303;github.com/GreenCharge/PMC.gridmix
ALL;20220102T120222;20210901T164500;20210901T170000;11.856775300172;0;0;7.8473413379074;10.141509433962;0;0;0;0;0.36449399656947;6.582332761578;0;21.483704974271;0.15008576329331;34.669811320755;0;0.60034305317324;4.8456260720412;github.com/GreenCharge/PMC.gridmix
ALL;20220102T120222;20210901T170000;20210901T171500;12.125191507989;0;0;8.3169183628803;10.461807835413;0;0;0;0;0.8754650908295;6.675421317575;0;21.95228715255;0.15320639089516;32.04202232436;0;0.83169183628803;5.0776975268111;github.com/GreenCharge/PMC.gridmix
ALL;20220102T120222;20210901T171500;20210901T173000;12.474667867597;0;0;8.6241837424004;10.875928844855;0;0;0;0;0.90069804098176;6.8453051114614;0;22.585003377618;0.15762215717181;29.700517901374;0;1.0583201981536;5.2465660887188;github.com/GreenCharge/PMC.gridmix
ALL;20220102T120222;20210901T173000;20210901T174500;12.821701831672;0;0;9.5525156503594;11.24507303501;0;0;0;0;0.92742870391839;7.0716438673777;0;23.278460468351;0.16230002318572;26.686760955252;0;1.2056573150939;5.4718293531185;github.com/GreenCharge/PMC.gridmix
ALL;20220102T120222;20210901T174500;20210901T180000;12.948627726953;0;0;9.9929627023223;11.423879896786;0;0;0;0;3.2606145906639;7.1780436312456;0;23.528031902416;0.16420361247947;23.035421064978;0;1.2197982641332;5.6532958010791;github.com/GreenCharge/PMC.gridmix
ALL;20220102T120222;20210901T180000;20210901T181500;13.573883161512;0;0;11.119293078056;12.690230731468;0;0;0;0;1.4236622484045;7.4619538537064;0;24.59499263623;0.17182130584192;19.882179675994;0;1.4236622484045;5.9891998036328;github.com/GreenCharge/PMC.gridmix
ALL;20220102T120222;20210901T181500;20210901T183000;13.996456593268;0;0;12.275373323209;13.110604910149;0;0;0;0;1.6451531257909;7.6942546190838;0;25.33535813718;0.17717033662364;16.198430777018;0;1.6451531257909;6.2009617818274;github.com/GreenCharge/PMC.gridmix
ALL;20220102T120222;20210901T183000;20210901T184500;14.150460593654;0;0;13.178096212897;13.28045035824;0;0;0;0;3.4544524053224;7.8045035823951;0;25.588536335722;0.17911975435005;12.384851586489;0;1.8167860798362;6.4227226202661;github.com/GreenCharge/PMC.gridmix
ALL;20220102T120222;20210901T184500;20210901T190000;14.248904921412;0;0;14.017005926308;13.347075496006;0;0;0;0;5.3336768874002;7.9103323885596;0;25.766555011595;0.18036588508116;8.9152280340119;0;1.9840247358928;6.5447049729451;github.com/GreenCharge/PMC.gridmix
ALL;20220102T120222;20210901T190000;20210901T191500;14.671610169492;0;0;15.572033898305;13.532838983051;0;0;0;0;4.9258474576271;7.9713983050847;0;26.483050847458;0.1853813559322;5.958686440678;0;1.9862288135593;6.9120762711864;github.com/GreenCharge/PMC.gridmix
ALL;20220102T120222;20210901T191500;20210901T193000;15.120087336245;0;0;15.993449781659;14.137554585153;0;0;0;0;4.5305676855895;8.2150655021834;0;27.319868995633;0.1910480349345;3.6026200873362;0;2.1288209606987;6.9050218340611;github.com/GreenCharge/PMC.gridmix
ALL;20220102T120222;20210901T193000;20210901T194500;15.257504819609;0;0;16.166345359405;14.266042412559;0;0;0;0;4.9848526576701;8.3172679702561;0;27.595703662903;0.19278435692647;1.7075185899201;0;2.2583310382815;7.3808868080419;github.com/GreenCharge/PMC.gridmix
ALL;20220102T120222;20210901T194500;20210901T200000;15.257504819609;0;0;16.193885981823;14.23850179014;0;0;0;0;4.8471495455797;8.26218672542;0;27.540622418067;0.19278435692647;0.5783530707794;0;2.6989809969705;8.3172679702561;github.com/GreenCharge/PMC.gridmix
ALL;20220102T120222;20210901T200000;20210901T201500;15.268225584594;0;0;16.313617606602;14.195323246217;0;0;0;0;4.1540577716644;8.2530949105915;0;27.537826685007;0.19257221458047;0.11004126547455;0;3.0536451169188;9.050894085282;github.com/GreenCharge/PMC.gridmix
ALL;20220102T120222;20210901T201500;20210901T203000;15.399556048835;0;0;16.481687014428;14.317425083241;0;0;0;0;2.8856825749168;8.2685904550499;0;27.746947835738;0.19422863485017;0;0;3.1908990011099;9.6281908990011;github.com/GreenCharge/PMC.gridmix
ALL;20220102T120222;20210901T203000;20210901T204500;15.420950263962;0;0;16.504584606835;14.337315921089;0;0;0;0;1.3892747985552;8.2800777993887;0;27.813281467074;0.19449847179772;0;0;3.5565434843012;10.614059460961;github.com/GreenCharge/PMC.gridmix
ALL;20220102T120222;20210901T204500;20210901T210000;15.150684931507;0;0;16.27397260274;14.164383561644;0;0;0;0;1.5616438356164;8.1369863013699;0;27.424657534247;0.19178082191781;0;0;3.8082191780822;11.424657534247;github.com/GreenCharge/PMC.gridmix
ALL;20220102T120222;20210901T210000;20210901T211500;14.84962406015;0;0;15.923737916219;13.882921589689;0;0;0;0;2.7389903329753;8.109559613319;0;26.87969924812;0.18796992481203;0;0;3.9205155746509;11.680988184748;github.com/GreenCharge/PMC.gridmix
ALL;20220102T120222;20210901T211500;20210901T213000;14.954029204976;0;0;16.035694970254;13.845321795565;0;0;0;0;1.3791238507301;8.2477014602488;0;27.068685776095;0.18929150892374;0;0;4.0832882639264;12.358031368307;github.com/GreenCharge/PMC.gridmix
ALL;20220102T120222;20210901T213000;20210901T214500;15.103598691385;0;0;15.348964013086;13.849509269357;0;0;0;0;0.62704471101418;8.3151581243184;0;27.290076335878;0.19083969465649;0;0;4.1166848418757;13.304252998909;github.com/GreenCharge/PMC.gridmix
ALL;20220102T120222;20210901T214500;20210901T220000;15.175631174533;0;0;14.352360043908;13.748627881449;0;0;0;0;0.63117453347969;8.397365532382;0;27.497255762898;0.19209659714599;0;0;4.198682766191;13.940724478595;github.com/GreenCharge/PMC.gridmix
ALL;20220102T120222;20210901T220000;20210901T221500;15.259381898455;0;0;13.686534216336;13.217439293598;0;0;0;0;0.66225165562914;8.4437086092715;0;27.649006622517;0.19315673289183;0;0;4.5253863134658;14.486754966887;github.com/GreenCharge/PMC.gridmix
ALL;20220102T120222;20210901T221500;20210901T223000;15.45556176635;0;0;12.101732811627;13.387367244271;0;0;0;0;0.72666294019005;8.5522638345444;0;28.00447177194;0.19564002235886;0;0;4.4717719396311;15.204024594746;github.com/GreenCharge/PMC.gridmix
ALL;20220102T120222;20210901T223000;20210901T224500;15.790976584809;0;0;10.565391205026;13.677898343804;0;0;0;0;0.057110222729869;8.709308966305;0;28.612221587664;0.19988577955454;0;0;4.797258709309;15.648201027984;github.com/GreenCharge/PMC.gridmix
ALL;20220102T120222;20210901T224500;20210901T230000;15.976845151954;0;0;8.8567293777135;13.863965267728;0;0;0;0;0.057887120115774;8.7698986975398;0;29.030390738061;0.20260492040521;0;0;5.4124457308249;15.861070911722;github.com/GreenCharge/PMC.gridmix
ALL;20220102T120222;20210901T230000;20210901T231500;16.379821958457;0;0;7.0029673590504;14.035608308605;0;0;0;0;0;8.9910979228487;0;29.762611275964;0.20771513353116;0;0;5.8160237388724;15.786350148368;github.com/GreenCharge/PMC.gridmix
ALL;20220102T120222;20210901T231500;20210901T233000;16.661645073817;0;0;6.0861705332932;14.191021391986;0;0;0;0;0;9.0991262428442;0;30.219945766797;0.21090689966857;0;0;5.8752636336246;15.607110575475;github.com/GreenCharge/PMC.gridmix
ALL;20220102T120222;20210901T233000;20210901T234500;16.783004552352;0;0;5.6752655538695;14.294385432473;0;0;0;0;0;9.2261001517451;0;30.440060698027;0.21244309559939;0;0;5.8270106221548;15.477996965099;github.com/GreenCharge/PMC.gridmix
ALL;20220102T120222;20210901T234500;20210902T000000;16.859756097561;0;0;5.609756097561;14.298780487805;0;0;0;0;0;9.2987804878049;0;30.579268292683;0.21341463414634;0;0;5.5792682926829;15.487804878049;github.com/GreenCharge/PMC.gridmix
ALL;20220102T120222;20210902T000000;20210902T001500;17.010150722855;0;0;5.2599200246078;14.395570593663;0;0;0;0;0;9.4432482313134;0;30.852045524454;0.21531836358044;0;0;5.6597969855429;15.164564749308;github.com/GreenCharge/PMC.gridmix
ALL;20220102T120222;20210902T001500;20210902T003000;17.126045215237;0;0;5.2647878600186;14.524620625581;0;0;0;0;0;9.5695261690926;0;31.06224837411;0.21678538247135;0;0;5.4815732424899;14.741406008052;github.com/GreenCharge/PMC.gridmix
ALL;20220102T120222;20210902T003000;20210902T004500;17.148182665424;0;0;5.3122087604846;14.569742155949;0;0;0;0;0;9.5371233302268;0;31.189810500155;0.21745883814849;0;0;5.8403230817024;14.165890027959;github.com/GreenCharge/PMC.gridmix
ALL;20220102T120222;20210902T004500;20210902T010000;17.166979362101;0;0;5.3470919324578;14.696685428393;0;0;0;0;0;9.6310193871169;0;31.457160725453;0.21888680425266;0;0;5.5972482801751;13.852407754847;github.com/GreenCharge/PMC.gridmix
ALL;20220102T120222;20210902T010000;20210902T011500;17.28045325779;0;0;5.3824362606232;14.730878186969;0;0;0;0;0;9.7261567516525;0;31.696569090337;0.22033364809569;0;0;5.5712936732767;13.34592382751;github.com/GreenCharge/PMC.gridmix
ALL;20220102T120222;20210902T011500;20210902T013000;17.313150425733;0;0;5.3926206244087;14.790286975717;0;0;0;0;0;9.7445600756859;0;31.756543677073;0.22075055187638;0;0;5.8025859350363;12.929675181331;github.com/GreenCharge/PMC.gridmix
ALL;20220102T120222;20210902T013000;20210902T014500;17.472947167409;0;0;5.4423933800127;14.894971355824;0;0;0;0;0;9.8345003182686;0;32.081476766391;0.22278803309994;0;0;5.6333545512412;12.348822406111;github.com/GreenCharge/PMC.gridmix
ALL;20220102T120222;20210902T014500;20210902T020000;17.648953301127;0;0;5.5072463768116;15.040257648953;0;0;0;0;0;9.7262479871176;0;32.463768115942;0.22544283413849;0;0;5.7004830917874;11.594202898551;github.com/GreenCharge/PMC.gridmix
ALL;20220102T120222;20210902T020000;20210902T021500;17.711700064641;0;0;5.5268261150614;15.093729799612;0;0;0;0;0;10.051712992889;0;32.579185520362;0.2262443438914;0;0;5.7207498383969;10.989010989011;github.com/GreenCharge/PMC.gridmix
ALL;20220102T120222;20210902T021500;20210902T023000;17.926071311744;0;0;5.5937193326791;15.243702976775;0;0;0;0;0;10.173372587504;0;33.006215243703;0.22898266274125;0;0;5.1030421982336;10.598626104024;github.com/GreenCharge/PMC.gridmix
ALL;20220102T120222;20210902T023000;20210902T024500;18.046849224678;0;0;5.6417024084461;15.407456285054;0;0;0;0;0;10.029693170571;0;33.289343451006;0.23094688221709;0;0;4.6849224678324;10.52457934675;github.com/GreenCharge/PMC.gridmix
ALL;20220102T120222;20210902T024500;20210902T030000;18.076285240464;0;0;5.6716417910448;15.555555555556;0;0;0;0;0;9.983416252073;0;33.499170812604;0.23217247097844;0;0;4.5771144278607;10.248756218905;github.com/GreenCharge/PMC.gridmix
ALL;20220102T120222;20210902T030000;20210902T031500;18.233522917364;0;0;5.7209769153563;15.657410505186;0;0;0;0;0;10.036801605888;0;33.824021411843;0.23419203747073;0;0;4.2154566744731;9.9029775844764;github.com/GreenCharge/PMC.gridmix
ALL;20220102T120222;20210902T031500;20210902T033000;18.421052631579;0;0;5.8029689608637;15.789473684211;0;0;0;0;0;10.087719298246;0;34.075573549258;0.2361673414305;0;0;4.0148448043185;9.3792172739541;github.com/GreenCharge/PMC.gridmix
ALL;20220102T120222;20210902T033000;20210902T034500;18.393520080999;0;0;5.804927438407;15.794802564968;0;0;0;0;0;10.124873439082;0;34.053324333446;0.23624704691191;0;0;4.0161997975025;9.382382720216;github.com/GreenCharge/PMC.gridmix
ALL;20220102T120222;20210902T034500;20210902T040000;18.400542189088;0;0;5.8285327007794;15.859030837004;0;0;0;0;0;10.132158590308;0;34.225686208065;0.23720772619451;0;0;3.9647577092511;9.1494408675025;github.com/GreenCharge/PMC.gridmix
ALL;20220102T120222;20210902T040000;20210902T041500;18.55141783396;0;0;5.8763238811069;15.95490263068;0;0;0;0;0;10.044414075846;0;34.50632046464;0.23915271609156;0;0;3.7581141100102;8.8828151691151;github.com/GreenCharge/PMC.gridmix
ALL;20220102T120222;20210902T041500;20210902T043000;18.627787307033;0;0;5.934819897084;15.98627787307;0;0;0;0;0;10.154373927959;0;34.648370497427;0.2401372212693;0;0;3.5677530017153;8.6449399656947;github.com/GreenCharge/PMC.gridmix
ALL;20220102T120222;20210902T043000;20210902T044500;18.631832244758;0;0;5.9470608456514;16.053626675834;0;0;0;0;0;10.553454795462;0;34.719834994844;0.24063251976624;0;0;3.1625988312135;8.4908903403231;github.com/GreenCharge/PMC.gridmix
ALL;20220102T120222;20210902T044500;20210902T050000;18.672199170124;0;0;6.4661134163209;16.182572614108;0;0;0;0;0;10.546334716459;0;34.923928077455;0.24204702627939;0;0;2.4204702627939;8.3333333333333;github.com/GreenCharge/PMC.gridmix
ALL;20220102T120222;20210902T050000;20210902T051500;18.41475913905;0;0;8.028698325931;16.296549367954;0;0;0;0;0;10.317731465665;0;34.50632046464;0.23915271609156;0;0;2.1523744448241;7.8920396310215;github.com/GreenCharge/PMC.gridmix
ALL;20220102T120222;20210902T051500;20210902T053000;18.289786223278;0;0;9.2297251442145;16.219884628436;0;0;0;0;0;10.111978283;0;34.272141160502;0.2375296912114;0;0;2.035968781812;7.465218866644;github.com/GreenCharge/PMC.gridmix
ALL;20220102T120222;20210902T053000;20210902T054500;18.069057995307;0;0;10.258129399933;16.057660073751;0;0;0;0;0.30170968823332;10.157559503855;0;33.89205497821;0.23466309084814;0;0;1.642641635937;7.2745558162923;github.com/GreenCharge/PMC.gridmix
ALL;20220102T120222;20210902T054500;20210902T060000;17.740336967294;0;0;11.496531219029;15.98942847704;0;0;0;0;0.33036009250083;10.175090849025;0;33.399405351834;0.23125206475058;0;0;1.4205483977536;7.1357779980178;github.com/GreenCharge/PMC.gridmix
ALL;20220102T120222;20210902T060000;20210902T061500;17.583497053045;0;0;11.722331368697;16.863130320891;0;0;0;0;0.36018336607728;9.8559266535691;0;33.104125736739;0.22920759659463;0;0;1.1787819253438;6.8107400130976;github.com/GreenCharge/PMC.gridmix
ALL;20220102T120222;20210902T061500;20210902T063000;17.367399741268;0;0;12.904269081501;16.882276843467;0;0;0;0;0.48512289780078;10.025873221216;0;32.697283311772;0.22639068564036;0.032341526520052;0;0.67917205692109;6.4359637774903;github.com/GreenCharge/PMC.gridmix
ALL;20220102T120222;20210902T063000;20210902T064500;16.897419760856;0;0;13.467589679043;16.677155443675;0;0;0;0;1.6362492133417;9.8489616110761;0;31.812460667086;0.22026431718062;0.37759597230963;0;0.56639395846444;6.2932662051605;github.com/GreenCharge/PMC.gridmix
ALL;20220102T120222;20210902T064500;20210902T070000;16.140667267809;0;0;12.984670874662;16.140667267809;0;0;0;0;5.1397655545537;9.4379320709348;0;30.417793808236;0.21039975954313;0.99188458070334;0;0.42079951908626;6.0114217012323;github.com/GreenCharge/PMC.gridmix
ALL;20220102T120222;20210902T070000;20210902T071500;15.851502651738;0;0;13.170300530348;15.851502651738;0;0;0;0;5.4213317619328;9.2516205067767;0;29.817324690631;0.20624631703005;2.4160282852092;0;0.38302887448438;5.5981143193872;github.com/GreenCharge/PMC.gridmix
ALL;20220102T120222;20210902T071500;20210902T073000;15.537618910349;0;0;13.058518304987;15.624099164024;0;0;0;0;5.3617757278755;9.051599884693;0;29.201498991064;0.20178725857596;4.641106947247;0;0.14413375612568;5.1888152205246;github.com/GreenCharge/PMC.gridmix
ALL;20220102T120222;20210902T073000;20210902T074500;15.098039215686;0;0;12.717086834734;15.294117647059;0;0;0;0;5.2380952380952;8.7955182072829;0;28.375350140056;0.19607843137255;7.4229691876751;0;0.056022408963585;4.8739495798319;github.com/GreenCharge/PMC.gridmix
ALL;20220102T120222;20210902T074500;20210902T080000;14.633486610765;0;0;12.280227211252;14.876927238301;0;0;0;0;5.1663510954828;8.5204219637544;0;27.40059507709;0.18934271030565;10.603191777117;0;0.027048958615093;4.4360292128753;github.com/GreenCharge/PMC.gridmix
ALL;20220102T120222;20210902T080000;20210902T081500;14.122236671001;0;0;11.755526657997;14.356306892068;0;0;0;0;5.4616384915475;8.1924577373212;0;26.29388816645;0.18205461638492;13.966189856957;0;0;3.927178153446;github.com/GreenCharge/PMC.gridmix
ALL;20220102T120222;20210902T081500;20210902T083000;13.487332339791;0;0;11.227024341778;13.785394932936;0;0;0;0;6.1847988077496;7.8489816194734;0;25.086934923;0.17386984600099;17.163437655241;0;0;3.378042722305;github.com/GreenCharge/PMC.gridmix
ALL;20220102T120222;20210902T083000;20210902T084500;13.039309683605;0;0;10.882070949185;13.326941514861;0;0;0;0;5.8005752636625;7.5743048897411;0;24.232981783317;0.16778523489933;20.541706615532;0;0;2.8283796740173;github.com/GreenCharge/PMC.gridmix
ALL;20220102T120222;20210902T084500;20210902T090000;12.90780141844;0;0;10.732860520095;13.120567375887;0;0;0;0;3.6170212765957;7.4468085106383;0;23.900709219858;0.16548463356974;24.278959810875;0;0;2.2458628841608;github.com/GreenCharge/PMC.gridmix
ALL;20220102T120222;20210902T090000;20210902T091500;12.300427254329;0;0;10.141668540589;12.502810883742;0;0;0;0;4.8572071059141;7.1059140993928;0;22.73442770407;0.15740948954351;27.00697099168;0;0;1.7090173150438;github.com/GreenCharge/PMC.gridmix
ALL;20220102T120222;20210902T091500;20210902T093000;11.963190184049;0;0;9.9035933391762;12.182296231376;0;0;0;0;4.0534618755478;6.9456617002629;0;22.129710780018;0.15337423312883;29.973707274321;0;0;1.2489044697634;github.com/GreenCharge/PMC.gridmix
ALL;20220102T120222;20210902T093000;20210902T094500;11.871052058375;0;0;9.8235678501416;12.132433021128;0;0;0;0;1.3722500544544;6.8830320191679;0;21.999564365062;0.15247222827271;33.326072751035;0;0;1.0019603572206;github.com/GreenCharge/PMC.gridmix
ALL;20220102T120222;20210902T094500;20210902T100000;11.614550095724;0;0;9.08317379281;11.763454584131;0;0;0;0;1.1274196979366;6.7007019783025;0;21.46351840034;0.14890448840672;35.822165496703;0;0;0.87215486066794;github.com/GreenCharge/PMC.gridmix
ALL;20220102T120222;20210902T100000;20210902T101500;11.332503113325;0;0;8.6550435865504;11.29099211291;0;0;0;0;1.1830635118306;6.5379825653798;0;20.942299709423;0.14528850145289;37.878787878788;0;0;0.78870900788709;github.com/GreenCharge/PMC.gridmix
ALL;20220102T120222;20210902T101500;20210902T103000;11.170212765957;0;0;8.2037643207856;10.965630114566;0;0;0;0;0.51145662847791;6.3625204582651;0;20.621931260229;0.14320785597381;40.03682487725;0;0;0.7569558101473;github.com/GreenCharge/PMC.gridmix
ALL;20220102T120222;20210902T103000;20210902T104500;11.008064516129;0;0;7.258064516129;10.766129032258;0;0;0;0;0.42338709677419;6.2903225806452;0;20.322580645161;0.14112903225806;41.834677419355;0;0;0.74596774193548;github.com/GreenCharge/PMC.gridmix
ALL;20220102T120222;20210902T104500;20210902T110000;10.876494023904;0;0;6.3147410358566;10.637450199203;0;0;0;0;0.41832669322709;6.195219123506;0;20.0796812749;0.1394422310757;43.486055776892;0;0;0.65737051792829;github.com/GreenCharge/PMC.gridmix
ALL;20220102T120222;20210902T110000;20210902T111500;10.786827055808;0;0;5.6399132321041;10.136067836719;0;0;0;0;0.59159929008085;6.1723525931769;0;19.838296194045;0.1380398343522;44.882666140801;0;0;0.65075921908894;github.com/GreenCharge/PMC.gridmix
ALL;20220102T120222;20210902T111500;20210902T113000;10.719184793259;0;0;5.0558495002939;10.072506368803;0;0;0;0;0.23515579071135;6.1532431902802;0;19.674701156183;0.13717421124829;46.129727611209;0;0;0.66627474034881;github.com/GreenCharge/PMC.gridmix
ALL;20220102T120222;20210902T113000;20210902T114500;10.646165823278;0;0;4.3985986765278;9.9844297391981;0;0;0;0;0.35033086804204;6.091864538731;0;19.521214480343;0.13623978201635;47.041650447645;0;0;0.68119891008174;github.com/GreenCharge/PMC.gridmix
ALL;20220102T120222;20210902T114500;20210902T120000;10.578224714755;0;0;4.2931734674144;9.5339392767356;0;0;0;0;0.17404757300329;6.1303422935602;0;19.415973699478;0.13537033455811;47.921098433572;0;0;0.67685167279056;github.com/GreenCharge/PMC.gridmix
ALL;20220102T120222;20210902T120000;20210902T121500;10.548604427334;0;0;4.0423484119346;9.1819056785371;0;0;0;0;0.17324350336862;6.1405197305101;0;19.307025986526;0.13474494706449;48.585178055823;0;0;0.73147256977863;github.com/GreenCharge/PMC.gridmix
ALL;20220102T120222;20210902T121500;20210902T123000;10.474006116208;0;0;4.0137614678899;8.9067278287462;0;0;0;0;0.15290519877676;6.0779816513761;0;19.170489296636;0.13379204892966;49.120795107034;0;0;0.80275229357798;github.com/GreenCharge/PMC.gridmix
ALL;20220102T120222;20210902T123000;20210902T124500;10.504201680672;0;0;4.0106951871658;8.7280366692131;0;0;0;0;0.13368983957219;6.0733384262796;0;18.964858670741;0.13368983957219;49.465240641711;0;0;0.84033613445378;github.com/GreenCharge/PMC.gridmix
ALL;20220102T120222;20210902T124500;20210902T130000;10.513260828086;0;0;4.0068689181454;8.5861476817401;0;0;0;0;0;6.0103033772181;0;18.698721618012;0.13356229727151;49.933218851364;0;0;0.97309673726388;github.com/GreenCharge/PMC.gridmix
ALL;20220102T120222;20210902T130000;20210902T131500;10.546427206725;0;0;3.9931218953;8.5976308750478;0;0;0;0;0;6.0183416125334;0;18.360718379824;0.13374092472297;50.152846771112;0;0;1.0699273977837;github.com/GreenCharge/PMC.gridmix
ALL;20220102T120222;20210902T131500;20210902T133000;10.535340064774;0;0;3.9817108020575;8.5730615355306;0;0;0;0;0;6.1535530577253;0;17.927224233187;0.13335873499714;50.40960182892;0;0;1.1621261192608;github.com/GreenCharge/PMC.gridmix
ALL;20220102T120222;20210902T133000;20210902T134500;10.527317723206;0;0;3.9786788501808;8.5474966685703;0;0;0;0;0;6.1488673139159;0;17.818389491719;0.13325718636969;50.466400152294;0;0;1.2564249000571;github.com/GreenCharge/PMC.gridmix
ALL;20220102T120222;20210902T134500;20210902T140000;10.560426991994;0;0;3.9839878002287;8.5017155928326;0;0;0;0;0;5.9283263438811;0;17.861227601982;0.13343499809379;50.59092642013;0;0;1.315287838353;github.com/GreenCharge/PMC.gridmix
ALL;20220102T120222;20210902T140000;20210902T141500;10.566469578486;0;0;3.8527560556933;8.5065802021743;0;0;0;0;0;6.0652298302499;0;17.871447644478;0.13351134846462;50.429143620065;0;0;1.4495517833302;github.com/GreenCharge/PMC.gridmix
ALL;20220102T120222;20210902T141500;20210902T143000;10.600841944126;0;0;3.8652889399158;8.5342518178339;0;0;0;0;0;6.2189054726368;0;17.929582854956;0.13394565633372;50.133945656334;0;0;1.4542671259089;github.com/GreenCharge/PMC.gridmix
ALL;20220102T120222;20210902T143000;20210902T144500;10.689522342065;0;0;3.8906009244992;8.5516178736518;0;0;0;0;0;6.2788906009245;0;18.239599383667;0.13482280431433;49.499229583975;0;0;1.5793528505393;github.com/GreenCharge/PMC.gridmix
ALL;20220102T120222;20210902T144500;20210902T150000;10.763551583447;0;0;3.905187487857;8.6069555080629;0;0;0;0;0;6.3726442587915;0;18.709928113464;0.13600155430348;48.824557994949;0;0;1.5348746842821;github.com/GreenCharge/PMC.gridmix
ALL;20220102T120222;20210902T150000;20210902T151500;10.892646480535;0;0;3.6964215493512;8.7495084545812;0;0;0;0;0;6.4294140778608;0;19.268580416831;0.13763271726308;48.073141958317;0;0;1.5926071569013;github.com/GreenCharge/PMC.gridmix
ALL;20220102T120222;20210902T151500;20210902T153000;10.989448536731;0;0;3.7427831972925;9.0981485168226;0;0;0;0;0;6.5100537527374;0;19.709337049572;0.13935894883536;47.063507863826;0;0;1.5727652797133;github.com/GreenCharge/PMC.gridmix
ALL;20220102T120222;20210902T153000;20210902T154500;11.171717171717;0;0;3.7979797979798;9.3131313131313;0;0;0;0;0.02020202020202;6.6464646464646;0;20.181818181818;0.14141414141414;45.89898989899;0;0;1.6363636363636;github.com/GreenCharge/PMC.gridmix
ALL;20220102T120222;20210902T154500;20210902T160000;11.196911196911;0;0;3.9016460069092;9.3273724852672;0;0;0;0;1.5647226173542;6.6246697825645;0;20.341394025605;0.14224751066856;44.076407234302;0;0;1.6256858362122;github.com/GreenCharge/PMC.gridmix
