LOC;Time;Start;End;Biomass;Lignite;Coal;Gas;HardCoal;Oil;Shale;Peat;Geothermal;HydroPumped;Hydro;Marine;Nuclear;OtherRES;Solar;Waste;WindOffShore;WindOnShore;SwID
ALL;20220102T120219;20200201T000000;20200201T001500;8.5855367951577;0.04778591908251;0;3.0423701815865;3.1060847403632;0;0;0;0;0;2.5167250716789;0;12.94998407136;0.04778591908251;0;0;19.146224912392;50.159286396942;github.com/GreenCharge/PMC.gridmix
ALL;20220102T120219;20200201T001500;20200201T003000;8.6129753914989;0.047938638542665;0;3.0680728667306;3.1639501438159;0;0;0;0;0;2.5567273889422;0;13.055289229786;0.047938638542665;0;0;19.143496324704;49.904122722915;github.com/GreenCharge/PMC.gridmix
ALL;20220102T120219;20200201T003000;20200201T004500;8.6024944035817;0.047969299648225;0;3.0860249440358;3.2299328429805;0;0;0;0;0;2.5583626479053;0;12.839782539175;0.047969299648225;0;0;19.123760793092;50.063959066198;github.com/GreenCharge/PMC.gridmix
ALL;20220102T120219;20200201T004500;20200201T010000;8.5377508760752;0.04778591908251;0;3.090156100669;3.5202293724116;0;0;0;0;0;2.532653711373;0;12.631411277477;0.04778591908251;0;0;19.082510353616;50.111500477859;github.com/GreenCharge/PMC.gridmix
ALL;20220102T120219;20200201T010000;20200201T011500;8.5292249047014;0.047649301143583;0;3.0654383735705;3.7007623888183;0;0;0;0;0;2.5412960609911;0;12.515883100381;0.047649301143583;0;0;19.059720457433;50.095298602287;github.com/GreenCharge/PMC.gridmix
ALL;20220102T120219;20200201T011500;20200201T013000;8.4727043231303;0.047333543704639;0;3.0451246449984;3.8813505837804;0;0;0;0;0;2.5402335121489;0;12.432944146418;0.047333543704639;0;0;18.949195329757;50.189334174819;github.com/GreenCharge/PMC.gridmix
ALL;20220102T120219;20200201T013000;20200201T014500;8.3715777812945;0.047475866434562;0;3.0542807406235;3.7189428707074;0;0;0;0;0;2.5478714986549;0;12.438677005855;0.047475866434562;0;0;19.006171862636;50.371894287071;github.com/GreenCharge/PMC.gridmix
ALL;20220102T120219;20200201T014500;20200201T020000;8.4708121827411;0.04758883248731;0;3.0615482233503;3.5057106598985;0;0;0;0;0;2.5539340101523;0;12.674492385787;0.04758883248731;0;0;19.003807106599;50.237944162437;github.com/GreenCharge/PMC.gridmix
ALL;20220102T120219;20200201T020000;20200201T021500;8.4587359417076;0.047520988436559;0;3.0571835894187;3.2472675431649;0;0;0;0;0;2.5344527166165;0;12.814826548392;0.047520988436559;0;0;18.92919372723;50.483130049105;github.com/GreenCharge/PMC.gridmix
ALL;20220102T120219;20200201T021500;20200201T023000;8.4832086582843;0.047747891134808;0;3.0717809963393;3.0876969600509;0;0;0;0;0;2.5147222664332;0;12.732770969282;0.047747891134808;0;0;19.003660671654;50.628680566608;github.com/GreenCharge/PMC.gridmix
ALL;20220102T120219;20200201T023000;20200201T024500;8.4834954552703;0.047839260086111;0;3.0776590655398;3.1414447456546;0;0;0;0;0;2.5673736246213;0;12.78902886302;0.047839260086111;0;0;19.008132674215;50.454472970818;github.com/GreenCharge/PMC.gridmix
ALL;20220102T120219;20200201T024500;20200201T030000;8.4341183959262;0.047740292807129;0;3.071292170592;3.1508593252705;0;0;0;0;0;2.5302355187778;0;12.730744748568;0.047740292807129;0;0;19.096117122852;50.509229789943;github.com/GreenCharge/PMC.gridmix
ALL;20220102T120219;20200201T030000;20200201T031500;8.3887306109528;0.047483380816714;0;3.0547641658753;3.1497309275087;0;0;0;0;0;2.4849635960747;0;12.04495093384;0.047483380816714;0;0;19.65811965812;50.743906299462;github.com/GreenCharge/PMC.gridmix
ALL;20220102T120219;20200201T031500;20200201T033000;8.4073604060914;0.04758883248731;0;3.0615482233503;3.1567258883249;0;0;0;0;0;2.4904822335025;0;11.944796954315;0.04758883248731;0;0;19.749365482234;50.71383248731;github.com/GreenCharge/PMC.gridmix
ALL;20220102T120219;20200201T033000;20200201T034500;8.387403070106;0.047475866434562;0;3.0542807406235;3.1492324734926;0;0;0;0;0;2.5320462098433;0;11.900617186264;0.047475866434562;0;0;19.813261592024;50.688400063301;github.com/GreenCharge/PMC.gridmix
ALL;20220102T120219;20200201T034500;20200201T040000;8.4168655529037;0.047732696897375;0;3.0708035003978;3.1980906921241;0;0;0;0;0;2.5139220365951;0;12.012728719173;0.047732696897375;0;0;19.920445505171;50.389817024662;github.com/GreenCharge/PMC.gridmix
ALL;20220102T120219;20200201T040000;20200201T041500;8.4170253467241;0.047824007651841;0;3.0766778256018;3.2360911844413;0;0;0;0;0;2.5187310696636;0;12.051649928264;0.047824007651841;0;0;20.3570859238;49.864498644986;github.com/GreenCharge/PMC.gridmix
ALL;20220102T120219;20200201T041500;20200201T043000;8.3810432569975;0.047709923664122;0;3.0693384223919;3.2124681933842;0;0;0;0;0;2.4650127226463;0;11.943384223919;0.047709923664122;0;0;20.626590330789;49.825063613232;github.com/GreenCharge/PMC.gridmix
ALL;20220102T120219;20200201T043000;20200201T044500;8.3663444778957;0.047536048169862;0;3.0581524322611;3.2007605767707;0;0;0;0;0;2.5511012517826;0;12.026620186975;0.047536048169862;0;0;20.53557280938;49.786087783236;github.com/GreenCharge/PMC.gridmix
ALL;20220102T120219;20200201T044500;20200201T050000;8.3650190114068;0.047528517110266;0;3.0576679340938;3.1844106463878;0;0;0;0;0;2.5031685678074;0;12.135614702155;0.047528517110266;0;0;20.500633713561;49.778200253485;github.com/GreenCharge/PMC.gridmix
ALL;20220102T120219;20200201T050000;20200201T051500;8.378207158695;0.047513462147608;0;3.0883750395946;3.2625910674691;0;0;0;0;0;2.5023756731074;0;12.147608489072;0.047513462147608;0;0;20.478302185619;49.667405764967;github.com/GreenCharge/PMC.gridmix
ALL;20220102T120219;20200201T051500;20200201T053000;8.3689289669356;0.047460844803037;0;3.0849549121974;3.2747982914096;0;0;0;0;0;2.515424774561;0;12.134155987977;0.047460844803037;0;0;20.439803828508;49.707324790381;github.com/GreenCharge/PMC.gridmix
ALL;20220102T120219;20200201T053000;20200201T054500;8.3399147054178;0.047385879008056;0;3.0800821355236;3.2538303585532;0;0;0;0;0;2.4956562944243;0;12.11498973306;0.047385879008056;0;0;20.391723266467;49.849944716474;github.com/GreenCharge/PMC.gridmix
ALL;20220102T120219;20200201T054500;20200201T060000;8.3930562191432;0.047778308647874;0;3.1055900621118;3.2329988851728;0;0;0;0;0;2.5163242554547;0;12.247173116738;0.047778308647874;0;0;20.560598821468;49.466475553432;github.com/GreenCharge/PMC.gridmix
ALL;20220102T120219;20200201T060000;20200201T061500;8.2784571966134;0.047036688617121;0;3.0417058639072;3.1828159297585;0;0;0;0;0;2.4459078080903;0;12.292254625274;0.047036688617121;0;0;20.272812793979;50.015678896206;github.com/GreenCharge/PMC.gridmix
ALL;20220102T120219;20200201T061500;20200201T063000;8.2888540031397;0.047095761381476;0;3.0298273155416;3.171114599686;0;0;0;0;0;2.4646781789639;0;12.370486656201;0.047095761381476;0;0;20.345368916797;49.858712715856;github.com/GreenCharge/PMC.gridmix
ALL;20220102T120219;20200201T063000;20200201T064500;8.350466550688;0.047445832674363;0;3.0365332911593;3.2105013442986;0;0;0;0;0;2.482998576625;0;12.604776213823;0.047445832674363;0;0;20.512414992883;49.32785070378;github.com/GreenCharge/PMC.gridmix
ALL;20220102T120219;20200201T064500;20200201T070000;8.3796222821774;0.047611490239644;0;3.0312648785907;3.2058403428027;0;0;0;0;0;2.5551499761943;0;13.093159815902;0.047611490239644;0;0;20.584034280273;48.674813521663;github.com/GreenCharge/PMC.gridmix
ALL;20220102T120219;20200201T070000;20200201T071500;8.4507042253521;0.048015364916773;0;3.2010243277849;3.2170294494238;0;0;0;0;0;2.4967989756722;0;13.668373879641;0.048015364916773;0;0;20.742637644046;47.743277848912;github.com/GreenCharge/PMC.gridmix
ALL;20220102T120219;20200201T071500;20200201T073000;8.4534101825168;0.048030739673391;0;3.2020493115594;3.234069804675;0;0;0;0;0;2.5296189561319;0;14.153057957093;0.048030739673391;0;0;20.733269292347;47.214217098943;github.com/GreenCharge/PMC.gridmix
ALL;20220102T120219;20200201T073000;20200201T074500;8.4077855775367;0.047862156987875;0;3.1908104658583;3.2067645181876;0;0;0;0;0;2.5207402680281;0;14.661774090619;0.047862156987875;0;0;20.373324824505;47.160178685386;github.com/GreenCharge/PMC.gridmix
ALL;20220102T120219;20200201T074500;20200201T080000;8.3610978898937;0.047596382674917;0;3.1730921783278;3.2365540218943;0;0;0;0;0;2.4908773599873;0;15.056322386165;0.047596382674917;0.095192765349833;0;20.069808027923;47.041091543709;github.com/GreenCharge/PMC.gridmix
ALL;20220102T120219;20200201T080000;20200201T081500;8.3635789805902;0.078901688496134;0;3.2980905791384;3.2191888906423;0;0;0;0;0;2.4932933564778;0;15.038661827363;0.04734101309768;0.75745620956288;0;19.99368786492;46.33107148493;github.com/GreenCharge/PMC.gridmix
ALL;20220102T120219;20200201T081500;20200201T083000;8.2890209571473;0.078198310916484;0;3.3312480450422;3.1904910853926;0;0;0;0;0;2.4867062871442;0;14.904598060682;0.046918986549891;1.4701282452299;0;19.846731310604;45.980606818893;github.com/GreenCharge/PMC.gridmix
ALL;20220102T120219;20200201T083000;20200201T084500;8.2903981264637;0.078064012490242;0;3.4035909445746;3.1850117096019;0;0;0;0;0;2.4824355971897;0;14.925839188134;0.046838407494145;2.2170179547229;0;19.781420765027;45.214676034348;github.com/GreenCharge/PMC.gridmix
ALL;20220102T120219;20200201T084500;20200201T090000;8.1997533908755;0.077065351418002;0;3.4679408138101;3.1288532675709;0;0;0;0;0;2.4506781750925;0;14.781134401973;0.046239210850801;3.0055487053021;0;19.528360049322;44.944512946979;github.com/GreenCharge/PMC.gridmix
ALL;20220102T120219;20200201T090000;20200201T091500;7.9796772265392;0.074716078900179;0;3.4518828451883;3.0185295875672;0;0;0;0;1.9575612671847;2.3759713090257;0;14.614465032875;0.044829647340108;3.9898386132696;0;18.903167961745;43.230723251644;github.com/GreenCharge/PMC.gridmix
ALL;20220102T120219;20200201T091500;20200201T093000;7.9369797859691;0.074316290130797;0;3.448275862069;3.0023781212842;0;0;0;0;1.7984542211653;2.3483947681332;0;14.610582639715;0.044589774078478;5.0980975029727;0;18.787158145065;42.49405469679;github.com/GreenCharge/PMC.gridmix
ALL;20220102T120219;20200201T093000;20200201T094500;7.7922077922078;0.07296074711805;0;3.3853786662775;2.918429884722;0;0;0;0;2.8600612870276;2.320151758354;0;14.344082883409;0.04377644827083;6.2308478038815;0;18.42988472202;41.252006420546;github.com/GreenCharge/PMC.gridmix
ALL;20220102T120219;20200201T094500;20200201T100000;7.6845589293424;0.07195279896388;0;3.3242193121312;2.8061591595913;0;0;0;0;3.4537343502662;2.2737084472586;0;14.131529716506;0.043171679378328;7.3823571736941;0;18.24722981724;40.236005180602;github.com/GreenCharge/PMC.gridmix
ALL;20220102T120219;20200201T100000;20200201T101500;7.6724878328085;0.071571714858288;0;3.3066132264529;2.7626681935299;0;0;0;0;3.2493558545663;2.2473518465502;0;14.013741769253;0.042943028914973;8.3738906384197;0;18.150586888062;39.765244775265;github.com/GreenCharge/PMC.gridmix
ALL;20220102T120219;20200201T101500;20200201T103000;7.6028368794326;0.070921985815603;0;3.2765957446809;2.7234042553191;0;0;0;0;3.2624113475177;2.2269503546099;0;13.872340425532;0.042553191489362;9.2056737588652;0;17.957446808511;39.418439716312;github.com/GreenCharge/PMC.gridmix
ALL;20220102T120219;20200201T103000;20200201T104500;7.5535512965051;0.070462232243517;0;3.2553551296505;2.6916572717024;0;0;0;0;3.2271702367531;2.2125140924464;0;13.782412626832;0.04227733934611;9.8506200676437;0;17.812852311161;39.162908680947;github.com/GreenCharge/PMC.gridmix
ALL;20220102T120219;20200201T104500;20200201T110000;7.5073395777995;0.069900740947854;0;3.2294142317909;2.6282678596393;0;0;0;0;3.3132951209283;2.1948832657626;0;13.602684188452;0.041940444568712;10.610932475884;0;17.698867607997;38.76695092968;github.com/GreenCharge/PMC.gridmix
ALL;20220102T120219;20200201T110000;20200201T111500;7.5593649009414;0.070254320640719;0;3.2457496136012;2.6134607278348;0;0;0;0;2.6134607278348;2.2621891246312;0;13.264015736968;0.042152592384432;11.324996487284;0;17.844597442743;38.822537586062;github.com/GreenCharge/PMC.gridmix
ALL;20220102T120219;20200201T111500;20200201T113000;7.5045334077277;0.069744734272562;0;3.2222067233924;2.5805551680848;0;0;0;0;2.7200446366299;2.231831496722;0;13.139907936951;0.041846840563537;11.661319570372;0;17.715162505231;38.778072255545;github.com/GreenCharge/PMC.gridmix
ALL;20220102T120219;20200201T113000;20200201T114500;7.469745444429;0.069550702462095;0;3.2132424537488;2.5733759910975;0;0;0;0;2.8237585199611;2.2117123382946;0;13.103352343859;0.041730421477257;11.823619418556;0;17.65196828488;38.684100709417;github.com/GreenCharge/PMC.gridmix
ALL;20220102T120219;20200201T114500;20200201T120000;7.4448911687231;0.069319284624983;0;3.2025509496742;2.5648135311244;0;0;0;0;2.2320809649244;2.2043532510744;0;13.364758075697;0.04159157077499;12.061555524747;0;17.565506723971;38.915846388465;github.com/GreenCharge/PMC.gridmix
ALL;20220102T120219;20200201T120000;20200201T121500;7.3363277528243;0.068054988430652;0;3.1441404654961;2.4772015788757;0;0;0;0;3.0488634816932;2.1777596297809;0;13.36599972778;0.040832993058391;11.92323397305;0;17.272356063699;38.818565400844;github.com/GreenCharge/PMC.gridmix
ALL;20220102T120219;20200201T121500;20200201T123000;7.3569482288828;0.068119891008174;0;3.1471389645777;2.4523160762943;0;0;0;0;2.9155313351499;2.1798365122616;0;13.378746594005;0.040871934604905;11.743869209809;0;17.316076294278;39.073569482289;github.com/GreenCharge/PMC.gridmix
ALL;20220102T120219;20200201T123000;20200201T124500;7.3094656902631;0.067805804176838;0;3.1326281529699;2.4410089503662;0;0;0;0;2.9970165446162;2.1833468944942;0;13.317059940331;0.040683482506103;11.526986710062;0;17.263357743423;39.395172226743;github.com/GreenCharge/PMC.gridmix
ALL;20220102T120219;20200201T124500;20200201T130000;7.4319657411245;0.069070313579224;0;3.1910484873601;2.4727172261362;0;0;0;0;1.1465672054151;2.1964359718193;0;13.56540958696;0.041442188147534;11.313717364277;0;17.58530183727;40.654786572731;github.com/GreenCharge/PMC.gridmix
ALL;20220102T120219;20200201T130000;20200201T131500;7.218712192499;0.067213335125689;0;3.1052560828068;2.4196800645248;0;0;0;0;3.4682080924855;2.1911547250975;0;13.200699018685;0.040328001075413;10.297082941256;0;17.139400457051;40.52964108079;github.com/GreenCharge/PMC.gridmix
ALL;20220102T120219;20200201T131500;20200201T133000;7.300163132137;0.067971723762915;0;3.1266992930941;2.4197933659598;0;0;0;0;1.9032082653616;2.1615008156607;0;13.322457857531;0.040783034257749;9.747145187602;0;17.346383904296;42.237629146275;github.com/GreenCharge/PMC.gridmix
ALL;20220102T120219;20200201T133000;20200201T134500;7.359781121751;0.068399452804378;0;3.1326949384405;2.421340629275;0;0;0;0;1.5595075239398;2.202462380301;0;13.419972640219;0.041039671682627;8.9740082079343;0;17.469220246238;43.023255813953;github.com/GreenCharge/PMC.gridmix
ALL;20220102T120219;20200201T134500;20200201T140000;7.5055803571429;0.069754464285714;0;3.1668526785714;2.4693080357143;0;0;0;0;0.13950892857143;2.2042410714286;0;13.671875;0.041852678571429;8.4123883928571;0;17.815290178571;44.168526785714;github.com/GreenCharge/PMC.gridmix
ALL;20220102T120219;20200201T140000;20200201T141500;7.5936883629191;0.070442378134686;0;3.0712876866723;2.5781910397295;0;0;0;0;0.084530853761623;2.2118906734291;0;13.806706114398;0.042265426880811;7.6782192166808;0;17.948717948718;44.575936883629;github.com/GreenCharge/PMC.gridmix
ALL;20220102T120219;20200201T141500;20200201T143000;7.6813453042611;0.071255522302978;0;3.1067407724099;2.5937010118284;0;0;0;0;0.057004417842383;2.1804189824711;0;13.652558073251;0.042753313381787;6.7407724098618;0;18.127404873878;45.404018811458;github.com/GreenCharge/PMC.gridmix
ALL;20220102T120219;20200201T143000;20200201T144500;7.7488117528446;0.072014979115656;0;3.1398530894426;2.5925392481636;0;0;0;0;0;2.2468673484085;0;13.740458015267;0.043208987469394;5.70358634596;0;17.816505833213;46.55048250036;github.com/GreenCharge/PMC.gridmix
ALL;20220102T120219;20200201T144500;20200201T150000;7.8072848643158;0.072558409519663;0;3.1635466550573;2.6121027427079;0;0;0;0;0;2.3073574227253;0;13.945726309679;0.043535045711798;4.4841097083152;0;17.399506602815;47.815991873458;github.com/GreenCharge/PMC.gridmix
ALL;20220102T120219;20200201T150000;20200201T151500;7.7699293642785;0.072077266830042;0;3.0272452068618;2.6236125126135;0;0;0;0;0;2.3641343520254;0;14.213637018884;0.043246360098025;3.8633415020902;0;17.284128585844;48.39267694969;github.com/GreenCharge/PMC.gridmix
ALL;20220102T120219;20200201T151500;20200201T153000;7.7532785703992;0.072056492289955;0;3.0263726761781;2.6228563193544;0;0;0;0;0;2.4066868424845;0;14.252774174953;0.043233895373973;3.0840178700101;0;17.279146851131;49.113705144834;github.com/GreenCharge/PMC.gridmix
ALL;20220102T120219;20200201T153000;20200201T154500;7.7232271030721;0.071777203560149;0;3.0146425495263;2.5983347688774;0;0;0;0;0.20097616996842;2.426069480333;0;14.154464542061;0.04306632213609;2.4547803617571;0;17.197817973012;49.770312948608;github.com/GreenCharge/PMC.gridmix
ALL;20220102T120219;20200201T154500;20200201T160000;7.7771329077191;0.072547881601857;0;3.047011027278;2.6262333139872;0;0;0;0;0.15960533952409;2.3795705165409;0;14.277423099246;0.043528728961114;1.8282066163668;0;17.382472431805;50.058038305281;github.com/GreenCharge/PMC.gridmix
ALL;20220102T120219;20200201T160000;20200201T161500;7.7814809447906;0.072453267642371;0;3.1589624692074;2.6662802492392;0;0;0;0;0.62309810172439;2.3040139110274;0;14.215331111433;0.043471960585422;1.2027242428634;0;17.66410665121;49.920301405593;github.com/GreenCharge/PMC.gridmix
ALL;20220102T120219;20200201T161500;20200201T163000;7.8140885984023;0.072621641249092;0;3.1663035584604;2.6724763979666;0;0;0;0;0.65359477124183;2.3093681917211;0;14.233841684822;0.043572984749455;0.69716775599129;0;17.777777777778;50.210602759622;github.com/GreenCharge/PMC.gridmix
ALL;20220102T120219;20200201T163000;20200201T164500;7.7599884609837;0.072118851867878;0;3.1443819414395;2.6972450598586;0;0;0;0;0.63464589643733;2.2933794893985;0;14.192990047598;0.043271311120727;0.36059425933939;0;17.66911870763;50.78609548536;github.com/GreenCharge/PMC.gridmix
ALL;20220102T120219;20200201T164500;20200201T170000;7.7011165187518;0.071571714858288;0;3.1205267678214;2.7340395075866;0;0;0;0;0.55825937589465;2.2187231606069;0;14.042370455196;0.042943028914973;0.12882908674492;0;17.535070140281;51.503006012024;github.com/GreenCharge/PMC.gridmix
ALL;20220102T120219;20200201T170000;20200201T171500;7.5181665735048;0.069871436556736;0;3.0463946338737;2.7669088876467;0;0;0;0;2.1799888205702;2.1939631078815;0;13.513135830073;0.041922861934041;0.027948574622694;0;17.1185019564;51.187814421465;github.com/GreenCharge/PMC.gridmix
ALL;20220102T120219;20200201T171500;20200201T173000;7.450491621659;0.06924248719014;0;3.0189724414901;2.7696994876056;0;0;0;0;2.2850020772746;2.1880625952084;0;13.62692147902;0.041545492314084;0;0;16.936712366708;51.280986013018;github.com/GreenCharge/PMC.gridmix
ALL;20220102T120219;20200201T173000;20200201T174500;7.3688535817011;0.068483769346665;0;2.9858923435146;2.7530475277359;0;0;0;0;3.5611560060266;2.1640871113546;0;13.491302561293;0.041090261607999;0;0;16.710039720586;50.527325023969;github.com/GreenCharge/PMC.gridmix
ALL;20220102T120219;20200201T174500;20200201T180000;7.3187321452864;0.06801795674058;0;2.9655829138893;2.7343218609713;0;0;0;0;4.0130594476942;2.1765746156985;0;13.263501564413;0.040810774044348;0;0;16.569174262005;50.523738266902;github.com/GreenCharge/PMC.gridmix
ALL;20220102T120219;20200201T180000;20200201T181500;7.2909608348015;0.067759859059493;0;2.9678818268058;2.7374983060035;0;0;0;0;4.4585987261146;2.1547635180919;0;13.023444911235;0.040655915435696;0;0;16.492749695081;50.440439083887;github.com/GreenCharge/PMC.gridmix
ALL;20220102T120219;20200201T181500;20200201T183000;7.2710103871577;0.06744907594766;0;2.9542695265075;2.7249426682854;0;0;0;0;4.6270066100094;2.1583704303251;0;12.990692027519;0.040469445568596;0;0;16.403615270471;50.43841899366;github.com/GreenCharge/PMC.gridmix
ALL;20220102T120219;20200201T183000;20200201T184500;7.2272971520688;0.067168189145621;0;2.9419666845782;2.7135948414831;0;0;0;0;4.7555077915099;2.1359484148307;0;12.950026867276;0.040300913487372;0;0;16.335303600215;50.510478237507;github.com/GreenCharge/PMC.gridmix
ALL;20220102T120219;20200201T184500;20200201T190000;7.2203616878768;0.066979236436705;0;2.9202947086403;2.7193569993302;0;0;0;0;4.5947756195579;2.1299397186872;0;12.913596784997;0.040187541862023;0;0;16.289350301407;50.783657066309;github.com/GreenCharge/PMC.gridmix
ALL;20220102T120219;20200201T190000;20200201T191500;7.342562432139;0.06786102062975;0;2.9723127035831;2.6737242128122;0;0;0;0;3.9902280130293;2.1444082519001;0;13.015743756786;0.04071661237785;0;0;16.503800217155;50.922909880565;github.com/GreenCharge/PMC.gridmix
ALL;20220102T120219;20200201T191500;20200201T193000;7.4089290605314;0.068474390577924;0;2.9991783073131;2.6431114763079;0;0;0;0;3.0813475760066;2.1500958641468;0;13.064913722268;0.041084634346754;0;0;16.652971788551;51.561216105177;github.com/GreenCharge/PMC.gridmix
ALL;20220102T120219;20200201T193000;20200201T194500;7.5309156593025;0.069473391690982;0;3.042934556065;2.6399888842573;0;0;0;0;1.5839933305544;2.195359177435;0;13.283312491316;0.041684035014589;0;0;16.882034180909;52.396832013339;github.com/GreenCharge/PMC.gridmix
ALL;20220102T120219;20200201T194500;20200201T200000;7.5632601705578;0.069900740947854;0;2.9777715643786;2.6422480078289;0;0;0;0;1.4679155599049;2.1948832657626;0;13.379001817419;0.041940444568712;0;0;16.454634419125;52.872920452957;github.com/GreenCharge/PMC.gridmix
ALL;20220102T120219;20200201T200000;20200201T201500;7.7010353141398;0.056729541908949;0;2.7797475535385;2.751382782584;0;0;0;0;0.34037725145369;2.269181676358;0;13.34562473408;0.042547156431712;0;0;16.16791944405;54.205077294001;github.com/GreenCharge/PMC.gridmix
ALL;20220102T120219;20200201T201500;20200201T203000;7.7703185259249;0.057134695043565;0;2.5424939294387;2.756749035852;0;0;0;0;0.1714040851307;2.2425367804599;0;12.726753320954;0.042851021282674;0;0;16.283388087416;55.063562348236;github.com/GreenCharge/PMC.gridmix
ALL;20220102T120219;20200201T203000;20200201T204500;7.8239608801956;0.057529124119085;0;2.5600460232993;2.7757802387459;0;0;0;0;0;2.2724004027039;0;12.224938875306;0.043146843089314;0;0;16.395800373939;55.501222493888;github.com/GreenCharge/PMC.gridmix
ALL;20220102T120219;20200201T204500;20200201T210000;7.8890018887113;0.05811419439198;0;2.5860816504431;2.7894813308151;0;0;0;0;0;2.2519250326892;0;11.37585355223;0.043585645793985;0;0;16.577073950312;56.080197588261;github.com/GreenCharge/PMC.gridmix
ALL;20220102T120219;20200201T210000;20200201T211500;7.8840579710145;0.043478260869565;0;2.5217391304348;2.768115942029;0;0;0;0;0;2.2753623188406;0;11.159420289855;0.043478260869565;0;0;16.507246376812;56.434782608696;github.com/GreenCharge/PMC.gridmix
ALL;20220102T120219;20200201T211500;20200201T213000;7.9138783823102;0.043642711667152;0;2.5312772766948;2.7640384055863;0;0;0;0;0;2.2548734361362;0;11.143439045679;0.043642711667152;0;0;16.569682862962;56.371835903404;github.com/GreenCharge/PMC.gridmix
ALL;20220102T120219;20200201T213000;20200201T214500;7.9929473993535;0.044078754040552;0;2.556567734352;2.8063473405818;0;0;0;0;0;2.2774022920952;0;11.210696444314;0.044078754040552;0;0;16.720540699383;55.980017631502;github.com/GreenCharge/PMC.gridmix
ALL;20220102T120219;20200201T214500;20200201T220000;8.0023536334216;0.044130626654899;0;2.5301559282142;2.7802294792586;0;0;0;0;0;2.2653721682848;0;11.04736687261;0.044130626654899;0;0;16.740217711091;56.178287731686;github.com/GreenCharge/PMC.gridmix
ALL;20220102T120219;20200201T220000;20200201T221500;8.1242532855436;0.044802867383513;0;2.3297491039427;2.7777777777778;0;0;0;0;0;2.299880525687;0;11.320191158901;0.044802867383513;0;0;17.010155316607;55.675029868578;github.com/GreenCharge/PMC.gridmix
ALL;20220102T120219;20200201T221500;20200201T223000;8.1351876775834;0.044863167339614;0;2.3328847016599;2.7665619859429;0;0;0;0;0;2.2880215343203;0;10.931658441753;0.044863167339614;0;0;17.003140421714;56.078959174518;github.com/GreenCharge/PMC.gridmix
ALL;20220102T120219;20200201T223000;20200201T224500;8.1364044271612;0.044869877355669;0;2.3332336224948;2.7370625186958;0;0;0;0;0;2.2883637451391;0;10.918336823213;0.044869877355669;0;0;17.020640143584;56.102303320371;github.com/GreenCharge/PMC.gridmix
ALL;20220102T120219;20200201T224500;20200201T230000;8.1764794458666;0.045173919590423;0;2.349043818702;2.7556090950158;0;0;0;0;0;2.2888119259148;0;11.03749435326;0.045173919590423;0;0;17.135973497967;55.789790694173;github.com/GreenCharge/PMC.gridmix
ALL;20220102T120219;20200201T230000;20200201T231500;8.6817746568784;0.04787743376955;0;2.4896265560166;2.8886051707628;0;0;0;0;0;2.4896265560166;0;11.72997127354;0.04787743376955;0;0;14.554739865943;56.670922438557;github.com/GreenCharge/PMC.gridmix
ALL;20220102T120219;20200201T231500;20200201T233000;8.7089013632719;0.048115477145148;0;2.5020048115477;2.8388131515638;0;0;0;0;0;2.4699278267843;0;11.788291900561;0.048115477145148;0;0;14.145950280674;57.048917401764;github.com/GreenCharge/PMC.gridmix
ALL;20220102T120219;20200201T233000;20200201T234500;8.8192301445509;0.048725028422933;0;2.5337014779925;2.8747766769531;0;0;0;0;0;2.5012181257106;0;11.937631963619;0.048725028422933;0;0;14.016566509664;56.81338314114;github.com/GreenCharge/PMC.gridmix
ALL;20220102T120219;20200201T234500;20200202T000000;8.8728228721656;0.04929346040092;0;2.5632599408478;2.9083141636543;0;0;0;0;0;2.5139664804469;0;11.978310877424;0.04929346040092;0;0;14.11436082813;56.539599079855;github.com/GreenCharge/PMC.gridmix
ALL;20220102T120219;20200202T000000;20200202T001500;8.8076103001476;0.032803017877645;0;2.5750369033951;3.0014761358045;0;0;0;0;0;2.5094308676398;0;12.005904543218;0.049204526816467;0;0;13.859275053305;56.749220928325;github.com/GreenCharge/PMC.gridmix
ALL;20220102T120219;20200202T001500;20200202T003000;8.8283557597637;0.032819166393174;0;2.5763045618641;2.9865441417788;0;0;0;0;0;2.5106662290778;0;12.093862815884;0.04922874958976;0;0;13.60354446997;56.908434525763;github.com/GreenCharge/PMC.gridmix
ALL;20220102T120219;20200202T003000;20200202T004500;9.0026773761714;0.033467202141901;0;2.6271753681392;3.0622489959839;0;0;0;0;0;2.5769745649264;0;12.366131191432;0.050200803212851;0;0;13.370147255689;56.492637215529;github.com/GreenCharge/PMC.gridmix
ALL;20220102T120219;20200202T004500;20200202T010000;9.044972208186;0.033687047330301;0;2.6444332154287;3.0655213070574;0;0;0;0;0;2.6107461680984;0;12.413676941216;0.050530570995452;0;0;13.053730840492;56.661613609567;github.com/GreenCharge/PMC.gridmix
ALL;20220102T120219;20200202T010000;20200202T011500;9.0541224076884;0.033721126285618;0;2.647108413421;3.085483055134;0;0;0;0;0;2.5965267239926;0;12.375653346822;0.050581689428427;0;0;12.96577305682;56.769516101838;github.com/GreenCharge/PMC.gridmix
ALL;20220102T120219;20200202T011500;20200202T013000;9.1719526830105;0.034287673581348;0;2.6915823761358;3.1201782959026;0;0;0;0;0;2.6572947025544;0;12.343562489285;0.051431510372021;0;0;12.823589919424;56.677524429967;github.com/GreenCharge/PMC.gridmix
ALL;20220102T120219;20200202T013000;20200202T014500;9.3433461404122;0.034928396786587;0;2.7418791477471;3.1784841075795;0;0;0;0;0;2.7593433461404;0;12.818721620678;0.052392595179881;0;0;12.102689486553;56.531610199092;github.com/GreenCharge/PMC.gridmix
ALL;20220102T120219;20200202T014500;20200202T020000;9.2941998602376;0.034940600978337;0;2.7428371767994;3.1795946890287;0;0;0;0;0;2.7253668763103;0;12.735849056604;0.052410901467505;0;0;12.037037037037;56.761006289308;github.com/GreenCharge/PMC.gridmix
ALL;20220102T120219;20200202T020000;20200202T021500;9.3497363796134;0.035149384885765;0;2.7592267135325;3.1810193321617;0;0;0;0;0;2.7768014059754;0;13.005272407733;0.052724077328647;0;0;11.915641476274;56.485061511424;github.com/GreenCharge/PMC.gridmix
ALL;20220102T120219;20200202T021500;20200202T023000;9.4584966156038;0.035625222657642;0;2.7965799786249;3.2240826505166;0;0;0;0;0;2.7431421446384;0;13.199144994656;0.053437833986462;0;0;12.166013537585;55.878161738511;github.com/GreenCharge/PMC.gridmix
ALL;20220102T120219;20200202T023000;20200202T024500;9.470304975923;0.035669698591047;0;2.8000713393972;3.2281077224897;0;0;0;0;0;2.8000713393972;0;13.215623327983;0.05350454788657;0;0;12.056358123774;55.89441769217;github.com/GreenCharge/PMC.gridmix
ALL;20220102T120219;20200202T024500;20200202T030000;9.5229522952295;0.036003600360036;0;2.8262826282628;2.8442844284428;0;0;0;0;0;2.7722772277228;0;13.411341134113;0.054005400540054;0;0;11.647164716472;56.435643564356;github.com/GreenCharge/PMC.gridmix
ALL;20220102T120219;20200202T030000;20200202T031500;9.5435684647303;0.036081544290096;0;2.8324012267725;2.2911780624211;0;0;0;0;0;2.7602381381923;0;13.422334475916;0.054122316435143;0;0;12.069276565037;56.557820674725;github.com/GreenCharge/PMC.gridmix
ALL;20220102T120219;20200202T031500;20200202T033000;9.5539100595991;0.036120642947444;0;2.8354704713744;2.2936608271627;0;0;0;0;0;2.7993498284269;0;13.671663355608;0.054180964421167;0;0;12.154596351815;56.167599783276;github.com/GreenCharge/PMC.gridmix
ALL;20220102T120219;20200202T033000;20200202T034500;9.4346352773319;0.035669698591047;0;2.8000713393972;2.2650258605315;0;0;0;0;0;2.7644016408061;0;13.607990012484;0.05350454788657;0;0;11.878009630819;56.73265560906;github.com/GreenCharge/PMC.gridmix
ALL;20220102T120219;20200202T034500;20200202T040000;9.4505101127618;0.035797386790764;0;2.810094863075;2.3089314480043;0;0;0;0;0;2.7563987828888;0;13.441918739932;0.053696080186146;0;0;11.866833721138;56.846250223734;github.com/GreenCharge/PMC.gridmix
ALL;20220102T120219;20200202T040000;20200202T041500;9.5367354325009;0.036192544335867;0;2.8411147303655;2.3887079261672;0;0;0;0;0;2.8411147303655;0;13.626492942454;0.0542888165038;0;0;11.816865725661;56.424176619616;github.com/GreenCharge/PMC.gridmix
ALL;20220102T120219;20200202T041500;20200202T043000;9.4410605517736;0.035829451809387;0;2.8126119670369;2.3647438194196;0;0;0;0;0.12540308133286;2.8126119670369;0;13.453959154425;0.053744177714081;0;0;12.611967036904;55.858115370835;github.com/GreenCharge/PMC.gridmix
ALL;20220102T120219;20200202T043000;20200202T044500;9.5074869204402;0.036081544290096;0;2.8324012267725;2.3813819231463;0;0;0;0;0.16236694930543;2.8324012267725;0;13.602742197366;0.054122316435143;0;0;13.007396716579;55.150640447411;github.com/GreenCharge/PMC.gridmix
ALL;20220102T120219;20200202T044500;20200202T050000;9.5522929128149;0.036251586006888;0;2.8457495015407;2.4651078484684;0;0;0;0;0.163132137031;2.8638752945441;0;13.757476889614;0.054377379010332;0;0;13.177451513504;54.649265905383;github.com/GreenCharge/PMC.gridmix
ALL;20220102T120219;20200202T050000;20200202T051500;9.7083794758213;0.055370985603544;0;2.8977482465855;2.5839793281654;0;0;0;0;0.16611295681063;2.9162052417866;0;14.045773348099;0.055370985603544;0;0;12.716869693614;54.411221853082;github.com/GreenCharge/PMC.gridmix
ALL;20220102T120219;20200202T051500;20200202T053000;9.9095704596835;0.056518462697815;0;2.9577995478523;2.6186887716654;0;0;0;0;0.20723436322532;2.9766390354182;0;14.355689525245;0.056518462697815;0;0;12.302185380558;54.107008289375;github.com/GreenCharge/PMC.gridmix
ALL;20220102T120219;20200202T053000;20200202T054500;10.04200076365;0.057273768613975;0;2.9973272241313;2.6536846124475;0;0;0;0;0.97365406643757;3.0355097365407;0;14.623902252768;0.057273768613975;0;0;11.836578846888;53.264604810997;github.com/GreenCharge/PMC.gridmix
ALL;20220102T120219;20200202T054500;20200202T060000;10.172113711081;0.058015857667763;0;3.0361632179462;2.6880680719397;0;0;0;0;1.3537033455811;3.0748404563914;0;14.658673370721;0.058015857667763;0;0;11.58383291433;52.852446335332;github.com/GreenCharge/PMC.gridmix
ALL;20220102T120219;20200202T060000;20200202T061500;10.750713994288;0.061199510403917;0;3.2231742146063;2.8559771521828;0;0;0;0;0;3.202774377805;0;15.401876784986;0.061199510403917;0;0;12.586699306406;51.366789065687;github.com/GreenCharge/PMC.gridmix
ALL;20220102T120219;20200202T061500;20200202T063000;10.785918952108;0.061399918133442;0;3.2541956610725;2.865329512894;0;0;0;0;0;3.2337290216946;0;15.575112566517;0.061399918133442;0;0;12.566516577978;51.105198526402;github.com/GreenCharge/PMC.gridmix
ALL;20220102T120219;20200202T063000;20200202T064500;11.022798577703;0.062748379000209;0;3.3465802133445;2.9282576866764;0;0;0;0;0;3.3047479606777;0;16.419159171721;0.062748379000209;0;0;11.545701736038;50.805270863836;github.com/GreenCharge/PMC.gridmix
ALL;20220102T120219;20200202T064500;20200202T070000;11.212960989128;0.063952248987423;0;3.4321040289917;2.9844382860797;0;0;0;0;0;3.3894691963334;0;16.947345981667;0.063952248987423;0;0;10.743977829887;50.650181198039;github.com/GreenCharge/PMC.gridmix
ALL;20220102T120219;20200202T070000;20200202T071500;11.092401599663;0.063144601136603;0;3.4098084613766;2.9256998526626;0;0;0;0;0;3.3256156598611;0;17.006945906125;0.063144601136603;0;0;12.965691433382;48.642391075563;github.com/GreenCharge/PMC.gridmix
ALL;20220102T120219;20200202T071500;20200202T073000;11.015706806283;0.06282722513089;0;3.3926701570681;2.9109947643979;0;0;0;0;0;3.2879581151832;0;17.507853403141;0.06282722513089;0;0;13.109947643979;48.146596858639;github.com/GreenCharge/PMC.gridmix
ALL;20220102T120219;20200202T073000;20200202T074500;10.924195223261;0.062305295950156;0;3.3644859813084;2.8868120456906;0;0;0;0;0.31152647975078;3.3021806853583;0;19.086188992731;0.062305295950156;0;0;12.315680166147;47.185877466251;github.com/GreenCharge/PMC.gridmix
ALL;20220102T120219;20200202T074500;20200202T080000;11.10640101738;0.063586265366681;0;3.4548537515897;2.9461636286562;0;0;0;0;0.76303518440017;3.3700720644341;0;20.135650699449;0.063586265366681;0.084781687155574;0;11.572700296736;45.930479016532;github.com/GreenCharge/PMC.gridmix
ALL;20220102T120219;20200202T080000;20200202T081500;11.394594594595;0.064864864864865;0;4;3.0054054054054;0;0;0;0;0.28108108108108;3.372972972973;0;20.583783783784;0.064864864864865;0.60540540540541;0;10.962162162162;45.145945945946;github.com/GreenCharge/PMC.gridmix
ALL;20220102T120219;20200202T081500;20200202T083000;11.747659384753;0.066874721355328;0;4.1239411502452;3.0985287561302;0;0;0;0;0.11145786892555;3.4551939366919;0;21.667409719126;0.066874721355328;1.3374944271066;0;10.031208203299;43.758359340169;github.com/GreenCharge/PMC.gridmix
ALL;20220102T120219;20200202T083000;20200202T084500;12.282331088925;0.069654051543998;0;4.2953331785466;3.2273043882052;0;0;0;0;0.23218017181333;3.6220106802879;0;22.707220803343;0.069654051543998;2.3218017181333;0;8.3352681680984;42.280009287207;github.com/GreenCharge/PMC.gridmix
ALL;20220102T120219;20200202T084500;20200202T090000;12.455934195065;0.070505287896592;0;4.3478260869565;3.2667450058754;0;0;0;0;0.21151586368978;3.6427732079906;0;23.337250293772;0.070505287896592;3.5252643948296;0;7.8025851938895;40.705052878966;github.com/GreenCharge/PMC.gridmix
ALL;20220102T120219;20200202T090000;20200202T091500;12.712066905615;0.07168458781362;0;4.468339307049;3.3691756272401;0;0;0;0;0.19115890083632;3.7037037037037;0;23.870967741935;0.07168458781362;4.4205495818399;0;7.2640382317802;39.283154121864;github.com/GreenCharge/PMC.gridmix
ALL;20220102T120219;20200202T091500;20200202T093000;13.163744134354;0.074092368486046;0;4.6184243022969;3.4823413188442;0;0;0;0;0.22227710545814;3.8528031612744;0;24.870338355149;0.074092368486046;5.2111632501852;0;6.7424055322302;37.095579155347;github.com/GreenCharge/PMC.gridmix
ALL;20220102T120219;20200202T093000;20200202T094500;13.355048859935;0.075169130543723;0;4.6855424705588;3.532949135555;0;0;0;0;0.60135304434979;3.9087947882736;0;25.256827862691;0.075169130543723;5.6877975444751;0;6.6649962415435;35.554998747181;github.com/GreenCharge/PMC.gridmix
ALL;20220102T120219;20200202T094500;20200202T100000;13.469800353803;0.075815011372252;0;4.725802375537;3.5633055344958;0;0;0;0;1.693201920647;3.9423805913571;0;25.473843821077;0.075815011372252;5.5597675006318;0;6.4695476370988;34.34420015163;github.com/GreenCharge/PMC.gridmix
ALL;20220102T120219;20200202T100000;20200202T101500;13.906940473096;0.10397712503249;0;5.0948791265921;3.6911879386535;0;0;0;0;1.8195996880686;4.1070964387835;0;26.202235508188;0.07798284377437;5.7967247205615;0;5.276839095399;33.298674291656;github.com/GreenCharge/PMC.gridmix
ALL;20220102T120219;20200202T101500;20200202T103000;13.994245357049;0.10462987182841;0;5.2314935914204;3.7928328537798;0;0;0;0;2.9034789432383;4.106722469265;0;26.366727700759;0.078472403871305;6.173162437876;0;4.629871828407;31.990583311535;github.com/GreenCharge/PMC.gridmix
ALL;20220102T120219;20200202T103000;20200202T104500;14.190981432361;0.10610079575597;0;5.3050397877984;3.8461538461538;0;0;0;0;3.8196286472149;4.1909814323607;0;26.763925729443;0.079575596816976;6.763925729443;0;3.8726790450928;30.424403183024;github.com/GreenCharge/PMC.gridmix
ALL;20220102T120219;20200202T104500;20200202T110000;13.707404560594;0.10248526774276;0;5.2267486548809;3.7150909556751;0;0;0;0;8.1475787855496;4.0481680758391;0;25.851908788112;0.076863950807071;6.7640276710223;0;3.7919549064822;27.952856776838;github.com/GreenCharge/PMC.gridmix
ALL;20220102T120219;20200202T110000;20200202T111500;14.094136208257;0.13147515119642;0;5.8112016828819;3.7601893242177;0;0;0;0;6.3633973179069;4.1020247173284;0;26.689455692874;0.078885090717854;6.836707862214;0;3.9179595056534;27.58348672101;github.com/GreenCharge/PMC.gridmix
ALL;20220102T120219;20200202T111500;20200202T113000;14.098188500919;0.13126804935679;0;5.9333158309268;3.7017589918614;0;0;0;0;8.374901548963;4.1218167498031;0;26.69992123917;0.078760829614072;6.9309530060383;0;3.2817012339197;26.017327382515;github.com/GreenCharge/PMC.gridmix
ALL;20220102T120219;20200202T113000;20200202T114500;13.908313908314;0.12950012950013;0;6.0606060606061;3.6519036519037;0;0;0;0;10.41181041181;4.0922040922041;0;26.340326340326;0.077700077700078;7.2779072779073;0;2.8231028231028;24.605024605025;github.com/GreenCharge/PMC.gridmix
ALL;20220102T120219;20200202T114500;20200202T120000;13.987473903967;0.13048016701461;0;6.1325678496868;3.6795407098121;0;0;0;0;10.386221294363;4.1492693110647;0;26.539665970772;0.078288100208768;7.8027139874739;0;2.348643006263;24.138830897704;github.com/GreenCharge/PMC.gridmix
ALL;20220102T120219;20200202T120000;20200202T121500;14.672131147541;0.13661202185792;0;6.7486338797814;3.7978142076503;0;0;0;0;6.1475409836066;4.2896174863388;0;27.786885245902;0.081967213114754;8.6338797814208;0;1.8032786885246;25.245901639344;github.com/GreenCharge/PMC.gridmix
ALL;20220102T120219;20200202T121500;20200202T123000;15.146396396396;0.14076576576577;0;7.0945945945946;3.856981981982;0;0;0;0;3.2657657657658;4.4763513513514;0;28.631756756757;0.084459459459459;9.4594594594595;0;1.4358108108108;25.731981981982;github.com/GreenCharge/PMC.gridmix
ALL;20220102T120219;20200202T123000;20200202T124500;14.903047091413;0.13850415512465;0;6.9806094182825;3.7950138504155;0;0;0;0;4.7368421052632;4.404432132964;0;28.171745152355;0.083102493074792;9.584487534626;0;1.191135734072;25.346260387812;github.com/GreenCharge/PMC.gridmix
ALL;20220102T120219;20200202T124500;20200202T130000;15.411057003724;0.14322543683758;0;7.2185620166142;3.9243769693498;0;0;0;0;1.5468347178459;4.5545688914351;0;29.132053852764;0.085935262102549;9.6820395302206;0;1.0885133199656;26.52535090232;github.com/GreenCharge/PMC.gridmix
ALL;20220102T120219;20200202T130000;20200202T131500;15.665110851809;0.14585764294049;0;7.5554259043174;3.9964994165694;0;0;0;0;0.43757292882147;4.6091015169195;0;29.667444574096;0.087514585764294;8.8098016336056;0;0.87514585764294;27.4504084014;github.com/GreenCharge/PMC.gridmix
ALL;20220102T120219;20200202T131500;20200202T133000;15.74780058651;0.1466275659824;0;7.6539589442815;3.9882697947214;0;0;0;0;0.4692082111437;4.633431085044;0;29.824046920821;0.087976539589443;7.9472140762463;0;0.7624633431085;28.035190615836;github.com/GreenCharge/PMC.gridmix
