LOC;Time;Start;End;Biomass;Lignite;Coal;Gas;HardCoal;Oil;Shale;Peat;Geothermal;HydroPumped;Hydro;Marine;Nuclear;OtherRES;Solar;Waste;WindOffShore;WindOnShore;SwID
ALL;20220102T120218;20190601T000000;20190601T001500;15.416160388821;0;0;6.3791008505468;3.1895504252734;0;0;0;0;0.030376670716889;9.5686512758202;0;30.057715674362;0.075941676792224;0;0;26.245443499392;8.2168894289186;github.com/GreenCharge/PMC.gridmix
ALL;20220102T120218;20190601T001500;20190601T003000;15.463132236441;0;0;6.0938452163315;3.290676416819;0;0;0;0;0.076173065204144;9.6130408287629;0;30.156916514321;0.076173065204144;0;0;25.799817184644;8.6075563680683;github.com/GreenCharge/PMC.gridmix
ALL;20220102T120218;20190601T003000;20190601T004500;15.593793209402;0;0;6.1453372253802;3.3492087878322;0;0;0;0;0.015363343063451;9.7096328161008;0;30.419419265632;0.076816715317253;0;0;24.8425257336;9.0182823782455;github.com/GreenCharge/PMC.gridmix
ALL;20220102T120218;20190601T004500;20190601T010000;15.643060799877;0;0;6.164753024582;3.3289666332743;0;0;0;0;0.015411882561455;9.7403097788395;0;30.376820528628;0.077059412807274;0;0;24.397010094783;9.4243661863297;github.com/GreenCharge/PMC.gridmix
ALL;20220102T120218;20190601T010000;20190601T011500;15.661351205608;0;0;6.1628534011247;3.2354980355905;0;0;0;0;0.015407133502812;10.022340343579;0;30.359756567291;0.077035667514059;0;0;23.665357060319;9.9684153763192;github.com/GreenCharge/PMC.gridmix
ALL;20220102T120218;20190601T011500;20190601T013000;15.524625267666;0;0;6.1486693178342;3.1814010400734;0;0;0;0;0.015295197308045;10.05659223004;0;30.131538696849;0.076475986540226;0;0;23.501070663812;10.538390945243;github.com/GreenCharge/PMC.gridmix
ALL;20220102T120218;20190601T013000;20190601T014500;15.454476074181;0;0;6.1359993894528;3.1443180950927;0;0;0;0;0.015263680073266;9.9671830878425;0;30.069449744333;0.076318400366328;0;0;23.445012592536;10.867740212165;github.com/GreenCharge/PMC.gridmix
ALL;20220102T120218;20190601T014500;20190601T020000;15.398660986001;0;0;6.1168594035301;3.073645769933;0;0;0;0;0.015216068167985;9.9589166159464;0;29.968046256847;0.076080340839927;0;0;23.021911138162;11.548995739501;github.com/GreenCharge/PMC.gridmix
ALL;20220102T120218;20190601T020000;20190601T021500;15.319470699433;0;0;6.0491493383743;2.7523629489603;0;0;0;0;0.015122873345936;9.8676748582231;0;29.799621928166;0.075614366729679;0;0;23.092627599244;12.211720226843;github.com/GreenCharge/PMC.gridmix
ALL;20220102T120218;20190601T021500;20190601T023000;15.193949378463;0;0;5.9907143926913;2.7257750486746;0;0;0;0;0.014976785981728;9.922120712895;0;29.526733562977;0.074883929908642;0;0;22.734761120264;13.007338625131;github.com/GreenCharge/PMC.gridmix
ALL;20220102T120218;20190601T023000;20190601T024500;15.109092263013;0;0;5.9572566832973;2.7403380743168;0;0;0;0;0.014893141708243;9.5837366892546;0;29.510760294884;0.074465708541217;0;0;22.719487675925;13.485739816814;github.com/GreenCharge/PMC.gridmix
ALL;20220102T120218;20190601T024500;20190601T030000;14.960513691047;0;0;5.904494796664;2.7160676064654;0;0;0;0;0.01476123699166;9.4988560041331;0;29.278913572957;0.0738061849583;0;0;22.540408886265;14.215071222968;github.com/GreenCharge/PMC.gridmix
ALL;20220102T120218;20190601T030000;20190601T031500;14.719744761076;0;0;5.8298890580814;2.6974113552317;0;0;0;0;0.014502211587267;9.5134508012472;0;28.786890000725;0.072511057936335;0;0;22.804727720977;14.777753607425;github.com/GreenCharge/PMC.gridmix
ALL;20220102T120218;20190601T031500;20190601T033000;14.593232541397;0;0;5.7883369330454;2.6493880489561;0;0;0;0;0.014398848092153;9.532037437005;0;28.588912886969;0.071994240460763;0;0;23.333333333333;14.650827933765;github.com/GreenCharge/PMC.gridmix
ALL;20220102T120218;20190601T033000;20190601T034500;14.528139768008;0;0;5.7568380352284;2.6349706429901;0;0;0;0;0.014320492624946;9.4443648861521;0;28.454818845768;0.071602463124731;0;0;24.079908348847;14.241729915509;github.com/GreenCharge/PMC.gridmix
ALL;20220102T120218;20190601T034500;20190601T040000;14.430937655506;0;0;5.7155043719343;2.6160517523281;0;0;0;0;0.014217672567001;9.3694462216535;0;28.08701215611;0.071088362835004;0;0;24.347764270989;14.580223217459;github.com/GreenCharge/PMC.gridmix
ALL;20220102T120218;20190601T040000;20190601T041500;14.319994353871;0;0;5.674359517256;2.5689886371656;0;0;0;0;0.014115322182229;9.3019973180888;0;27.778954054626;0.070576610911144;0;0;24.13014327052;15.378643517538;github.com/GreenCharge/PMC.gridmix
ALL;20220102T120218;20190601T041500;20190601T043000;14.227699201792;0;0;5.6294636605517;2.5486626522896;0;0;0;0;0.014003640946646;9.2213975633665;0;27.545161742053;0.070018204733231;0;0;24.149278812491;15.838117910657;github.com/GreenCharge/PMC.gridmix
ALL;20220102T120218;20190601T043000;20190601T044500;14.070490670352;0;0;5.5563234277816;2.5155494125777;0;0;0;0;0.013821700069109;9.0946786454734;0;27.201105736006;0.069108500345543;0;0;24.478230822391;16.254319281272;github.com/GreenCharge/PMC.gridmix
ALL;20220102T120218;20190601T044500;20190601T050000;13.930008868272;0;0;5.4846851763422;2.537690156218;0;0;0;0;0.013643495463538;8.8819155467631;0;26.857220819974;0.068217477317689;0.027286990927076;0;24.776587761785;16.685994951907;github.com/GreenCharge/PMC.gridmix
ALL;20220102T120218;20190601T050000;20190601T051500;13.973293364219;0;0;5.4503338329473;2.479901893991;0;0;0;0;0.013625834582368;8.9521733206159;0;26.829268292683;0.068129172911841;0.074942090203025;0;23.777081346232;17.645455784167;github.com/GreenCharge/PMC.gridmix
ALL;20220102T120218;20190601T051500;20190601T053000;13.895831925961;0;0;5.4043099371749;2.4589610214146;0;0;0;0;0.013510774842937;8.8833344592312;0;26.609471053165;0.067553874214686;0.094575423900561;0;22.894007971357;18.948861717219;github.com/GreenCharge/PMC.gridmix
ALL;20220102T120218;20190601T053000;20190601T054500;13.773773773774;0;0;5.3386720053387;2.4290957624291;0;0;0;0;0.013346680013347;8.7420754087421;0;26.27961294628;0.066733400066733;0.51384718051385;0;22.595929262596;19.526192859526;github.com/GreenCharge/PMC.gridmix
ALL;20220102T120218;20190601T054500;20190601T060000;13.404721971359;0;0;5.1348213133789;2.3738872403561;0;0;0;0;0.012901561088892;8.4440717326797;0;25.403173784028;0.064507805444459;1.2256483034447;0;23.080892788027;20.158689201393;github.com/GreenCharge/PMC.gridmix
ALL;20220102T120218;20190601T060000;20190601T061500;13.142641129032;0;0;4.9647177419355;2.2429435483871;0;0;0;0;0.012600806451613;8.2787298387097;0;24.810987903226;0.063004032258065;2.1925403225806;0;23.009072580645;20.62752016129;github.com/GreenCharge/PMC.gridmix
ALL;20220102T120218;20190601T061500;20190601T063000;13.029376910123;0;0;4.9148630948668;2.2204203829601;0;0;0;0;0.012474271814383;8.2018337179567;0;24.56184120252;0.062371359071914;3.5801160107279;0;22.516060624961;20.251980290651;github.com/GreenCharge/PMC.gridmix
ALL;20220102T120218;20190601T063000;20190601T064500;12.788067730301;0;0;4.8169203496546;2.2250748823278;0;0;0;0;0.012225686166636;8.0322758114799;0;24.072376062106;0.061128430833181;5.1042239745706;0;22.849807445443;19.402163946451;github.com/GreenCharge/PMC.gridmix
ALL;20220102T120218;20190601T064500;20190601T070000;12.6908454529;0;0;4.7552953955706;2.1966085329793;0;0;0;0;0.012069277653732;7.9415846961559;0;23.770442339026;0.060346388268662;6.8794882626275;0;22.527306740692;18.538410476133;github.com/GreenCharge/PMC.gridmix
ALL;20220102T120218;20190601T070000;20190601T071500;12.629747405052;0;0;4.7279054418912;2.1359572808544;0;0;0;0;0.0119997600048;7.7938441231175;0;23.567528649427;0.059998800024;9.1318173636527;0;22.763544729105;16.553668926621;github.com/GreenCharge/PMC.gridmix
ALL;20220102T120218;20190601T071500;20190601T073000;12.415710398675;0;0;4.6610670767775;2.1294215071572;0;0;0;0;0.011830119484207;7.7428132024133;0;23.234354666982;0.059150597421034;11.634922512717;0;22.370755944635;15.124807760558;github.com/GreenCharge/PMC.gridmix
ALL;20220102T120218;20190601T073000;20190601T074500;12.086455331412;0;0;4.5417867435158;2.0749279538905;0;0;0;0;0.051873198847262;7.6023054755043;0;22.634005763689;0.057636887608069;14.092219020173;0;21.902017291066;14.35734870317;github.com/GreenCharge/PMC.gridmix
ALL;20220102T120218;20190601T074500;20190601T080000;11.774628879892;0;0;4.4309491677913;2.0242914979757;0;0;0;0;0.03936122357175;7.4167791273054;0;22.070400359874;0.056230319388214;16.959064327485;0;21.075123706703;13.568376068376;github.com/GreenCharge/PMC.gridmix
ALL;20220102T120218;20190601T080000;20190601T081500;11.371164811295;0;0;4.2573988596253;1.9332066250339;0;0;0;0;0.038012489818083;7.0920445289166;0;21.286994298127;0.054303556882976;19.657887591637;0;19.478685853923;14.265544393158;github.com/GreenCharge/PMC.gridmix
ALL;20220102T120218;20190601T081500;20190601T083000;11.002367797948;0;0;4.1462772954486;1.8731912654565;0;0;0;0;0.026308866087872;6.8613522757169;0;20.636674559326;0.052617732175743;22.094185740595;0;17.784793475401;14.975006577217;github.com/GreenCharge/PMC.gridmix
ALL;20220102T120218;20190601T083000;20190601T084500;10.671291573148;0;0;4.0195878392165;1.8567639257294;0;0;0;0;0.03570699857172;6.5547847378086;0;19.990818200367;0.0510099979596;24.428688022852;0;16.634360334626;15.226484390941;github.com/GreenCharge/PMC.gridmix
ALL;20220102T120218;20190601T084500;20190601T090000;10.467101958815;0;0;3.9578101456554;1.8282270215972;0;0;0;0;0.0652938221999;6.4439979909593;0;19.673530889001;0.050226017076846;27.142139628327;0;15.635359116022;14.213962832747;github.com/GreenCharge/PMC.gridmix
ALL;20220102T120218;20190601T090000;20190601T091500;9.9947067032385;0;0;3.7726769645349;1.8670901304076;0;0;0;0;0.9479813290987;6.2316539146336;0;18.834512294885;0.04812087964968;29.243058563111;0;14.23896828834;14.320773783745;github.com/GreenCharge/PMC.gridmix
ALL;20220102T120218;20190601T091500;20190601T093000;9.5070261363116;0;0;3.5885933995514;1.775987549778;0;0;0;0;1.6524007872934;5.9275873117591;0;17.897194122763;0.045772874994278;30.805144871149;0;13.136815123358;15.187439923102;github.com/GreenCharge/PMC.gridmix
ALL;20220102T120218;20190601T093000;20190601T094500;9.3064957188327;0;0;3.5145918321603;1.7393643250997;0;0;0;0;0.47518716098086;5.8008696821626;0;17.528130183351;0.044828977451024;32.707221948267;0;12.471421526875;15.945667279329;github.com/GreenCharge/PMC.gridmix
ALL;20220102T120218;20190601T094500;20190601T100000;9.0556330659226;0;0;3.418207185211;1.6916637600279;0;0;0;0;0.043599581444018;5.663585629578;0;17.047436344611;0.043599581444018;34.103592605511;0;11.863446110917;16.615800488315;github.com/GreenCharge/PMC.gridmix
ALL;20220102T120218;20190601T100000;20190601T101500;8.8749305644575;0;0;3.2816305601846;1.7091825834295;0;0;0;0;0.042729564585737;5.6103918301073;0;16.702986796565;0.042729564585737;35.435627910952;0;11.289150963552;16.56625218989;github.com/GreenCharge/PMC.gridmix
ALL;20220102T120218;20190601T101500;20190601T103000;8.7818457904505;0;0;3.1887970305382;1.7040661380125;0;0;0;0;0.025307912940779;5.5339969630504;0;16.500759237388;0.042179854901299;36.658511894719;0;10.70524717395;16.420617513076;github.com/GreenCharge/PMC.gridmix
ALL;20220102T120218;20190601T103000;20190601T104500;8.7010928505881;0;0;3.1534162008843;1.7018436639693;0;0;0;0;0.020855927254526;5.4433970134312;0;16.321848669392;0.041711854509051;37.703345290732;0;9.8773671477434;16.601318094602;github.com/GreenCharge/PMC.gridmix
ALL;20220102T120218;20190601T104500;20190601T110000;8.6778755893029;0;0;3.1540740122658;1.7188868955734;0;0;0;0;0.020860277858901;5.4528766323167;0;16.325253452376;0.041720555717802;38.825149150987;0;9.015812090617;16.33359756352;github.com/GreenCharge/PMC.gridmix
ALL;20220102T120218;20190601T110000;20190601T111500;8.6225506476254;0;0;3.1218864164729;1.7602125539688;0;0;0;0;0.70574559946862;5.4300896712056;0;16.21969445367;0.041514447027566;39.513450680837;0;8.1575888409166;15.995516439721;github.com/GreenCharge/PMC.gridmix
ALL;20220102T120218;20190601T111500;20190601T113000;8.5598778928262;0;0;3.0856812837754;1.7491027597871;0;0;0;0;1.0601872860031;5.383441277175;0;16.113196650303;0.041252423579885;39.866342147601;0;7.6729507858587;16.038942287859;github.com/GreenCharge/PMC.gridmix
ALL;20220102T120218;20190601T113000;20190601T114500;8.5819505937849;0;0;3.1116812181901;1.7544585591923;0;0;0;0;0.34758141267017;5.4578557537137;0;16.166673563123;0.041378739603592;40.989779451318;0;7.5433442297348;15.574957586792;github.com/GreenCharge/PMC.gridmix
ALL;20220102T120218;20190601T114500;20190601T120000;8.5469732054251;0;0;3.1094938802514;1.7532252729077;0;0;0;0;0.10750909692359;5.470559047304;0;16.151174330136;0.041349652662918;41.928547800198;0;7.3478332782005;15.113298048296;github.com/GreenCharge/PMC.gridmix
ALL;20220102T120218;20190601T120000;20190601T121500;8.4813189517287;0;0;3.0513062379527;1.7553213304351;0;0;0;0;0.99249477094697;5.4054054054054;0;16.031661403437;0.041012180617643;41.992371734405;0;6.8490341631465;14.973547143502;github.com/GreenCharge/PMC.gridmix
ALL;20220102T120218;20190601T121500;20190601T123000;8.5724934774506;0;0;3.081128090446;1.7724769122458;0;0;0;0;0.19878245744813;5.4582349774299;0;16.167639872448;0.04141301196836;42.738228351348;0;6.2782126144034;15.260694910341;github.com/GreenCharge/PMC.gridmix
ALL;20220102T120218;20190601T123000;20190601T124500;8.6455812400901;0;0;3.1043978970208;1.7691729950764;0;0;0;0;0.012517733455729;5.3659350746891;0;16.289743803722;0.041725778185763;42.960861220062;0;5.9626137027456;15.413502461821;github.com/GreenCharge/PMC.gridmix
ALL;20220102T120218;20190601T124500;20190601T130000;8.5776059207517;0;0;3.0934264687539;1.7462891355869;0;0;0;0;0.0083156625504137;5.467548126897;0;16.219699804582;0.041578312752069;43.353706706582;0;5.6380192091805;15.421396199742;github.com/GreenCharge/PMC.gridmix
ALL;20220102T120218;20190601T130000;20190601T131500;8.6422341496142;0;0;3.1029855753103;1.7443810801744;0;0;0;0;0.0083864475008386;5.4847366655485;0;16.361959074136;0.041932237504193;43.441798054344;0;5.1576652130158;15.577826232808;github.com/GreenCharge/PMC.gridmix
ALL;20220102T120218;20190601T131500;20190601T133000;8.7557799177025;0;0;3.1222160946846;1.7477622703941;0;0;0;0;0.0084842828659908;5.5572052772239;0;16.548593730115;0.042421414329954;44.050396640224;0;4.585754889068;15.14020277436;github.com/GreenCharge/PMC.gridmix
ALL;20220102T120218;20190601T133000;20190601T134500;8.8602168974238;0;0;3.154871619015;1.7488962235844;0;0;0;0;0.008573020703845;5.6581936645377;0;16.708817351794;0.042865103519225;44.176775686913;0;4.3851000900167;14.809893265892;github.com/GreenCharge/PMC.gridmix
ALL;20220102T120218;20190601T134500;20190601T140000;8.9616488390295;0;0;3.1133142012349;1.8088529437342;0;0;0;0;0.0086964083833377;5.6526654491695;0;16.9101661014;0.043482041916688;44.434298634664;0;4.0394816940604;14.575180450474;github.com/GreenCharge/PMC.gridmix
ALL;20220102T120218;20190601T140000;20190601T141500;9.1074116709466;0;0;3.0107146019658;1.912689276543;0;0;0;0;0.0088550429469583;5.6539449216329;0;17.081377844683;0.044275214734791;44.757814575401;0;3.5995749579385;14.362879659966;github.com/GreenCharge/PMC.gridmix
ALL;20220102T120218;20190601T141500;20190601T143000;9.2242810354884;0;0;3.0508322490915;1.9202297097223;0;0;0;0;0.0089730360267396;5.6709587688995;0;17.308986495581;0.044865180133698;44.766476737404;0;3.1315895733321;14.406209340931;github.com/GreenCharge/PMC.gridmix
ALL;20220102T120218;20190601T143000;20190601T144500;9.4407199926531;0;0;3.1224171181927;1.9285517494719;0;0;0;0;0.0091835797593902;5.6570851317844;0;17.485535861879;0.045917898796951;45.050050509689;0;2.7321149784186;14.050877031867;github.com/GreenCharge/PMC.gridmix
ALL;20220102T120218;20190601T144500;20190601T150000;9.600223911928;0;0;3.1720856463125;1.94057004245;0;0;0;0;0.0093296636656249;5.7470728180249;0;17.670382982693;0.046648318328124;44.824369081495;0;2.337080748239;14.167094276251;github.com/GreenCharge/PMC.gridmix
ALL;20220102T120218;20190601T150000;20190601T151500;9.7631454287068;0;0;3.2212221695879;2.0464234959735;0;0;0;0;0.009474182851729;5.8313595452392;0;17.944102321175;0.047370914258645;44.396020843202;0;1.994315490289;14.253908100426;github.com/GreenCharge/PMC.gridmix
ALL;20220102T120218;20190601T151500;20190601T153000;9.8888995306963;0;0;3.2563930657983;2.3369409060435;0;0;0;0;0.0095776266641126;6.0243271717268;0;18.130447275165;0.047888133320563;43.89905181496;0;1.6473517862274;14.261086102864;github.com/GreenCharge/PMC.gridmix
ALL;20220102T120218;20190601T153000;20190601T154500;10.067603715773;0;0;3.3072321385147;2.4706969505374;0;0;0;0;0.024317883371431;6.2156509897379;0;18.486454938962;0.048635766742863;43.183697290988;0;1.3861193521716;14.303778999076;github.com/GreenCharge/PMC.gridmix
ALL;20220102T120218;20190601T154500;20190601T160000;10.162741531049;0;0;3.3433305472245;2.6549977875018;0;0;0;0;0.073749938541718;6.2785781011849;0;18.835734303555;0.049166625694479;42.509464575446;0;1.3668321943065;14.214071488274;github.com/GreenCharge/PMC.gridmix
ALL;20220102T120218;20190601T160000;20190601T161500;10.404420999749;0;0;3.3961316252198;2.9540316503391;0;0;0;0;0.050238633509169;6.4104496357699;0;19.39713639789;0.050238633509169;41.552373775433;0;1.3966340115549;13.865862848531;github.com/GreenCharge/PMC.gridmix
ALL;20220102T120218;20190601T161500;20190601T163000;10.709490860271;0;0;3.4906537230197;3.0569038521119;0;0;0;0;0.10327377878757;6.5837033977073;0;20.024785706909;0.051636889393783;40.705359909119;0;1.3270680574202;13.410100175565;github.com/GreenCharge/PMC.gridmix
ALL;20220102T120218;20190601T163000;20190601T164500;11.007373614132;0;0;3.5860166569413;3.1404169540077;0;0;0;0;0.23871412657153;7.0075858044666;0;20.577157710466;0.053047583682563;39.615935494138;0;1.1988753912259;13.023181794069;github.com/GreenCharge/PMC.gridmix
ALL;20220102T120218;20190601T164500;20190601T170000;11.343413941809;0;0;3.690157759703;3.2316174463672;0;0;0;0;0.80244554833779;7.2602216278181;0;21.191113052022;0.054588132539986;38.146187018942;0;0.98804519897374;12.724493695071;github.com/GreenCharge/PMC.gridmix
ALL;20220102T120218;20190601T170000;20190601T171500;11.891706648389;0;0;3.8839387708476;3.5183915924149;0;0;0;0;0.057116746630112;7.4880054832077;0;22.252684487092;0.057116746630112;36.794608179118;0;0.66826593557231;12.794151245145;github.com/GreenCharge/PMC.gridmix
ALL;20220102T120218;20190601T171500;20190601T173000;12.321966786833;0;0;4.0186750192069;3.6877253117428;0;0;0;0;0.082737426866024;7.7654984929969;0;23.066012647007;0.05909816204716;34.980202115714;0;0.53188345842444;12.871579693872;github.com/GreenCharge/PMC.gridmix
ALL;20220102T120218;20190601T173000;20190601T174500;12.785499969383;0;0;4.1638601432858;3.8699406037597;0;0;0;0;0.84501867613741;8.058294042006;0;23.942195823893;0.061233237401261;32.606698916172;0;0.41026269058845;12.6201702284;github.com/GreenCharge/PMC.gridmix
ALL;20220102T120218;20190601T174500;20190601T180000;13.316359007002;0;0;4.3793761935073;4.0229153405474;0;0;0;0;0.87205601527689;8.3831954169319;0;24.920432845321;0.063653723742839;30.458306810948;0;0.38828771483132;12.533418204965;github.com/GreenCharge/PMC.gridmix
ALL;20220102T120218;20190601T180000;20190601T181500;14.091612295688;0;0;4.7622250622183;3.8743525929912;0;0;0;0;0.087441985605704;8.8450931593462;0;26.447837492433;0.067263065850541;28.331203336248;0;0.26232595681711;12.531109167956;github.com/GreenCharge/PMC.gridmix
ALL;20220102T120218;20190601T181500;20190601T183000;14.651553316541;0;0;4.9538203190596;3.9182759585782;0;0;0;0;0.55975370836832;9.221942345368;0;27.560873215785;0.06996921354604;25.797649034425;0;0.25188916876574;12.286593898685;github.com/GreenCharge/PMC.gridmix
ALL;20220102T120218;20190601T183000;20190601T184500;14.899061700313;0;0;5.0326983224339;4.0375319874893;0;0;0;0;3.9522320159227;9.3901052032983;0;28.006823997725;0.071083309638897;22.234859255047;0;0.24168325277225;11.394654535115;github.com/GreenCharge/PMC.gridmix
ALL;20220102T120218;20190601T184500;20190601T190000;15.607971934015;0;0;5.2847652459506;4.2696125998358;0;0;0;0;4.0456818690752;9.8828095842353;0;29.431962379637;0.074643576920206;19.42972307233;0;0.26125251922072;10.93528401881;github.com/GreenCharge/PMC.gridmix
ALL;20220102T120218;20190601T190000;20190601T191500;16.660017553658;0;0;5.7129178967526;4.595866911354;0;0;0;0;2.6170908800766;10.508258198356;0;31.460943110189;0.079789356099896;16.907364557568;0;0.27128381073965;10.356658421767;github.com/GreenCharge/PMC.gridmix
ALL;20220102T120218;20190601T191500;20190601T193000;16.796717882713;0;0;5.7276164427641;4.6335773469552;0;0;0;0;6.258547180436;10.650792373904;0;31.694956157992;0.080444051162417;13.450245354356;0;0.41026466092832;9.4602204167002;github.com/GreenCharge/PMC.gridmix
ALL;20220102T120218;20190601T193000;20190601T194500;17.287939032472;0;0;5.9310801855533;4.7382372432074;0;0;0;0;7.6292246520875;11.008946322068;0;32.637508283632;0.082836315440689;10.710735586481;0;0.38933068257124;8.7226640159046;github.com/GreenCharge/PMC.gridmix
ALL;20220102T120218;20190601T194500;20190601T200000;17.691981332202;0;0;6.0755197284684;4.8536274925753;0;0;0;0;8.7399236317353;11.260076368265;0;33.517182859567;0.084853627492575;8.2562579550276;0;0.3394145099703;8.2986847687739;github.com/GreenCharge/PMC.gridmix
ALL;20220102T120218;20190601T200000;20190601T201500;18.364292631394;0;0;6.3385861431464;5.141297649441;0;0;0;0;8.8476098248085;11.699973589224;0;34.738973501188;0.088035918654811;5.9776388766617;0;0.50180473633242;7.3862135751387;github.com/GreenCharge/PMC.gridmix
ALL;20220102T120218;20190601T201500;20190601T203000;18.987456826032;0;0;6.5442646791492;5.3081257953099;0;0;0;0;9.1347027813125;12.043264860934;0;35.857116887839;0.090892564988184;3.953826576986;0;0.25449918196692;6.8805671696055;github.com/GreenCharge/PMC.gridmix
ALL;20220102T120218;20190601T203000;20190601T204500;19.419372848237;0;0;6.6995440588071;5.3968549362613;0;0;0;0;9.3514469154183;12.394156508793;0;36.717223411185;0.093049223038988;2.2424862752396;0;0.28845259142086;6.429701311994;github.com/GreenCharge/PMC.gridmix
ALL;20220102T120218;20190601T204500;20190601T210000;19.527128862095;0;0;6.7822155237378;5.4257724189902;0;0;0;0;10.069706103994;12.556518462698;0;37.179728711379;0.094197437829691;1.0550113036925;0;0.26375282592313;6.0663149962321;github.com/GreenCharge/PMC.gridmix
ALL;20220102T120218;20190601T210000;20190601T211500;19.580617738736;0;0;6.8007934258997;5.3650703693209;0;0;0;0;10.569566449419;12.505903466516;0;37.281571738925;0.094455464248607;0.47227732124303;0;0.47227732124303;5.8751298762633;github.com/GreenCharge/PMC.gridmix
ALL;20220102T120218;20190601T211500;20190601T213000;19.743101807802;0;0;6.8506184586108;5.4043767840152;0;0;0;0;10.656517602284;12.616555661275;0;37.497621313035;0.095147478591817;0.18078020932445;0;0.29495718363463;5.6707897240723;github.com/GreenCharge/PMC.gridmix
ALL;20220102T120218;20190601T213000;20190601T214500;19.767552634086;0;0;6.8591026007431;5.4110698294751;0;0;0;0;10.669715156711;12.622654091645;0;37.534533676288;0.095265313899209;0.057159188339526;0;0.26674287891779;5.7254453653425;github.com/GreenCharge/PMC.gridmix
ALL;20220102T120218;20190601T214500;20190601T220000;19.751671442216;0;0;6.8767908309456;5.4250238777459;0;0;0;0;10.687679083095;12.674307545368;0;37.621776504298;0.095510983763133;0.0095510983763133;0;0.52531041069723;5.3390639923591;github.com/GreenCharge/PMC.gridmix
ALL;20220102T120218;20190601T220000;20190601T221500;19.772444784396;0;0;6.8840233291902;5.3542403671479;0;0;0;0;10.698919590783;12.745004302515;0;37.709150014342;0.095611435127641;0;0;0.80313605507219;4.9431111960991;github.com/GreenCharge/PMC.gridmix
ALL;20220102T120218;20190601T221500;20190601T223000;19.814122832231;0;0;6.8985340615119;5.4038516815177;0;0;0;0;10.0124556865;12.781450608412;0;37.798217878701;0.095812973076555;0;0;1.2359873526876;4.9631120053655;github.com/GreenCharge/PMC.gridmix
ALL;20220102T120218;20190601T223000;20190601T224500;19.901648828464;0;0;6.9424356378363;5.4768103365153;0;0;0;0;9.6711985343747;12.862790473436;0;38.077331019188;0.09642271719217;0;0;1.1956416931829;4.7729245010124;github.com/GreenCharge/PMC.gridmix
ALL;20220102T120218;20190601T224500;20190601T230000;21.415133779264;0;0;7.5250836120401;5.9364548494983;0;0;0;0;2.8114548494983;13.963210702341;0;41.304347826087;0.10451505016722;0;0;1.0346989966555;4.818143812709;github.com/GreenCharge/PMC.gridmix
ALL;20220102T120218;20190601T230000;20190601T231500;20.821472143148;0;0;7.0760471736478;5.9373729158194;0;0;0;0;5.6527043513623;13.572590483937;0;40.270435136234;0.10166734444896;0;0;0.86417242781619;4.605530703538;github.com/GreenCharge/PMC.gridmix
ALL;20220102T120218;20190601T231500;20190601T233000;20.846075433231;0;0;7.0948012232416;5.9531090723751;0;0;0;0;5.2701325178389;13.61875637105;0;40.346585117227;0.10193679918451;0;0;0.93781855249745;4.7298674821611;github.com/GreenCharge/PMC.gridmix
ALL;20220102T120218;20190601T233000;20190601T234500;21.826707875946;0;0;7.417670254716;6.18139187893;0;0;0;0;0.56485132686774;14.238516465949;0;42.225301076415;0.10657572205052;0;0;1.246935947991;5.0410316529894;github.com/GreenCharge/PMC.gridmix
ALL;20220102T120218;20190601T234500;20190602T000000;21.890067502411;0;0;7.4574091931855;6.0859316404157;0;0;0;0;0.43930140362156;14.004071573985;0;42.376513446909;0.10714668381014;0;0;1.3821922211508;5.1001821493625;github.com/GreenCharge/PMC.gridmix
ALL;20220102T120218;20190602T000000;20190602T001500;21.727581810455;0;0;7.4373140671483;5.822354441139;0;0;0;0;0.35061623459414;14.099022524437;0;42.148321291968;0.1062473438164;0;0;1.742456438589;5.4186145346366;github.com/GreenCharge/PMC.gridmix
ALL;20220102T120218;20190602T001500;20190602T003000;21.568834459459;0;0;7.347972972973;5.7432432432432;0;0;0;0;0.22170608108108;14.009712837838;0;41.891891891892;0.10557432432432;0;0;2.0903716216216;5.8804898648649;github.com/GreenCharge/PMC.gridmix
ALL;20220102T120218;20190602T003000;20190602T004500;21.475944836299;0;0;7.327087061796;5.6848089272555;0;0;0;0;0.12632908727234;13.969891567533;0;41.75176334351;0.10527423939362;0;0;1.9791557006001;6.4427834508896;github.com/GreenCharge/PMC.gridmix
ALL;20220102T120218;20190602T004500;20190602T010000;21.342548958006;0;0;7.2887213320767;5.6550424128181;0;0;0;0;0.020944601528956;13.509267986177;0;41.543617132684;0.10472300764478;0;0;2.3772122735365;7.0269138129647;github.com/GreenCharge/PMC.gridmix
ALL;20220102T120218;20190602T010000;20190602T011500;21.101677365914;0;0;7.2064609650031;5.1770552909505;0;0;0;0;0.020708221163802;13.708842410437;0;41.136881341893;0.10354110581901;0;0;2.6610064195486;7.7655829364258;github.com/GreenCharge/PMC.gridmix
ALL;20220102T120218;20190602T011500;20190602T013000;20.793293804948;0;0;7.1560008178287;5.0705377223472;0;0;0;0;0.020445716622368;13.443058679207;0;40.615416070333;0.10222858311184;0;0;3.0157432017992;8.6792067061951;github.com/GreenCharge/PMC.gridmix
ALL;20220102T120218;20190602T013000;20190602T014500;20.572758550901;0;0;7.083586318559;5.0192268771504;0;0;0;0;0.020238818053026;12.983201781016;0;40.224650880389;0.10119409026513;0;0;3.4405990690144;9.4616474397895;github.com/GreenCharge/PMC.gridmix
ALL;20220102T120218;20190602T014500;20190602T020000;20.33;0;0;7;4.92;0;0;0;0;0.02;12.88;0;39.74;0.1;0;0;3.64;10.29;github.com/GreenCharge/PMC.gridmix
ALL;20220102T120218;20190602T020000;20190602T021500;19.980334316618;0;0;6.8829891838741;4.8377581120944;0;0;0;0;0.019665683382498;13.06784660767;0;39.13470993117;0.098328416912488;0;0;3.834808259587;11.081612586037;github.com/GreenCharge/PMC.gridmix
ALL;20220102T120218;20190602T021500;20190602T023000;19.665150488725;0;0;6.774412077809;4.7614439175457;0;0;0;0;0.019355463079454;12.861705216297;0;38.536726991193;0.096777315397271;0;0;4.2969128036388;11.942320720023;github.com/GreenCharge/PMC.gridmix
ALL;20220102T120218;20190602T023000;20190602T024500;19.250474383302;0;0;6.6413662239089;4.6679316888046;0;0;0;0;0.018975332068311;12.438330170778;0;37.827324478178;0.094876660341556;0;0;4.7722960151803;13.26375711575;github.com/GreenCharge/PMC.gridmix
ALL;20220102T120218;20190602T024500;20190602T030000;18.922445935869;0;0;6.5249813571961;4.586129753915;0;0;0;0;0.018642803877703;12.155108128262;0;37.183072334079;0.093214019388516;0;0;5.1454138702461;14.36428038777;github.com/GreenCharge/PMC.gridmix
ALL;20220102T120218;20190602T030000;20190602T031500;18.566210045662;0;0;6.3926940639269;4.5296803652968;0;0;0;0;0.018264840182648;11.780821917808;0;36.447488584475;0.091324200913242;0;0;5.8082191780822;15.37899543379;github.com/GreenCharge/PMC.gridmix
ALL;20220102T120218;20190602T031500;20190602T033000;18.148479427549;0;0;6.1538461538462;4.4364937388193;0;0;0;0;0.01788908765653;11.520572450805;0;35.688729874776;0.089445438282648;0;0;6.5563506261181;16.422182468694;github.com/GreenCharge/PMC.gridmix
ALL;20220102T120218;20190602T033000;20190602T034500;17.846776321576;0;0;5.9108100976339;4.3275573929105;0;0;0;0;0.017591696719149;11.302665142053;0;35.095434954701;0.087958483595743;0;0;6.8783534171871;17.582900870789;github.com/GreenCharge/PMC.gridmix
ALL;20220102T120218;20190602T034500;20190602T040000;17.570142015933;0;0;5.7845514374784;4.2604780048493;0;0;0;0;0.017319016279875;11.12746795982;0;34.560096986491;0.086595081399377;0;0;7.222029788708;18.436092829927;github.com/GreenCharge/PMC.gridmix
ALL;20220102T120218;20190602T040000;20190602T041500;17.311626321173;0;0;5.6597340606887;4.1936583702693;0;0;0;0;0.017047391749062;10.952949198773;0;34.043641322878;0.085236958745312;0;0;7.5690419365837;19.246505284691;github.com/GreenCharge/PMC.gridmix
ALL;20220102T120218;20190602T041500;20190602T043000;17.012552301255;0;0;5.5564853556485;4.1171548117155;0;0;0;0;0.01673640167364;10.753138075314;0;33.389121338912;0.083682008368201;0;0;8.1506276150628;20.016736401674;github.com/GreenCharge/PMC.gridmix
ALL;20220102T120218;20190602T043000;20190602T044500;16.709131256678;0;0;5.4245089175639;4.0437248294567;0;0;0;0;0.0164379058108;10.668200871209;0;32.752527328018;0.082189529053999;0;0;8.8107175145886;20.604914933837;github.com/GreenCharge/PMC.gridmix
ALL;20220102T120218;20190602T044500;20190602T050000;16.449170291606;0;0;5.21991300145;3.9632672788787;0;0;0;0;0.016110842597068;10.343160947318;0;32.125020138553;0.080554212985339;0.032221685194136;0;9.8598356694055;21.040760431771;github.com/GreenCharge/PMC.gridmix
ALL;20220102T120218;20190602T050000;20190602T051500;16.291464481744;0;0;5.0910826505449;3.9137697876064;0;0;0;0;0.015909633282953;10.166255667807;0;31.771537666057;0.079548166414764;0.063638533131811;0;10.277623100788;21.470050115345;github.com/GreenCharge/PMC.gridmix
ALL;20220102T120218;20190602T051500;20190602T053000;15.993148018376;0;0;4.9832593630772;3.7997352643463;0;0;0;0;0.015572685509616;9.9665187261543;0;31.036362220665;0.077863427548081;0.14794051234135;0;11.204547224169;21.934127540294;github.com/GreenCharge/PMC.gridmix
ALL;20220102T120218;20190602T053000;20190602T054500;15.603644646925;0;0;4.8595292331055;3.6750189825361;0;0;0;0;0.015186028853455;9.7114654517844;0;30.288534548216;0.075930144267274;0.78967350037965;0;11.875474563402;22.285497342445;github.com/GreenCharge/PMC.gridmix
ALL;20220102T120218;20190602T054500;20190602T060000;15.26428942101;0;0;4.7446067165839;3.5881088294166;0;0;0;0;0.014826895989325;9.4743865371784;0;29.594484394692;0.074134479946623;1.7199199347617;0;12.269256431166;22.455333975832;github.com/GreenCharge/PMC.gridmix
ALL;20220102T120218;20190602T060000;20190602T061500;14.802608010317;0;0;4.5568531919467;3.4677939385255;0;0;0;0;0.0143297270187;9.2928279716271;0;28.587805402307;0.071648635093501;2.9805832198897;0;12.144443648348;23.307300995916;github.com/GreenCharge/PMC.gridmix
ALL;20220102T120218;20190602T061500;20190602T063000;14.505047672462;0;0;4.4587773415592;3.3651149747616;0;0;0;0;0.01402131239484;9.1909702748177;0;27.944475602916;0.070106561974201;4.6761076836792;0;11.855019629837;23.163208076276;github.com/GreenCharge/PMC.gridmix
ALL;20220102T120218;20190602T063000;20190602T064500;14.119975431652;0;0;4.3404081075548;3.2757797038149;0;0;0;0;0.013649082099229;8.9060260697468;0;27.154848836416;0.068245410496144;6.5037876202825;0;11.738210605337;23.142018699242;github.com/GreenCharge/PMC.gridmix
ALL;20220102T120218;20190602T064500;20190602T070000;13.806391601887;0;0;4.2256328483157;3.1891568666534;0;0;0;0;0.013288153611056;8.7568932296857;0;26.283967842668;0.066440768055279;8.710384692047;0;12.112152016477;22.118131685602;github.com/GreenCharge/PMC.gridmix
ALL;20220102T120218;20190602T070000;20190602T071500;13.479076385745;0;0;4.1394476424552;3.1045857318414;0;0;0;0;0.012935773882673;8.5828859711532;0;25.483474548865;0.064678869413363;11.254123277925;0;12.702929952784;20.503201604036;github.com/GreenCharge/PMC.gridmix
ALL;20220102T120218;20190602T071500;20190602T073000;13.200482325316;0;0;4.0616868693279;3.0462651519959;0;0;0;0;0.01269277146665;8.4153074823888;0;25.0047597893;0.063463857333249;13.981087770515;0;13.067208224916;18.487021641175;github.com/GreenCharge/PMC.gridmix
ALL;20220102T120218;20190602T073000;20190602T074500;13.026001758573;0;0;4.0195955282;3.01469664615;0;0;0;0;0.012561236025625;8.3218188669765;0;24.726793116443;0.062806180128125;16.982791106645;0;13.151614118829;16.028137168697;github.com/GreenCharge/PMC.gridmix
ALL;20220102T120218;20190602T074500;20190602T080000;12.854489164087;0;0;3.9628482972136;2.9721362229102;0;0;0;0;0.012383900928793;8.2352941176471;0;24.352941176471;0.061919504643963;20.315789473684;0;13.052631578947;13.53560371517;github.com/GreenCharge/PMC.gridmix
ALL;20220102T120218;20190602T080000;20190602T081500;12.540037469028;0;0;3.8435970266514;2.9008279446425;0;0;0;0;0.91859551580347;8.0739711125884;0;23.671964706593;0.060433915513386;23.448359219194;0;12.721339215568;11.192361153079;github.com/GreenCharge/PMC.gridmix
ALL;20220102T120218;20190602T081500;20190602T083000;12.155182533161;0;0;3.7328324920765;2.8172320694917;0;0;0;0;1.8135931447353;7.8706420941425;0;22.98391830027;0.058692334781078;26.282427514967;0;12.454513440545;9.2205657941073;github.com/GreenCharge/PMC.gridmix
ALL;20220102T120218;20190602T083000;20190602T084500;11.969022712824;0;0;3.6756631797954;2.7740854187135;0;0;0;0;1.6933479743397;7.5362653875051;0;22.614575507137;0.057793446223198;29.34751199214;0;12.269548633185;7.4611339074149;github.com/GreenCharge/PMC.gridmix
ALL;20220102T120218;20190602T084500;20190602T090000;11.676274443314;0;0;3.5944387928111;2.7127839945744;0;0;0;0;1.6502769300328;7.4601559850797;0;22.109189555782;0.056516333220301;32.29343280208;0;11.761048943145;6.0981123544704;github.com/GreenCharge/PMC.gridmix
ALL;20220102T120218;20190602T090000;20190602T091500;11.277826276735;0;0;3.5573985159319;2.6189436927106;0;0;0;0;2.040593627237;7.2239196857268;0;21.317110432126;0.054561326931471;34.548232213007;0;11.457878655609;5.3360977738979;github.com/GreenCharge/PMC.gridmix
ALL;20220102T120218;20190602T091500;20190602T093000;10.829227382325;0;0;4.1513785512108;2.5369535590733;0;0;0;0;2.0652059964357;7.0028304853758;0;20.458119299717;0.052416395848621;36.214487891813;0;11.164692315756;4.979557605619;github.com/GreenCharge/PMC.gridmix
ALL;20220102T120218;20190602T093000;20190602T094500;10.6695643175;0;0;3.8704336127497;2.483700714064;0;0;0;0;0.95725965021215;6.8870951050398;0;20.185242678257;0.051743764876332;38.533581703405;0;10.86619062403;4.9570526751526;github.com/GreenCharge/PMC.gridmix
ALL;20220102T120218;20190602T094500;20190602T100000;10.410014697684;0;0;3.284172114946;2.4327200851452;0;0;0;0;0.66899802341493;6.7102529015255;0;19.745578024429;0.050681668440525;40.388221580254;0;10.769854543612;5.0124170087679;github.com/GreenCharge/PMC.gridmix
ALL;20220102T120218;20190602T100000;20190602T101500;10.105781057811;0;0;3.1094710947109;2.3616236162362;0;0;0;0;0.8019680196802;6.5092250922509;0;19.163591635916;0.04920049200492;41.525215252153;0;10.676506765068;5.1857318573186;github.com/GreenCharge/PMC.gridmix
ALL;20220102T120218;20190602T101500;20190602T103000;9.7948473282443;0;0;3.0152671755725;2.2900763358779;0;0;0;0;1.6125954198473;6.3358778625954;0;18.568702290076;0.047709923664122;42.080152671756;0;10.410305343511;5.3482824427481;github.com/GreenCharge/PMC.gridmix
ALL;20220102T120218;20190602T103000;20190602T104500;9.7152587267051;0;0;2.9893103774477;2.2703623119856;0;0;0;0;0.35474411124775;6.2718758868603;0;18.394664648567;0.047299214833034;43.449058745625;0;10.188250875035;5.8272632674298;github.com/GreenCharge/PMC.gridmix
ALL;20220102T120218;20190602T104500;20190602T110000;9.5353384858925;0;0;2.9425458608809;2.2348449576311;0;0;0;0;0.074494831921035;6.1784151224509;0;18.102244156812;0.046559269950647;44.221994599125;0;10.005587112394;6.1737591954558;github.com/GreenCharge/PMC.gridmix
ALL;20220102T120218;20190602T110000;20190602T111500;9.3697152520682;0;0;2.8520499108734;2.1938845468257;0;0;0;0;0.095982448923625;6.0651766534119;0;17.775035422094;0.045705928058869;44.864938982586;0;9.7673568261804;6.4948123771653;github.com/GreenCharge/PMC.gridmix
ALL;20220102T120218;20190602T111500;20190602T113000;9.2246109561932;0;0;2.8065125483494;2.1588558064226;0;0;0;0;0.0089952325267608;5.9728343977692;0;17.486732032023;0.044976162633804;45.425924260142;0;9.3505442115679;7.0522623009805;github.com/GreenCharge/PMC.gridmix
ALL;20220102T120218;20190602T113000;20190602T114500;9.0788249368603;0;0;2.7648544463645;2.1268111125881;0;0;0;0;0.0088617129691169;5.8930391244628;0;17.227170011963;0.044308564845585;45.841641189242;0;9.0300855155302;7.5235943107803;github.com/GreenCharge/PMC.gridmix
ALL;20220102T120218;20190602T114500;20190602T120000;8.8939268430919;0;0;2.7204952696517;2.0926886689628;0;0;0;0;0.0087195361206784;5.7984915202511;0;16.942058682478;0.043597680603392;45.969394428216;0;8.933164755635;8.1440467367136;github.com/GreenCharge/PMC.gridmix
ALL;20220102T120218;20190602T120000;20190602T121500;8.7704953307226;0;0;2.6853724663253;2.0656711279425;0;0;0;0;0.0086069630330938;5.7236304170074;0;16.740543099367;0.043034815165469;46.034341782502;0;8.718853552524;8.7618883676895;github.com/GreenCharge/PMC.gridmix
ALL;20220102T120218;20190602T121500;20190602T123000;8.6947233497116;0;0;2.6660969878231;2.050843836787;0;0;0;0;0.0085451826532792;5.6953642384106;0;16.599017303995;0.042725913266396;46.152531510361;0;8.2930997650075;9.3527024140141;github.com/GreenCharge/PMC.gridmix
ALL;20220102T120218;20190602T123000;20190602T124500;8.6195942225423;0;0;2.6430598500572;2.0331229615824;0;0;0;0;0.0084713456732602;5.6122665085349;0;16.451353297471;0.042356728366301;46.105298826719;0;8.140963192003;9.9030030920412;github.com/GreenCharge/PMC.gridmix
ALL;20220102T120218;20190602T124500;20190602T130000;8.4969235276883;0;0;2.6118622075258;2.0091247750199;0;0;0;0;0.0083713532292495;5.4246368925537;0;16.240425264744;0.041856766146248;45.84153028337;0;8.220668871123;10.669289690678;github.com/GreenCharge/PMC.gridmix
ALL;20220102T120218;20190602T130000;20190602T131500;8.4182616621095;0;0;2.5685640898169;2.0051371281796;0;0;0;0;0.0082856906123125;5.3691275167785;0;16.07009694258;0.041428453061563;45.389013174248;0;8.0702626563924;11.645538155605;github.com/GreenCharge/PMC.gridmix
ALL;20220102T120218;20190602T131500;20190602T133000;8.3435935319708;0;0;2.5445292620865;1.9699581383896;0;0;0;0;0.0082081589099565;5.3353032914717;0;15.911516046951;0.041040794549782;44.935565952557;0;8.0029549372076;12.496921940409;github.com/GreenCharge/PMC.gridmix
ALL;20220102T120218;20190602T133000;20190602T134500;8.2817589576547;0;0;2.5244299674267;1.9543973941368;0;0;0;0;0.00814332247557;5.3420195439739;0;15.793973941368;0.04071661237785;44.474755700326;0;7.8094462540717;13.36319218241;github.com/GreenCharge/PMC.gridmix
ALL;20220102T120218;20190602T134500;20190602T140000;8.1952638810313;0;0;2.4731269700154;1.939707427463;0;0;0;0;0.0080821142810959;5.2412511112907;0;15.671219591045;0.04041057140548;43.893962660632;0;7.8558150812252;14.277054877556;github.com/GreenCharge/PMC.gridmix
