LOC;Time;Start;End;Biomass;Lignite;Coal;Gas;HardCoal;Oil;Shale;Peat;Geothermal;HydroPumped;Hydro;Marine;Nuclear;OtherRES;Solar;Waste;WindOffShore;WindOnShore;SwID
ALL;20220102T120217;20190101T000000;20190101T001500;11.069960935518;0.081172949114708;0;4.4848054385876;3.2266247273096;0;0;0;0;0;3.7948353711126;0;18.695144842981;0.050733093196692;0;0;10.932981583887;47.23758307544;github.com/GreenCharge/PMC.gridmix
ALL;20220102T120217;20190101T001500;20190101T003000;10.900189829154;0.079928064741732;0;4.4160255769807;3.1571585572984;0;0;0;0;0;3.736637026676;0;18.528324507943;0.049955040463583;0;0;10.750324707763;47.961834349086;github.com/GreenCharge/PMC.gridmix
ALL;20220102T120217;20190101T003000;20190101T004500;10.778206269159;0.079106101058044;0;4.3706120834569;3.1246909917927;0;0;0;0;0;3.6487689113023;0;18.026302778602;0.049441313161278;0;0;10.649658854939;48.857905665974;github.com/GreenCharge/PMC.gridmix
ALL;20220102T120217;20190101T004500;20190101T010000;10.840851318347;0.079748791307382;0;4.4061207197328;3.1700144544684;0;0;0;0;0;3.6983501968798;0;18.137865722973;0.049842994567114;0;0;9.9935204107063;49.205004236655;github.com/GreenCharge/PMC.gridmix
ALL;20220102T120217;20190101T010000;20190101T011500;10.838027817937;0.079764694152251;0;4.3870581783738;3.4099406750087;0;0;0;0;0;3.7339847450022;0;17.722717981953;0.049852933845157;0;0;9.2028515878159;50.157036741612;github.com/GreenCharge/PMC.gridmix
ALL;20220102T120217;20190101T011500;20190101T013000;10.752102919347;0.079168728352301;0;4.3542800593765;3.5428005937655;0;0;0;0;0;3.691241959426;0;16.556160316675;0.049480455220188;0;0;9.1588322612568;51.400296882731;github.com/GreenCharge/PMC.gridmix
ALL;20220102T120217;20190101T013000;20190101T014500;10.83574349257;0.0797845816296;0;4.388151989628;3.5703600279246;0;0;0;0;0;3.6950234367209;0;15.503141517902;0.0498653635185;0;0;9.2500249326818;52.20903560387;github.com/GreenCharge/PMC.gridmix
ALL;20220102T120217;20190101T014500;20190101T020000;11.112249602951;0.081971412469901;0;4.5084276858446;3.6682207080281;0;0;0;0;0;3.806547466571;0;14.20667042369;0.051232132793688;0;0;9.529176699626;52.605153952559;github.com/GreenCharge/PMC.gridmix
ALL;20220102T120217;20190101T020000;20190101T021500;11.344735603327;0.083686385271196;0;4.581829593598;3.5566713740258;0;0;0;0;0;3.5566713740258;0;14.16392070715;0.052303990794498;0;0;9.3362623568178;52.884565092317;github.com/GreenCharge/PMC.gridmix
ALL;20220102T120217;20190101T021500;20190101T023000;11.279758810687;0.083168728558062;0;4.5534878885539;3.4722944172991;0;0;0;0;0;3.5398690092525;0;14.143881900405;0.051980455348789;0;0;9.2057386422705;53.233184322695;github.com/GreenCharge/PMC.gridmix
ALL;20220102T120217;20190101T023000;20190101T024500;11.356384369933;0.083695140450908;0;4.5823089396872;3.4733483287127;0;0;0;0;0;3.5204268452163;0;13.872469529738;0.052309462781817;0;0;9.2744677512162;53.345190144897;github.com/GreenCharge/PMC.gridmix
ALL;20220102T120217;20190101T024500;20190101T030000;11.271556201953;0.083108248493663;0;4.550176605028;3.4282152503636;0;0;0;0;0;3.5528776231041;0;13.364845210887;0.051942655308539;0;0;9.7184708082277;53.542489092042;github.com/GreenCharge/PMC.gridmix
ALL;20220102T120217;20190101T030000;20190101T031500;11.034868354173;0.10165700925079;0;4.2899257903832;3.3750127071262;0;0;0;0;0;3.4766697163769;0;12.763037511436;0.050828504625394;0;0;10.597743214395;53.88329775338;github.com/GreenCharge/PMC.gridmix
ALL;20220102T120217;20190101T031500;20190101T033000;11.21799844841;0.10343935867598;0;4.3651409361262;3.4341867080424;0;0;0;0;0;3.5272821308508;0;12.914403930696;0.051719679337988;0;0;10.762865270235;53.188518231187;github.com/GreenCharge/PMC.gridmix
ALL;20220102T120217;20190101T033000;20190101T034500;11.133872785005;0.10242753252074;0;4.3224418723753;3.4005940796886;0;0;0;0;0;3.5081429888354;0;12.629314759807;0.051213766260371;0;0;10.667827512035;53.753969066885;github.com/GreenCharge/PMC.gridmix
ALL;20220102T120217;20190101T034500;20190101T040000;11.088987593812;0.10210854137949;0;4.3089804462143;3.3900035737989;0;0;0;0;0;3.5023229693164;0;12.370449788125;0.051054270689743;0;0;10.624393730536;54.132843212335;github.com/GreenCharge/PMC.gridmix
ALL;20220102T120217;20190101T040000;20190101T041500;10.753061325666;0.09915224827723;0;4.22388577661;3.291854642804;0;0;0;0;0;3.4108373407367;0;12.359327747757;0.049576124138615;0;0;10.316791433246;55.079073918001;github.com/GreenCharge/PMC.gridmix
ALL;20220102T120217;20190101T041500;20190101T043000;10.656180879823;0.098304251658884;0;4.1877611206685;3.263701155075;0;0;0;0;0;3.3865814696486;0;12.617350700418;0.049152125829442;0;0;10.248218235439;55.079872204473;github.com/GreenCharge/PMC.gridmix
ALL;20220102T120217;20190101T043000;20190101T044500;10.606653620352;0.097847358121331;0;4.1682974559687;3.2485322896282;0;0;0;0;0;3.3659491193738;0;12.397260273973;0.048923679060665;0;0;10.195694716243;55.45988258317;github.com/GreenCharge/PMC.gridmix
ALL;20220102T120217;20190101T044500;20190101T050000;10.657350915174;0.098405825624877;0;4.1920881716198;3.2670734107459;0;0;0;0;0;3.3999212753395;0;12.527061602047;0.049202912812438;0;0;10.273568195237;55.122023223775;github.com/GreenCharge/PMC.gridmix
ALL;20220102T120217;20190101T050000;20190101T051500;10.494156442462;0.096988506861937;0;4.1123126909461;3.2976092333059;0;0;0;0;0;3.3655011881092;0;12.288443819407;0.048494253430968;0;0;10.125600116386;55.763542020271;github.com/GreenCharge/PMC.gridmix
ALL;20220102T120217;20190101T051500;20190101T053000;10.594504742349;0.097780385254718;0;4.1458883348;3.3245330986604;0;0;0;0;0;3.388090349076;0;12.242104233891;0.048890192627359;0;0;10.213161239855;55.534369805417;github.com/GreenCharge/PMC.gridmix
ALL;20220102T120217;20190101T053000;20190101T054500;10.52375862404;0.0971722864639;0;4.1201049460694;3.2649888251871;0;0;0;0;0;3.3913127975901;0;11.961908463706;0.04858614323195;0;0;10.149645321154;56.034398989408;github.com/GreenCharge/PMC.gridmix
ALL;20220102T120217;20190101T054500;20190101T060000;10.666732419371;0.098629056119933;0;4.1818719794852;3.3139362856297;0;0;0;0;0;3.4470855113917;0;11.963704507348;0.049314528059966;0;0;9.4437321234836;56.420751553408;github.com/GreenCharge/PMC.gridmix
ALL;20220102T120217;20190101T060000;20190101T061500;10.587545214586;0.09776126698602;0;4.1646299736045;3.3629875843191;0;0;0;0;0;3.4216443445107;0;11.970867142438;0.04888063349301;0;0;7.76224459869;58.172841920031;github.com/GreenCharge/PMC.gridmix
ALL;20220102T120217;20190101T061500;20190101T063000;10.729295426452;0.098887515451174;0;4.21260815822;3.4017305315204;0;0;0;0;0;3.4660074165637;0;12.084054388133;0.049443757725587;0;0;7.8665018541409;57.676143386897;github.com/GreenCharge/PMC.gridmix
ALL;20220102T120217;20190101T063000;20190101T064500;10.680617935936;0.09871181086817;0;4.2051231429841;3.3956862938651;0;0;0;0;0;3.4598489709294;0;12.06258328809;0.049355905434085;0;0;7.8574601451064;57.77602290114;github.com/GreenCharge/PMC.gridmix
ALL;20220102T120217;20190101T064500;20190101T070000;10.66397399271;0.098512461826421;0;4.1966308738055;3.3888286868289;0;0;0;0;0;3.4627130331987;0;12.131809673924;0.049256230913211;0;0;7.8415919613831;57.752930745739;github.com/GreenCharge/PMC.gridmix
ALL;20220102T120217;20190101T070000;20190101T071500;10.548051695656;0.0971722864639;0;4.1395394033622;3.362161111651;0;0;0;0;0;3.4204644835293;0;12.42347682441;0.04858614323195;0;0;7.7349140025265;57.817510446021;github.com/GreenCharge/PMC.gridmix
ALL;20220102T120217;20190101T071500;20190101T073000;10.443676174013;0.096033803898972;0;4.1294535676558;3.3227696149044;0;0;0;0;0;3.3851915874388;0;12.489196197061;0.048016901949486;0;0;7.8939786804955;57.788341496207;github.com/GreenCharge/PMC.gridmix
ALL;20220102T120217;20190101T073000;20190101T074500;10.352370535927;0.095106757335109;0;4.0895905654097;3.2906938037948;0;0;0;0;0;3.3572685339293;0;12.506538589567;0.047553378667554;0;0;8.0174996433497;57.843929811213;github.com/GreenCharge/PMC.gridmix
ALL;20220102T120217;20190101T074500;20190101T080000;10.378975433251;0.095219958103218;0;4.0944581984384;3.2946105503714;0;0;0;0;0;3.3660255189488;0;12.640449438202;0.047609979051609;0;0;8.0413254618168;57.641401637783;github.com/GreenCharge/PMC.gridmix
ALL;20220102T120217;20190101T080000;20190101T081500;10.3850364095;0.095188234734187;0;4.1311693874637;3.3887011565371;0;0;0;0;0;3.3839417448003;0;12.560087573176;0.047594117367093;0.023797058683547;0;8.0481652467755;57.536528485079;github.com/GreenCharge/PMC.gridmix
ALL;20220102T120217;20190101T081500;20190101T083000;10.376684604029;0.095242630601457;0;4.1335301681032;3.3906376494119;0;0;0;0;0;3.4049240440021;0;12.691080527644;0.047621315300729;0.085718367541311;0;8.0480022858231;57.326539359017;github.com/GreenCharge/PMC.gridmix
ALL;20220102T120217;20190101T083000;20190101T084500;10.448190001915;0.095767094426355;0;4.1562918981038;3.4093085615782;0;0;0;0;0;3.4093085615782;0;12.684351656771;0.047883547213178;0.22505267190193;0;8.0731660601417;57.04845814978;github.com/GreenCharge/PMC.gridmix
ALL;20220102T120217;20190101T084500;20190101T090000;10.502283105023;0.096130737803413;0;4.1720740206681;3.4222542658015;0;0;0;0;0;3.4126411920211;0;12.915164623888;0.048065368901706;0.39413602499399;0;7.3059360730594;57.327565489065;github.com/GreenCharge/PMC.gridmix
ALL;20220102T120217;20190101T090000;20190101T091500;10.692315203593;0.097646714188068;0;4.2573967385997;3.5543403964457;0;0;0;0;0;3.4713406893858;0;12.640367151645;0.048823357094034;0.59076262083781;0;7.2942095498486;56.942681378772;github.com/GreenCharge/PMC.gridmix
ALL;20220102T120217;20190101T091500;20190101T093000;10.802149583395;0.098604742888133;0;4.2991667899226;3.589212641128;0;0;0;0;0;3.5349800325396;0;12.616476852537;0.049302371444066;0.88251244884879;0;6.9664250850466;56.74702953212;github.com/GreenCharge/PMC.gridmix
ALL;20220102T120217;20190101T093000;20190101T094500;10.859212223435;0.099216192082548;0;4.3258259747991;3.6313126302213;0;0;0;0;0;3.5767437245759;0;13.319773787082;0.049608096041274;1.3146145450938;0;7.2527036412342;55.154281178688;github.com/GreenCharge/PMC.gridmix
ALL;20220102T120217;20190101T094500;20190101T100000;10.652152784527;0.097191175041306;0;4.237535231801;3.5571970065118;0;0;0;0;0;3.5134609777432;0;13.310331421907;0.048595587520653;1.6911264457187;0;7.2213043055691;55.262902128487;github.com/GreenCharge/PMC.gridmix
ALL;20220102T120217;20190101T100000;20190101T101500;10.44996194825;0.095129375951294;0;4.1476407914764;3.4817351598174;0;0;0;0;0;3.4246575342466;0;13.02796803653;0.047564687975647;2.097602739726;0;7.3202054794521;55.50799086758;github.com/GreenCharge/PMC.gridmix
ALL;20220102T120217;20190101T101500;20190101T103000;10.272242492282;0.093554121059033;0;4.0789596781738;3.4053700065488;0;0;0;0;0;3.3679483581252;0;13.083543830106;0.046777060529516;2.4791842080644;0;7.3627093273459;55.416783609318;github.com/GreenCharge/PMC.gridmix
ALL;20220102T120217;20190101T103000;20190101T104500;10.066590126292;0.091848450057405;0;4.0045924225029;3.3432835820896;0;0;0;0;0;3.292766934558;0;12.83122847302;0.045924225028703;2.7830080367394;0;7.1182548794489;56.036739380023;github.com/GreenCharge/PMC.gridmix
ALL;20220102T120217;20190101T104500;20190101T110000;9.8009257178807;0.089875522401474;0;3.900597672224;3.2714690154137;0;0;0;0;0;3.1995685974925;0;12.465734957084;0.044937761200737;3.0153237765695;0;7.0821911652361;56.751898620411;github.com/GreenCharge/PMC.gridmix
ALL;20220102T120217;20190101T110000;20190101T111500;9.5327428995245;0.087256227913267;0;3.7869202914358;3.1761266960429;0;0;0;0;0;3.4378953797827;0;11.884298241787;0.043628113956634;3.1848523188343;0;7.95776798569;56.542035687797;github.com/GreenCharge/PMC.gridmix
ALL;20220102T120217;20190101T111500;20190101T113000;9.4197275392309;0.086221762372823;0;3.7592688394551;3.1384721503708;0;0;0;0;0;3.4057596137265;0;11.73909294706;0.043110881186411;3.5092257285739;0;7.9582686670116;56.578720469046;github.com/GreenCharge/PMC.gridmix
ALL;20220102T120217;20190101T113000;20190101T114500;9.3708566784996;0.085539540652667;0;3.7295239724563;3.1136392797571;0;0;0;0;0;3.3873658098456;0;11.624823574697;0.042769770326333;3.6824772250973;0;7.908130533339;56.695607544587;github.com/GreenCharge/PMC.gridmix
ALL;20220102T120217;20190101T114500;20190101T120000;9.3449557749007;0.085459129171474;0;3.7260180318763;3.1107123018416;0;0;0;0;0;3.3585437764389;0;12.066829039012;0.042729564585737;3.6533777720805;0;7.9135153612785;56.338930906294;github.com/GreenCharge/PMC.gridmix
ALL;20220102T120217;20190101T120000;20190101T121500;9.3056853913487;0.084983428231495;0;3.7052774708932;3.0764001019801;0;0;0;0;0;3.3483470723209;0;12.530806492734;0.042491714115747;3.607546528427;0;7.8397212543554;56.101810147021;github.com/GreenCharge/PMC.gridmix
ALL;20220102T120217;20190101T121500;20190101T123000;9.358300200932;0.08550297122825;0;3.7279295455517;3.0952075584627;0;0;0;0;0;3.3816425120773;0;12.671540336027;0.042751485614125;3.5740241973409;0;6.9385661151725;56.765422598435;github.com/GreenCharge/PMC.gridmix
ALL;20220102T120217;20190101T123000;20190101T124500;9.3075615972812;0.084961767204758;0;3.7043330501274;3.0756159728122;0;0;0;0;0;3.3559898045879;0;12.659303313509;0.042480883602379;3.4706881903144;0;6.588785046729;57.353440951572;github.com/GreenCharge/PMC.gridmix
ALL;20220102T120217;20190101T124500;20190101T130000;9.303708738689;0.084965376609032;0;3.7044904201538;3.075746633247;0;0;0;0;0;3.3561323760568;0;12.706572071881;0.042482688304516;3.3561323760568;0;5.8583627171927;58.154552020052;github.com/GreenCharge/PMC.gridmix
ALL;20220102T120217;20190101T130000;20190101T131500;9.3415269064994;0.085349720479665;0;3.7212478129134;3.0896598813639;0;0;0;0;0;3.3755814449708;0;12.789655613878;0.042674860239833;3.2347544061793;0;5.607476635514;58.353603891947;github.com/GreenCharge/PMC.gridmix
ALL;20220102T120217;20190101T131500;20190101T133000;9.3045991668792;0.085012326787384;0;3.6895349825725;3.0774462297033;0;0;0;0;0;3.3367338264048;0;12.649834225963;0.042506163393692;3.0306894499702;0;5.5980617189492;58.82853013687;github.com/GreenCharge/PMC.gridmix
ALL;20220102T120217;20190101T133000;20190101T134500;9.302918312731;0.084958158107132;0;3.6871840618495;3.109468586721;0;0;0;0;0;3.3261118898942;0;12.56106367614;0.042479079053566;2.91831273098;0;5.4585616583832;59.152117582091;github.com/GreenCharge/PMC.gridmix
ALL;20220102T120217;20190101T134500;20190101T140000;9.3177753172643;0.085171620815944;0;3.696448343412;3.0832126735372;0;0;0;0;0;3.3216932118218;0;12.656502853249;0.042585810407972;2.6530959884167;0;5.5489310961588;59.236862277489;github.com/GreenCharge/PMC.gridmix
ALL;20220102T120217;20190101T140000;20190101T141500;9.3850301707536;0.08559079043095;0;3.7146403047032;3.0812684555142;0;0;0;0;0;3.338040826807;0;12.714511918518;0.042795395215475;2.3751444344589;0;5.5206059827963;59.382890400993;github.com/GreenCharge/PMC.gridmix
ALL;20220102T120217;20190101T141500;20190101T143000;9.4364745296796;0.085903272914698;0;3.7282020444979;3.0925178249291;0;0;0;0;0;3.354522807319;0;12.902671591788;0.042951636457349;1.9886607679753;0;5.5751224121639;59.432179366034;github.com/GreenCharge/PMC.gridmix
ALL;20220102T120217;20190101T143000;20190101T144500;9.3718036140471;0.085236958745312;0;3.6992840095465;3.1026252983294;0;0;0;0;0;3.3285032390044;0;12.900613706103;0.042618479372656;1.6322877599727;0;5.5148312308217;59.964200477327;github.com/GreenCharge/PMC.gridmix
ALL;20220102T120217;20190101T144500;20190101T150000;9.3648763853367;0.085251491901108;0;3.6999147485081;3.0690537084399;0;0;0;0;0;3.3205456095482;0;13.320545609548;0.042625745950554;1.308610400682;0;5.4177323103154;60.012787723785;github.com/GreenCharge/PMC.gridmix
ALL;20220102T120217;20190101T150000;20190101T151500;9.5813872277271;0.087301933737832;0;3.8063643109695;3.142869614562;0;0;0;0;0.55000218254834;3.3960452224017;0;13.898467851063;0.043650966868916;0.96032127111616;0;4.5615260378017;59.605395259505;github.com/GreenCharge/PMC.gridmix
ALL;20220102T120217;20190101T151500;20190101T153000;9.4481749311295;0.086088154269972;0;3.7534435261708;3.099173553719;0;0;0;0;0.60261707988981;3.3402203856749;0;13.756887052342;0.043044077134986;0.64135674931129;0;5.4063360881543;59.46108815427;github.com/GreenCharge/PMC.gridmix
ALL;20220102T120217;20190101T153000;20190101T154500;9.4781820536061;0.086322240925374;0;3.7636497043463;3.1076006733135;0;0;0;0;0.60857179852389;3.3363546117657;0;13.656178514394;0.043161120462687;0.38413397211792;0;5.3735594976046;59.799732401053;github.com/GreenCharge/PMC.gridmix
ALL;20220102T120217;20190101T154500;20190101T160000;9.4327460249248;0.085947571981092;0;3.7473141383756;3.0769230769231;0;0;0;0;0.6059303824667;3.3175762784701;0;13.558229480017;0.042973785990546;0.17189514396218;0;5.4963472281908;60.103137086377;github.com/GreenCharge/PMC.gridmix
ALL;20220102T120217;20190101T160000;20190101T161500;9.5337146819206;0.086670133472006;0;3.8134858727682;2.6867741376322;0;0;0;0;0.60669093430404;3.3454671520194;0;13.628878488473;0.043335066736003;0.060669093430404;0;5.5988906222916;60.23140925637;github.com/GreenCharge/PMC.gridmix
ALL;20220102T120217;20190101T161500;20190101T163000;9.5034357578115;0.08643415877955;0;3.8031029863002;2.6448852586542;0;0;0;0;0.60503911145685;3.3363585288906;0;13.678205626864;0.043217079389775;0.012965123816932;0;5.557716409525;60.365616491637;github.com/GreenCharge/PMC.gridmix
ALL;20220102T120217;20190101T163000;20190101T164500;9.4660820221821;0.085977130083398;0;3.7829937236695;2.630900180552;0;0;0;0;0.60183991058378;3.314418364715;0;14.018571060098;0.042988565041699;0;0;5.4982374688333;60.196887627891;github.com/GreenCharge/PMC.gridmix
ALL;20220102T120217;20190101T164500;20190101T170000;9.3957148355643;0.085532224265492;0;3.7634178676816;2.6172860625241;0;0;0;0;0.60300218107172;3.2758841893683;0;14.292434674764;0.042766112132746;0;0;5.5339349099773;60.030791600736;github.com/GreenCharge/PMC.gridmix
ALL;20220102T120217;20190101T170000;20190101T171500;9.391771019678;0.08518613169776;0;3.765227021041;2.6748445353097;0;0;0;0;0.60056222846921;3.23281369793;0;14.319788738393;0.04259306584888;0;0;5.511542720845;60.017889087657;github.com/GreenCharge/PMC.gridmix
ALL;20220102T120217;20190101T171500;20190101T173000;9.3671639253687;0.085001487526032;0;3.7570657486506;2.6690467083174;0;0;0;0;0.59501041268222;3.2258064516129;0;14.365251391899;0.042500743763016;0;0;5.4783458710527;60.057801011518;github.com/GreenCharge/PMC.gridmix
ALL;20220102T120217;20190101T173000;20190101T174500;9.4037478705281;0.085178875638842;0;3.747870528109;2.6064735945486;0;0;0;0;0.59625212947189;3.2197614991482;0;14.395229982964;0.042589437819421;0;0;5.2342419080068;60.310902896082;github.com/GreenCharge/PMC.gridmix
ALL;20220102T120217;20190101T174500;20190101T180000;9.3998892627454;0.085182503513778;0;3.7480301546062;2.6236211082244;0;0;0;0;0.59201839942076;3.2113803824694;0;14.468248221815;0.042591251756889;0;0;5.3963115975979;60.074960603092;github.com/GreenCharge/PMC.gridmix
ALL;20220102T120217;20190101T180000;20190101T181500;9.52791549903;0.08622547962923;0;3.811166199612;2.6384996766545;0;0;0;0;0.0043112739814615;3.2463893080405;0;14.641086441043;0.043112739814615;0;0;5.5227419702522;60.116404397499;github.com/GreenCharge/PMC.gridmix
ALL;20220102T120217;20190101T181500;20190101T183000;9.5741454750249;0.086643850452714;0;3.82965819001;2.6513018238531;0;0;0;0;0;3.2491443919768;0;14.413204522809;0.043321925226357;0;0;5.0210111337348;60.767664515011;github.com/GreenCharge/PMC.gridmix
ALL;20220102T120217;20190101T183000;20190101T184500;9.620572622052;0.087024627969715;0;3.8464885562614;2.6629536158733;0;0;0;0;0;3.2590723174658;0;13.64981289705;0.043512313984858;0;0;5.4390392481072;61.026020363763;github.com/GreenCharge/PMC.gridmix
ALL;20220102T120217;20190101T184500;20190101T190000;9.6690886807319;0.087542677055064;0;3.8693863258338;2.696314453296;0;0;0;0;0;3.2565875864484;0;13.297732644664;0.043771338527532;0;0;5.2481834894511;61.463713560361;github.com/GreenCharge/PMC.gridmix
ALL;20220102T120217;20190101T190000;20190101T191500;9.795574475633;0.088687863065939;0;3.9200035475145;2.7138486098177;0;0;0;0;0;3.2858853265931;0;13.551505476476;0.04434393153297;0;0;5.0286018358388;61.199059908651;github.com/GreenCharge/PMC.gridmix
ALL;20220102T120217;20190101T191500;20190101T193000;9.7144617009107;0.087993312508249;0;3.8893044128646;2.6925953627524;0;0;0;0;0;3.242553565929;0;13.22539486999;0.043996656254125;0;0;5.3147960754983;61.419332130758;github.com/GreenCharge/PMC.gridmix
ALL;20220102T120217;20190101T193000;20190101T194500;9.7058693830754;0.088195087533624;0;3.8982228689862;2.6987696785289;0;0;0;0;0;3.2455792212374;0;13.202804603784;0.044097543766812;0;0;5.5518807602417;61.194161485205;github.com/GreenCharge/PMC.gridmix
ALL;20220102T120217;20190101T194500;20190101T200000;9.773735581189;0.088731144631766;0;3.921916592724;2.715173025732;0;0;0;0;0;3.2519964507542;0;12.879325643301;0.044365572315883;0;0;5.2972493345164;61.654835847382;github.com/GreenCharge/PMC.gridmix
ALL;20220102T120217;20190101T200000;20190101T201500;9.7527472527473;0.088621056362992;0;3.881602268699;2.6586316908898;0;0;0;0;0;3.2922722438851;0;12.522155264091;0.044310528181496;0;0;5.1444523218717;62.242998936547;github.com/GreenCharge/PMC.gridmix
ALL;20220102T120217;20190101T201500;20190101T203000;9.729609929078;0.088652482269504;0;3.8652482269504;2.6595744680851;0;0;0;0;0;3.2313829787234;0;12.349290780142;0.044326241134752;0;0;5.1906028368794;62.468971631206;github.com/GreenCharge/PMC.gridmix
ALL;20220102T120217;20190101T203000;20190101T204500;9.7356515568172;0.088707531269405;0;3.867648363346;2.6967089505899;0;0;0;0;0;3.206777255389;0;12.330346846447;0.044353765634702;0;0;5.5442207043378;62.113013394837;github.com/GreenCharge/PMC.gridmix
ALL;20220102T120217;20190101T204500;20190101T210000;9.7535980038319;0.089114645992069;0;3.8675756360558;2.6556164505637;0;0;0;0;0;3.2125829880141;0;12.346834202201;0.044557322996034;0;0;5.3335115626253;62.322327674553;github.com/GreenCharge/PMC.gridmix
ALL;20220102T120217;20190101T210000;20190101T211500;10.017342095655;0.09127418765973;0;3.5231836436656;2.8112449799197;0;0;0;0;0;3.2630522088353;0;12.107520993063;0.045637093829865;0;0;5.6316173786053;62.125775830595;github.com/GreenCharge/PMC.gridmix
ALL;20220102T120217;20190101T211500;20190101T213000;9.8749887579818;0.089936145336811;0;3.4715352100009;2.7880205054411;0;0;0;0;0.94432952603651;3.1882363521899;0;11.363431963306;0.044968072668405;0;0;5.3961687202087;62.460652936415;github.com/GreenCharge/PMC.gridmix
ALL;20220102T120217;20190101T213000;20190101T214500;9.8605488079172;0.089968511021143;0;3.4727845254161;2.7890238416554;0;0;0;0;0.64327485380117;3.2028789923527;0;11.327035537562;0.044984255510571;0;0;5.5690508322087;62.622582096266;github.com/GreenCharge/PMC.gridmix
ALL;20220102T120217;20190101T214500;20190101T220000;9.83208031333;0.090037365506685;0;3.4754423085581;2.7911583307072;0;0;0;0;0.7878269481835;3.2098320803133;0;11.335704317292;0.045018682753343;0;0;5.6723540269212;62.382388691307;github.com/GreenCharge/PMC.gridmix
ALL;20220102T120217;20190101T220000;20190101T221500;10.023417053125;0.091831580880665;0;3.6548969190505;2.7365811102438;0;0;0;0;2.0570274117269;3.2967537536159;0;11.676385508977;0.045915790440332;0;0;5.7716148583498;60.259883373892;github.com/GreenCharge/PMC.gridmix
ALL;20220102T120217;20190101T221500;20190101T223000;10.141553361892;0.09312721177128;0;3.7064630284969;2.7565654684299;0;0;0;0;0.22350530825107;3.2594524119948;0;11.664183274353;0.04656360588564;0;0;5.7692307692308;61.948221270255;github.com/GreenCharge/PMC.gridmix
ALL;20220102T120217;20190101T223000;20190101T224500;10.145332588038;0.093161915408981;0;3.7264766163592;2.7575926961058;0;0;0;0;0.18166573504751;3.2280603689212;0;11.342463201043;0.04658095770449;0;0;5.664244456866;62.423141419788;github.com/GreenCharge/PMC.gridmix
ALL;20220102T120217;20190101T224500;20190101T230000;9.9560359040117;0.091591866642242;0;3.6636746656897;2.7111192526104;0;0;0;0;0.17860413995237;3.1690785858216;0;11.073456677047;0.045795933321121;0;0;5.555046711852;63.170910423154;github.com/GreenCharge/PMC.gridmix
ALL;20220102T120217;20190101T230000;20190101T231500;10.131953186926;0.093253135636686;0;3.7301254254674;2.5924371706999;0;0;0;0;0.17251830092787;3.1053294167016;0;11.283629412039;0.046626567818343;0;0;4.951741502308;63.500722711801;github.com/GreenCharge/PMC.gridmix
ALL;20220102T120217;20190101T231500;20190101T233000;10.055141096335;0.092674111486956;0;3.6884296371809;2.5763402993374;0;0;0;0;0;3.0397108567722;0;11.19039896205;0.046337055743478;0;0;5.7457949121913;63.175941800658;github.com/GreenCharge/PMC.gridmix
ALL;20220102T120217;20190101T233000;20190101T234500;10.238601464682;0.094495629577132;0;3.7798251830853;2.6269785022443;0;0;0;0;0;3.0900070871722;0;11.287502952988;0.047247814788566;0;0;5.3579021970234;63.080557524215;github.com/GreenCharge/PMC.gridmix
ALL;20220102T120217;20190101T234500;20190102T000000;10.19955654102;0.09435297447752;0;3.7741189791008;2.6230126904751;0;0;0;0;0;3.080624616691;0;11.265745152616;0.04717648723876;0;0;5.6564608199273;62.862669245648;github.com/GreenCharge/PMC.gridmix
ALL;20220102T120217;20190102T000000;20190102T001500;10.299384042401;0.095497302201213;0;3.7243947858473;2.8076206847157;0;0;0;0;0;3.1132120517595;0;11.602922217447;0.047748651100606;0;0;5.4481210905792;62.460010504703;github.com/GreenCharge/PMC.gridmix
ALL;20220102T120217;20190102T001500;20190102T003000;10.588581807471;0.098178783564872;0;3.82897255903;2.8864562368072;0;0;0;0;0;3.1760836483236;0;11.923813263954;0.049089391782436;0;0;5.4980118796328;61.538461538462;github.com/GreenCharge/PMC.gridmix
ALL;20220102T120217;20190102T003000;20190102T004500;10.576544667454;0.098386462022826;0;3.8370720188902;2.8925619834711;0;0;0;0;0;3.1778827233373;0;11.944116489571;0.049193231011413;0;0;5.6867375049193;61.324281778827;github.com/GreenCharge/PMC.gridmix
ALL;20220102T120217;20190102T004500;20190102T010000;10.595243956477;0.098468810004431;0;3.8402835901728;2.8359017281276;0;0;0;0;0;3.2051597656442;0;11.816257200532;0.049234405002216;0;0;5.755501944759;61.390379597263;github.com/GreenCharge/PMC.gridmix
ALL;20220102T120217;20190102T010000;20190102T011500;10.718369376087;0.09942828734775;0;3.4799900571713;2.8635346756152;0;0;0;0;0;3.1966194382302;0;11.916480238628;0.049714143673875;0;0;6.5920954511559;60.66616952523;github.com/GreenCharge/PMC.gridmix
ALL;20220102T120217;20190102T011500;20190102T013000;10.583493093447;0.098313916334857;0;3.7949171705255;2.8314407904439;0;0;0;0;0;3.1214668436317;0;11.822248439267;0.049156958167429;0;0;7.7717150862705;59.514329253306;github.com/GreenCharge/PMC.gridmix
ALL;20220102T120217;20190102T013000;20190102T014500;10.575695058454;0.098241477551822;0;3.8117693290107;2.8293545534925;0;0;0;0;0;3.1142548383928;0;11.666175459279;0.049120738775911;0;0;8.7827880931329;58.659986246193;github.com/GreenCharge/PMC.gridmix
ALL;20220102T120217;20190102T014500;20190102T020000;10.483910347185;0.097661018604424;0;3.7892475218517;2.8126373358074;0;0;0;0;0;3.0958542897602;0;11.436105278578;0.048830509302212;0;0;9.7807510132331;58.044826407539;github.com/GreenCharge/PMC.gridmix
ALL;20220102T120217;20190102T020000;20190102T021500;10.505988755805;0.097775604986556;0;3.832803715473;2.8941579076021;0;0;0;0;0;3.1092642385725;0;11.610853092154;0.048887802493278;0;0;9.7335614764116;57.756049865559;github.com/GreenCharge/PMC.gridmix
ALL;20220102T120217;20190102T021500;20190102T023000;10.438891324468;0.097423157484534;0;3.8189877733937;2.8837254615422;0;0;0;0;0;3.0980564080082;0;11.681036582396;0.048711578742267;0;0;11.359540162697;56.164450289834;github.com/GreenCharge/PMC.gridmix
ALL;20220102T120217;20190102T023000;20190102T024500;10.44288362111;0.097551458394303;0;3.8435274607355;2.8875231684714;0;0;0;0;0;3.1118915227783;0;11.603745976002;0.048775729197152;0;0;12.471953955712;55.082430982343;github.com/GreenCharge/PMC.gridmix
ALL;20220102T120217;20190102T024500;20190102T030000;10.459433040078;0.097751710654936;0;3.8514173998045;2.8934506353861;0;0;0;0;0;3.128054740958;0;11.63734115347;0.048875855327468;0;0;13.387096774194;54.086021505376;github.com/GreenCharge/PMC.gridmix
ALL;20220102T120217;20190102T030000;20190102T031500;10.337328436111;0.0966557123526;0;3.8468973516335;2.938333655519;0;0;0;0;0;3.0736516528127;0;11.386042915136;0.0483278561763;0;0;13.2949932341;54.571815194278;github.com/GreenCharge/PMC.gridmix
ALL;20220102T120217;20190102T031500;20190102T033000;10.307885339253;0.096515780330084;0;3.8413280571373;2.8761702538365;0;0;0;0;0;3.0547244474472;0;11.466074703214;0.048257890165042;0;0;13.270919795387;54.632757455844;github.com/GreenCharge/PMC.gridmix
ALL;20220102T120217;20190102T033000;20190102T034500;10.325666795516;0.096637031310398;0;3.884808658678;2.8604561267878;0;0;0;0;0;3.0537301894086;0;11.71240819482;0.048318515655199;0;0;13.311751063007;54.300347893313;github.com/GreenCharge/PMC.gridmix
ALL;20220102T120217;20190102T034500;20190102T040000;10.303059550236;0.096515780330084;0;3.8992375253354;2.8568670977705;0;0;0;0;0;3.0450728694141;0;11.745970466171;0.048257890165042;0;0;13.352958208667;54.246694334524;github.com/GreenCharge/PMC.gridmix
ALL;20220102T120217;20190102T040000;20190102T041500;10.348007571713;0.097073241760909;0;3.5722952968014;2.9121972528273;0;0;0;0;0;3.0432461292045;0;11.72159394263;0.048536620880454;0;0;13.493180604766;54.356161724021;github.com/GreenCharge/PMC.gridmix
ALL;20220102T120217;20190102T041500;20190102T043000;10.315116898204;0.096810106975168;0;3.9304903431918;2.904303209255;0;0;0;0;0;3.0398373590203;0;11.791471029575;0.048405053487584;0;0;13.408199816061;54.058763734934;github.com/GreenCharge/PMC.gridmix
ALL;20220102T120217;20190102T043000;20190102T044500;10.275592451373;0.09652975529707;0;3.5522949949322;2.9924224142092;0;0;0;0;0;3.0165548530334;0;11.786283121772;0.048264877648535;0;0;13.407983010763;54.418649548723;github.com/GreenCharge/PMC.gridmix
ALL;20220102T120217;20190102T044500;20190102T050000;10.254052746189;0.09678199854827;0;3.9487055407694;2.9034599564481;0;0;0;0;0;3.0244374546334;0;11.773530123397;0.048390999274135;0;0;13.476893297847;54.067263488991;github.com/GreenCharge/PMC.gridmix
ALL;20220102T120217;20190102T050000;20190102T051500;10.049181878369;0.09458053532583;0;3.99129859075;2.9698288092311;0;0;0;0;0;2.9698288092311;0;11.557741416816;0.047290267662915;0;0;13.435165043034;54.506762508276;github.com/GreenCharge/PMC.gridmix
ALL;20220102T120217;20190102T051500;20190102T053000;9.9709493018461;0.093711929528629;0;4.104582513354;2.9800393590104;0;0;0;0;0;2.942554587199;0;11.460968981351;0.046855964764315;0;0;13.40549151907;54.619998125761;github.com/GreenCharge/PMC.gridmix
ALL;20220102T120217;20190102T053000;20190102T054500;9.8088878655307;0.092102233479162;0;4.0893391664748;2.9841123647248;0;0;0;0;0;2.9242459129634;0;11.439097398112;0.046051116739581;0;0;13.225880727608;55.021874280451;github.com/GreenCharge/PMC.gridmix
ALL;20220102T120217;20190102T054500;20190102T060000;9.6137261132041;0.09078117198493;0;4.1396214425128;2.9957786755027;0;0;0;0;0;2.8641459761246;0;11.801552358041;0.045390585992465;0;0;13.099723117425;54.986155871272;github.com/GreenCharge/PMC.gridmix
ALL;20220102T120217;20190102T060000;20190102T061500;9.4828354881855;0.10699955416852;0;4.5118145341061;3.6379848417298;0;0;0;0;0;2.857779759251;0;12.456531431119;0.044583147570218;0;0;13.129736959429;53.415069103879;github.com/GreenCharge/PMC.gridmix
ALL;20220102T120217;20190102T061500;20190102T063000;9.3401998327391;0.10563845239667;0;4.5600598617897;3.6093137902196;0;0;0;0;0;2.9182622474581;0;12.725031911616;0.044016021831947;0;0;13.028742462256;53.316607245037;github.com/GreenCharge/PMC.gridmix
ALL;20220102T120217;20190102T063000;20190102T064500;9.2494346842929;0.1043659766916;0;4.6268916333275;3.6354148547573;0;0;0;0;0.50878413637154;2.9092016002783;0;13.232736128022;0.043485823621499;0;0;12.793529309445;52.54826926422;github.com/GreenCharge/PMC.gridmix
ALL;20220102T120217;20190102T064500;20190102T070000;9.0878002906728;0.10259040779687;0;4.6165683508592;3.6761562793879;0;0;0;0;1.6970163289732;2.8383346157134;0;14.046336667522;0.042746003248696;0;0;12.832350175259;50.718132854578;github.com/GreenCharge/PMC.gridmix
ALL;20220102T120217;20190102T070000;20190102T071500;9.0542490873589;0.10187622039222;0;5.314542830461;3.803378894643;0;0;0;0;0.19101791323542;2.8015960607861;0;14.232956957297;0.042448425163426;0;0;14.585278886153;49.533067323202;github.com/GreenCharge/PMC.gridmix
ALL;20220102T120217;20190102T071500;20190102T073000;8.9957543402413;0.10088696456345;0;5.3301946277691;3.8505191475051;0;0;0;0;0.19336668207995;2.774391525495;0;14.510908403043;0.042036235234772;0;0;15.032157719955;48.833494472235;github.com/GreenCharge/PMC.gridmix
ALL;20220102T120217;20190102T073000;20190102T074500;9.0308740641036;0.10095061832254;0;5.4176831833095;3.9202490115252;0;0;0;0;0.1934886851182;2.7761420038698;0;14.650458484058;0.042062757634391;0;0;15.033229578531;48.498359552452;github.com/GreenCharge/PMC.gridmix
ALL;20220102T120217;20190102T074500;20190102T080000;9.1244122506036;0.10166476045241;0;5.472952937688;3.981869784386;0;0;0;0;0.19485745753378;2.7957809124412;0;14.686321853687;0.04236031685517;0;0;15.19464565595;48.066251535561;github.com/GreenCharge/PMC.gridmix
ALL;20220102T120217;20190102T080000;20190102T081500;9.1642602344148;0.10191948360795;0;5.7414642432478;4.025819602514;0;0;0;0;0.3397316120265;2.8240190249703;0;15.202989638186;0.042466451503312;0.021233225751656;0;14.982164090369;47.214200781383;github.com/GreenCharge/PMC.gridmix
ALL;20220102T120217;20190102T081500;20190102T083000;9.2787490871601;0.10309721207956;0;5.824992482495;4.2098028265819;0;0;0;0;0.71308905021693;2.8051033119979;0;15.430216074574;0.042957171699815;0.05584432320976;0;14.02551655999;47.166974526397;github.com/GreenCharge/PMC.gridmix
ALL;20220102T120217;20190102T083000;20190102T084500;9.2528514673843;0.10252466999872;0;5.8097312999274;4.3060361399462;0;0;0;0;1.1149557862361;2.7809816737152;0;15.395787944808;0.042718612499466;0.17087444999786;0;13.883549062326;46.798239993165;github.com/GreenCharge/PMC.gridmix
ALL;20220102T120217;20190102T084500;20190102T090000;9.1187478734263;0.10207553589656;0;5.7672677781558;4.5593739367132;0;0;0;0;1.4971078598163;2.7645457638653;0;15.732391970058;0.042531473290235;0.47635250085063;0;13.831235113984;45.768118407622;github.com/GreenCharge/PMC.gridmix
ALL;20220102T120217;20190102T090000;20190102T091500;9.1500781877351;0.084527281180001;0;6.3395460885001;4.73352774608;0;0;0;0;0.99742191792401;2.74713663835;0;15.929166138371;0.04226364059;1.073496470986;0;13.689193187101;44.875533578462;github.com/GreenCharge/PMC.gridmix
ALL;20220102T120217;20190102T091500;20190102T093000;9.2606804809414;0.085273300929479;0;6.3954975697109;4.8435234927944;0;0;0;0;1.0232796111537;2.7756459452545;0;16.21471817174;0.042636650464739;2.0252408970751;0;13.810011085529;43.182399590688;github.com/GreenCharge/PMC.gridmix
ALL;20220102T120217;20190102T093000;20190102T094500;9.2432685354545;0.085073801522821;0;6.3805351142116;4.8832362074099;0;0;0;0;0.68484410225871;2.7691522395678;0;16.147007529031;0.042536900761411;3.2370581479433;0;13.718150495555;42.468841720192;github.com/GreenCharge/PMC.gridmix
ALL;20220102T120217;20190102T094500;20190102T100000;8.9888578224763;0.083462003922714;0;6.3264198973417;4.9075658306556;0;0;0;0;0.68856153236239;2.7292075282728;0;15.849434544923;0.041731001961357;4.7865459249677;0;13.257939323123;42.006426574302;github.com/GreenCharge/PMC.gridmix
ALL;20220102T120217;20190102T100000;20190102T101500;8.8207796431039;0.081297508231373;0;6.097313117353;5.3493760416243;0;0;0;0;0.61379618714686;2.666558269989;0;15.414007560668;0.040648754115686;6.0485346124141;0;12.865330677615;41.677167594813;github.com/GreenCharge/PMC.gridmix
ALL;20220102T120217;20190102T101500;20190102T103000;8.7031400192246;0.080102531239987;0;5.991669336751;5.4790131368151;0;0;0;0;0.23229734059596;2.6433835309196;0;15.119352771548;0.040051265619994;7.3854533803268;0;12.568087151554;41.437039410445;github.com/GreenCharge/PMC.gridmix
ALL;20220102T120217;20190102T103000;20190102T104500;8.5748124753257;0.078957757599684;0;5.9060402684564;5.4796683774181;0;0;0;0;0.24476904855902;2.6056060007896;0;14.757204895381;0.039478878799842;8.760363205685;0;12.277931306751;40.959336754836;github.com/GreenCharge/PMC.gridmix
ALL;20220102T120217;20190102T104500;20190102T110000;8.496808802224;0.078311601863816;0;5.8577078194134;5.4818121304671;0;0;0;0;0.21927248521869;2.5881984415991;0;14.56595794667;0.039155800931908;9.7615411723247;0;11.872038842555;40.725948549278;github.com/GreenCharge/PMC.gridmix
ALL;20220102T120217;20190102T110000;20190102T111500;8.4257034338423;0.077513371056507;0;5.7980001550267;5.3019145802651;0;0;0;0;0.17828075342997;2.573443919076;0;14.301216959926;0.038756685528254;10.739477559879;0;11.390589876754;40.865049220991;github.com/GreenCharge/PMC.gridmix
ALL;20220102T120217;20190102T111500;20190102T113000;8.406703738029;0.077232004942848;0;5.7615075687365;5.4371331479765;0;0;0;0;0.2278344145814;2.5795489650911;0;14.25702811245;0.038616002471424;11.063484708063;0;10.982391102873;40.859592215014;github.com/GreenCharge/PMC.gridmix
ALL;20220102T120217;20190102T113000;20190102T114500;8.3499539736115;0.076710647437864;0;5.7226142988647;5.4617980975759;0;0;0;0;0.24163853942927;2.5544645596809;0;14.306535747162;0.038355323718932;11.552623504142;0;10.306075483277;41.082387235348;github.com/GreenCharge/PMC.gridmix
ALL;20220102T120217;20190102T114500;20190102T120000;8.3804904338453;0.076991184509374;0;5.7435423643993;5.4663741001655;0;0;0;0;0.25407090888093;2.5715055626131;0;14.185625745852;0.038495592254687;11.937483158178;0;9.6970396889556;41.340416522308;github.com/GreenCharge/PMC.gridmix
ALL;20220102T120217;20190102T120000;20190102T121500;8.2953336373309;0.075999392004864;0;5.6847545219638;5.7303541571667;0;0;0;0;0.28879768961848;2.5953792369661;0;14.196686426509;0.037999696002432;11.920504635963;0;9.1389268885849;41.731266149871;github.com/GreenCharge/PMC.gridmix
ALL;20220102T120217;20190102T121500;20190102T123000;8.3559704633278;0.076519876037801;0;5.7236867276275;5.7695986532502;0;0;0;0;0.23338562191529;2.6208057542947;0;14.401040670314;0.0382599380189;11.807016872633;0;8.9489995026208;41.718636415809;github.com/GreenCharge/PMC.gridmix
ALL;20220102T120217;20190102T123000;20190102T124500;8.4235257866965;0.077032700381312;0;5.7620459885221;5.7928590686747;0;0;0;0;0.26576281631553;2.6460732580981;0;14.42822478142;0.038516350190656;11.593421407387;0;9.1977044255286;41.46670261526;github.com/GreenCharge/PMC.gridmix
ALL;20220102T120217;20190102T124500;20190102T130000;8.456806839723;0.077372432202406;0;5.7719834422995;5.818406901621;0;0;0;0;0.27080351270842;2.6538744245425;0;14.337111687106;0.038686216101203;11.520755154938;0;9.1995821888661;41.545127471082;github.com/GreenCharge/PMC.gridmix
ALL;20220102T120217;20190102T130000;20190102T131500;8.5670636164212;0.078345346286431;0;5.7975556251959;5.6878721403949;0;0;0;0;0.27029144468819;2.6754935756816;0;14.317612033845;0.039172673143215;11.172046380445;0;8.9039486054528;42.1772171733;github.com/GreenCharge/PMC.gridmix
ALL;20220102T120217;20190102T131500;20190102T133000;8.6210974456008;0.078839482812993;0;5.8341217281615;5.7079785556607;0;0;0;0;0.27593818984547;2.6647745190792;0;14.336959949543;0.039419741406496;10.950804162725;0;8.6486912645853;42.526017029328;github.com/GreenCharge/PMC.gridmix
ALL;20220102T120217;20190102T133000;20190102T134500;8.6765055939062;0.079346187415695;0;5.8716178687614;5.7446639688963;0;0;0;0;0.28961358406729;2.6580972784258;0;14.46084265651;0.039673093707847;10.588748710624;0;8.4741728159962;42.799333492026;github.com/GreenCharge/PMC.gridmix
ALL;20220102T120217;20190102T134500;20190102T140000;8.8632297934624;0.081314034802407;0;6.0172385753781;5.8383476988128;0;0;0;0;0.024394210440722;2.736217271101;0;14.86827126362;0.040657017401203;9.8024068954302;0;8.2818344446251;43.120832655716;github.com/GreenCharge/PMC.gridmix
