LOC;Time;Start;End;Biomass;Lignite;Coal;Gas;HardCoal;Oil;Shale;Peat;Geothermal;HydroPumped;Hydro;Marine;Nuclear;OtherRES;Solar;Waste;WindOffShore;WindOnShore;SwID
ALL;20220102T120221;20201201T000000;20201201T001500;10.496568429552;0.10092854259184;0;16.471538150989;4.5821558336698;0;0;0;0;0;3.6737989503432;0;19.035123132822;0.060557125555107;0;0;14.069438837303;31.166733952362;github.com/GreenCharge/PMC.gridmix
ALL;20220102T120221;20201201T001500;20201201T003000;10.628711857465;0.10239606799099;0;16.81343436412;4.3825517100143;0;0;0;0;0;3.727216874872;0;19.680524267868;0.061437640794593;0;0;13.966823673971;30.288756911735;github.com/GreenCharge/PMC.gridmix
ALL;20220102T120221;20201201T003000;20201201T004500;10.921357790428;0.10541851149062;0;16.382036685642;4.2799915665191;0;0;0;0;0;3.8372338182585;0;20.387940122285;0.063251106894371;0;0;13.725490196078;29.938857263335;github.com/GreenCharge/PMC.gridmix
ALL;20220102T120221;20201201T004500;20201201T010000;11.089619600258;0.10745755426606;0;16.698903932946;4.3842682140554;0;0;0;0;0;3.9114549752848;0;21.061680636149;0.064474532559639;0;0;13.217279174726;29.09950569525;github.com/GreenCharge/PMC.gridmix
ALL;20220102T120221;20201201T010000;20201201T011500;11.268835990391;0.10919414719371;0;17.427385892116;4.6298318410133;0;0;0;0;0;3.9746669578511;0;21.88250709762;0.065516488316226;0;0;12.033195020747;28.237606464294;github.com/GreenCharge/PMC.gridmix
ALL;20220102T120221;20201201T011500;20201201T013000;11.459724076547;0.11125945705385;0;17.512238540276;4.8731642189586;0;0;0;0;0.35603026257232;4.0498442367601;0;22.652425456164;0.06675567423231;0;0;10.947930574099;27.592345349355;github.com/GreenCharge/PMC.gridmix
ALL;20220102T120221;20201201T013000;20201201T014500;11.573033707865;0.1123595505618;0;17.752808988764;4.9662921348315;0;0;0;0;0.40449438202247;4.0898876404494;0;23.101123595506;0.067415730337079;0;0;10.719101123596;26.831460674157;github.com/GreenCharge/PMC.gridmix
ALL;20220102T120221;20201201T014500;20201201T020000;11.574909747292;0.11281588447653;0;17.441335740072;5.0090252707581;0;0;0;0;0.20306859205776;4.1064981949458;0;23.352888086643;0.067689530685921;0;0;11.665162454874;26.083032490975;github.com/GreenCharge/PMC.gridmix
ALL;20220102T120221;20201201T020000;20201201T021500;11.517736865739;0.11225864391558;0;17.310282891783;5.208801077683;0;0;0;0;0.40413111809609;4.0862146385272;0;23.394701392007;0.067355186349349;0;0;12.640323304894;24.876515491693;github.com/GreenCharge/PMC.gridmix
ALL;20220102T120221;20201201T021500;20201201T023000;11.484217595702;0.11193194537721;0;17.506156256996;5.2608014327289;0;0;0;0;0.26863666890531;4.0743228117305;0;23.349003805686;0.067159167226326;0;0;13.633310946944;23.863890754421;github.com/GreenCharge/PMC.gridmix
ALL;20220102T120221;20201201T023000;20201201T024500;11.431123018531;0.11163206072784;0;17.459254297834;5.4253181513731;0;0;0;0;0;4.085733422639;0;23.308774279973;0.066979236436705;0;0;14.869390488948;22.862246037062;github.com/GreenCharge/PMC.gridmix
ALL;20220102T120221;20201201T024500;20201201T030000;11.597821152973;0.11348161597821;0;17.748524738992;5.4698138901498;0;0;0;0;0;4.1534271448025;0;23.672265093055;0.068088969586927;0;0;14.525646845211;22.265093054925;github.com/GreenCharge/PMC.gridmix
ALL;20220102T120221;20201201T030000;20201201T031500;11.650706794346;0.1139990880073;0;17.989056087551;5.4719562243502;0;0;0;0;0;4.1495668034656;0;23.825809393525;0.068399452804378;0;0;14.728682170543;21.614227086183;github.com/GreenCharge/PMC.gridmix
ALL;20220102T120221;20201201T031500;20201201T033000;11.645396536007;0.11394712853236;0;18.140382862352;5.5150410209663;0;0;0;0;0;4.1248860528715;0;23.769371011851;0.068368277119417;0;0;15.63354603464;20.601640838651;github.com/GreenCharge/PMC.gridmix
ALL;20220102T120221;20201201T033000;20201201T034500;11.601455868972;0.11373976342129;0;18.198362147407;5.4822565969063;0;0;0;0;0;4.0718835304823;0;23.748862602366;0.068243858052775;0;0;16.87898089172;19.449499545041;github.com/GreenCharge/PMC.gridmix
ALL;20220102T120221;20201201T034500;20201201T040000;11.562925942753;0.11358473421172;0;18.173557473876;5.7246706042708;0;0;0;0;0;4.0663334847796;0;23.693775556565;0.068150840527033;0;0;17.355747387551;18.855065879146;github.com/GreenCharge/PMC.gridmix
ALL;20220102T120221;20201201T040000;20201201T041500;11.306476741598;0.11128421989762;0;18.072557311373;6.4099710661028;0;0;0;0;0;3.9617182283552;0;23.258401958602;0.066770531938571;0;0;18.6957489428;17.73870465168;github.com/GreenCharge/PMC.gridmix
ALL;20220102T120221;20201201T041500;20201201T043000;11.196656401232;0.10998680158381;0;17.971843378795;6.5992080950286;0;0;0;0;0;3.9155301363836;0;22.943246810383;0.065992080950286;0;0;19.885613726353;16.937967443907;github.com/GreenCharge/PMC.gridmix
ALL;20220102T120221;20201201T043000;20201201T044500;11.137803013758;0.10919414719371;0;18.104389604717;6.8792312732038;0;0;0;0;0;3.8873116400961;0;22.799737934047;0.065516488316226;0;0;20.768726796244;15.876829001965;github.com/GreenCharge/PMC.gridmix
ALL;20220102T120221;20201201T044500;20201201T050000;11.176987263944;0.10979358805446;0;18.335529205094;7.2683355292051;0;0;0;0;0;3.9086517347387;0;22.90294246816;0.065876152832675;0;0;20.860781730347;14.997804128239;github.com/GreenCharge/PMC.gridmix
ALL;20220102T120221;20201201T050000;20201201T051500;11.086956521739;0.10869565217391;0;18.630434782609;8;0;0;0;0;0;3.8695652173913;0;22.695652173913;0.065217391304348;0;0;21.086956521739;14.086956521739;github.com/GreenCharge/PMC.gridmix
ALL;20220102T120221;20201201T051500;20201201T053000;10.883919062833;0.10649627263046;0;18.615548455804;8.8178913738019;0;0;0;0;0;3.7699680511182;0;22.215122470714;0.063897763578275;0;0;22.023429179979;13.141640042599;github.com/GreenCharge/PMC.gridmix
ALL;20220102T120221;20201201T053000;20201201T054500;10.744322960471;0.10513036164844;0;18.481917577796;9.0832632464256;0;0;0;0;0;3.7216148023549;0;21.888141295206;0.063078216989066;0;0;23.086627417998;12.468460891505;github.com/GreenCharge/PMC.gridmix
ALL;20220102T120221;20201201T054500;20201201T060000;10.578512396694;0.10330578512397;0;17.97520661157;10.929752066116;0;0;0;0;0;3.6570247933884;0;21.570247933884;0.06198347107438;0;0;23.01652892562;11.756198347107;github.com/GreenCharge/PMC.gridmix
ALL;20220102T120221;20201201T060000;20201201T061500;10.372771474878;0.10129659643436;0;17.220421393841;12.884927066451;0;0;0;0;0;3.5858995137763;0;21.130470016207;0.060777957860616;0;0;23.196920583468;11.102106969206;github.com/GreenCharge/PMC.gridmix
ALL;20220102T120221;20201201T061500;20201201T063000;10.062769713613;0.098077677520596;0;17.497057669674;14.731267163594;0;0;0;0;0;3.4719497842291;0;20.517850137309;0.058846606512358;0;0;22.754021184778;10.4746959592;github.com/GreenCharge/PMC.gridmix
ALL;20220102T120221;20201201T063000;20201201T064500;9.9092138304037;0.096581031485416;0;18.524241838903;16.071083639173;0;0;0;0;0;3.4189685145837;0;20.185435580452;0.05794861889125;0;0;21.672783465327;9.73536797373;github.com/GreenCharge/PMC.gridmix
ALL;20220102T120221;20201201T064500;20201201T070000;9.7366925554082;0.094714908126539;0;18.564121992802;17.029740481152;0;0;0;0;0;3.3529077476795;0;19.795415798447;0.056828944875923;0;0;21.898086758856;9.1494601250237;github.com/GreenCharge/PMC.gridmix
ALL;20220102T120221;20201201T070000;20201201T071500;9.697425295997;0.093967299379816;0;19.169329073482;17.816199962413;0;0;0;0;0;3.3264423980455;0;19.639165570382;0.056380379627889;0;0;21.123848900583;8.7577523021988;github.com/GreenCharge/PMC.gridmix
ALL;20220102T120221;20201201T071500;20201201T073000;9.642389065718;0.093615427822505;0;19.771578356113;18.797977906759;0;0;0;0;0;3.2952630593522;0;19.565624414904;0.056169256693503;0;0;20.202209324097;8.256880733945;github.com/GreenCharge/PMC.gridmix
ALL;20220102T120221;20201201T073000;20201201T074500;9.5441067457376;0.092661230541142;0;20.051890289103;18.754633061527;0;0;0;0;0.31504818383988;3.24314306894;0;19.366197183099;0.055596738324685;0.055596738324685;0;20.404002965159;7.8020756115641;github.com/GreenCharge/PMC.gridmix
ALL;20220102T120221;20201201T074500;20201201T080000;9.4478077416988;0.091726288754357;0;19.886259401945;18.290221977619;0;0;0;0;1.5960374243258;3.2104201064025;0;19.15244909191;0.055035773252614;0.27517886626307;0;20.21647404146;7.4665199046047;github.com/GreenCharge/PMC.gridmix
ALL;20220102T120221;20201201T080000;20201201T081500;9.5378927911275;0.11090573012939;0;19.981515711645;18.521256931608;0;0;0;0;0.44362292051756;3.2532347504621;0;19.316081330869;0.055452865064695;0.59149722735675;0;20.554528650647;7.3197781885397;github.com/GreenCharge/PMC.gridmix
ALL;20220102T120221;20201201T081500;20201201T083000;9.5396561286744;0.11092623405435;0;19.948234424108;18.413754853023;0;0;0;0;0.57311887594749;3.2538361989277;0;19.338140136809;0.055463117027177;0.46219264189314;0;20.706230356813;7.2841560362359;github.com/GreenCharge/PMC.gridmix
ALL;20220102T120221;20201201T083000;20201201T084500;9.4222708219428;0.10934937124112;0;19.810461089849;17.295425551303;0;0;0;0;1.8771642063058;3.1893566611992;0;19.063240386368;0.054674685620558;0.36449790413705;0;21.687625296155;6.8161108073629;github.com/GreenCharge/PMC.gridmix
ALL;20220102T120221;20201201T084500;20201201T090000;9.4287806664226;0.10984987184182;0;19.919443427316;17.136580007323;0;0;0;0;1.7942145734163;3.2039545953863;0;19.13218601245;0.054924935920908;0.53094104723544;0;22.043207616258;6.3346759428781;github.com/GreenCharge/PMC.gridmix
ALL;20220102T120221;20201201T090000;20201201T091500;9.5168105823994;0.11023332720926;0;19.750137791659;17.178026823443;0;0;0;0;0.90023883887562;3.2151387102701;0;19.198971155613;0.05511666360463;0.75326106926327;0;22.983648723131;6.0260885541062;github.com/GreenCharge/PMC.gridmix
ALL;20220102T120221;20201201T091500;20201201T093000;9.5334685598377;0.11063986723216;0;19.822976212429;17.259819288217;0;0;0;0;1.1985985616817;3.2454361054767;0;19.28821685414;0.05531993361608;1.0141987829615;0;22.515212981744;5.6426332288401;github.com/GreenCharge/PMC.gridmix
ALL;20220102T120221;20201201T093000;20201201T094500;9.501100513573;0.11005135730007;0;19.717534849596;17.094644167278;0;0;0;0;2.3661041819516;3.2098312545855;0;19.203961848863;0.055025678650037;1.2472487160675;0;21.826852531181;5.3558327219369;github.com/GreenCharge/PMC.gridmix
ALL;20220102T120221;20201201T094500;20201201T100000;9.7009345794393;0.11214953271028;0;20.07476635514;17.345794392523;0;0;0;0;2.2056074766355;3.3084112149533;0;19.570093457944;0.05607476635514;1.4766355140187;0;20.672897196262;5.1588785046729;github.com/GreenCharge/PMC.gridmix
ALL;20220102T120221;20201201T100000;20201201T101500;9.7501408979899;0.11271839188428;0;20.176592147285;17.452564343415;0;0;0;0;2.5173774187488;3.3251925605861;0;19.669359383806;0.056359195942138;1.7095622769115;0;19.988728160812;4.9220364456134;github.com/GreenCharge/PMC.gridmix
ALL;20220102T120221;20201201T101500;20201201T103000;9.6618357487923;0.11148272017837;0;19.936826458566;17.279821627648;0;0;0;0;3.6975102192493;3.288740245262;0;19.453734671126;0.055741360089186;1.9323671497585;0;19.472315124489;4.79375696767;github.com/GreenCharge/PMC.gridmix
ALL;20220102T120221;20201201T103000;20201201T104500;9.8671726755218;0.11385199240987;0;19.924098671727;17.760910815939;0;0;0;0;2.7324478178368;3.3586337760911;0;19.848197343454;0.056925996204934;2.2390891840607;0;19.032258064516;4.7438330170778;github.com/GreenCharge/PMC.gridmix
ALL;20220102T120221;20201201T104500;20201201T110000;10.202079654699;0.11771630370806;0;19.992152246419;18.324504610555;0;0;0;0;1.1379242691779;3.4726309593879;0;20.541494997057;0.058858151854032;2.4720423778693;0;18.716892289582;4.6301746125172;github.com/GreenCharge/PMC.gridmix
ALL;20220102T120221;20201201T110000;20201201T111500;10.369487485101;0.119189511323;0;19.725864123957;18.772348033373;0;0;0;0;0.67540723083035;3.5160905840286;0;20.798569725864;0.059594755661502;2.6420341676599;0;18.355184743743;4.6285260230433;github.com/GreenCharge/PMC.gridmix
ALL;20220102T120221;20201201T111500;20201201T113000;10.45045045045;0.12012012012012;0;19.83983983984;19.239239239239;0;0;0;0;0.62062062062062;3.5035035035035;0;20.960960960961;0.06006006006006;2.8428428428428;0;17.477477477477;4.5445445445445;github.com/GreenCharge/PMC.gridmix
ALL;20220102T120221;20201201T113000;20201201T114500;10.392195898865;0.11945052757316;0;19.788970734621;19.709337049572;0;0;0;0;1.5727652797133;3.4839737208839;0;20.824208640255;0.059725263786582;2.9663547680669;0;16.185546486164;4.5590284690424;github.com/GreenCharge/PMC.gridmix
ALL;20220102T120221;20201201T114500;20201201T120000;10.090856369611;0.11598685482312;0;19.505122752755;19.466460467814;0;0;0;0;3.8082350666924;3.4022810748115;0;20.220375024164;0.05799342741156;2.9769959404601;0;15.387589406534;4.6394741929248;github.com/GreenCharge/PMC.gridmix
ALL;20220102T120221;20201201T120000;20201201T121500;10.323726806159;0.11843663639953;0;19.91709435452;20.509277536518;0;0;0;0;1.993683379392;3.4544018949862;0;20.647453612317;0.059218318199763;3.1977891827872;0;14.626924595341;4.8164232135807;github.com/GreenCharge/PMC.gridmix
ALL;20220102T120221;20201201T121500;20201201T123000;10.293249360362;0.11808699074985;0;19.8582956111;20.802991537099;0;0;0;0;2.5191891359969;3.5032473922456;0;20.586498720724;0.059043495374926;3.3654792363708;0;13.442235780358;5.1171029324936;github.com/GreenCharge/PMC.gridmix
ALL;20220102T120221;20201201T123000;20201201T124500;10.323089046493;0.11820330969267;0;19.877856579984;21.296296296296;0;0;0;0;2.5019700551615;3.5066981875493;0;20.606776989756;0.059101654846336;3.4475965327029;0;12.6280535855;5.2994483845548;github.com/GreenCharge/PMC.gridmix
ALL;20220102T120221;20201201T124500;20201201T130000;10.331230283912;0.11829652996845;0;19.8738170347;21.786277602524;0;0;0;0;2.346214511041;3.5291798107256;0;20.623028391167;0.059148264984227;3.4108832807571;0;12.263406940063;5.3233438485804;github.com/GreenCharge/PMC.gridmix
ALL;20220102T120221;20201201T130000;20201201T131500;10.609435108322;0.12148208139299;0;19.720591212796;22.899372342579;0;0;0;0;0.52642235270298;3.6242154282243;0;21.178376189512;0.060741040696497;3.3812512654383;0;11.884996962948;5.6489167847742;github.com/GreenCharge/PMC.gridmix
ALL;20220102T120221;20201201T131500;20201201T133000;10.676446617767;0.12224938875306;0;19.661776691117;23.390383048085;0;0;0;0;0.40749796251019;3.6674816625917;0;21.312143439283;0.061124694376528;3.1377343113284;0;11.226568867156;5.9902200488998;github.com/GreenCharge/PMC.gridmix
ALL;20220102T120221;20201201T133000;20201201T134500;10.760401721664;0.12297601967616;0;19.368723098996;23.734371797499;0;0;0;0;0.45091207214593;3.6892805902849;0;21.438819430211;0.061488009838082;2.8694404591105;0;10.801393728223;6.3537610166018;github.com/GreenCharge/PMC.gridmix
ALL;20220102T120221;20201201T134500;20201201T140000;10.783107831078;0.1230012300123;0;19.290692906929;23.862238622386;0;0;0;0;0.3690036900369;3.7105371053711;0;21.443214432144;0.06150061500615;2.5010250102501;0;10.742107421074;6.7650676506765;github.com/GreenCharge/PMC.gridmix
ALL;20220102T120221;20201201T140000;20201201T141500;10.82304526749;0.12345679012346;0;19.341563786008;24.012345679012;0;0;0;0;0.41152263374486;3.7242798353909;0;21.522633744856;0.061728395061728;2.1810699588477;0;10.473251028807;6.9753086419753;github.com/GreenCharge/PMC.gridmix
ALL;20220102T120221;20201201T141500;20201201T143000;10.81469320747;0.12312743689719;0;19.331007592859;23.92776523702;0;0;0;0;0.43094602914016;3.7348655858814;0;21.465216499077;0.061563718448594;1.8674327929407;0;10.81469320747;7.0798276215883;github.com/GreenCharge/PMC.gridmix
ALL;20220102T120221;20201201T143000;20201201T144500;10.815239655879;0.12290045063499;0;19.500204834084;23.945104465383;0;0;0;0;0.40966816878329;3.7894305612454;0;21.425645227366;0.061450225317493;1.5362556329373;0;10.999590331831;7.0462925030725;github.com/GreenCharge/PMC.gridmix
ALL;20220102T120221;20201201T144500;20201201T150000;10.902333264505;0.12389015073302;0;19.69853396655;24.137931034483;0;0;0;0;0.45426388602106;3.819946314268;0;21.577534586;0.061945075366508;1.2182531488747;0;10.510014453851;7.144332025604;github.com/GreenCharge/PMC.gridmix
ALL;20220102T120221;20201201T150000;20201201T151500;10.704908099374;0.12118763886084;0;19.592001615835;23.651787517673;0;0;0;0;2.2419713189255;3.7366188648758;0;21.106847101596;0.060593819430418;0.90890729145627;0;10.401939002222;7.1298727529792;github.com/GreenCharge/PMC.gridmix
ALL;20220102T120221;20201201T151500;20201201T153000;10.62124248497;0.12024048096192;0;20.220440881764;23.486973947896;0;0;0;0;2.2845691382766;3.74749498998;0;20.941883767535;0.060120240480962;0.62124248496994;0;10.501002004008;7.0541082164329;github.com/GreenCharge/PMC.gridmix
ALL;20220102T120221;20201201T153000;20201201T154500;10.823481451284;0.12229922543824;0;21.381981247452;23.807582551977;0;0;0;0;0.50958010599266;3.8116591928251;0;21.280065226254;0.061149612719119;0.36689767631472;0;10.497350183449;6.9914390542193;github.com/GreenCharge/PMC.gridmix
ALL;20220102T120221;20201201T154500;20201201T160000;10.717896865521;0.12133468149646;0;21.415571284125;23.538928210313;0;0;0;0;2.2851365015167;3.7815975733064;0;21.112234580384;0.060667340748231;0.16177957532861;0;9.6258847320526;6.835187057634;github.com/GreenCharge/PMC.gridmix
ALL;20220102T120221;20201201T160000;20201201T161500;10.687022900763;0.12053033346726;0;21.313780634793;23.42306147047;0;0;0;0;3.5757332261953;3.7565287263961;0;20.972278023303;0.060265166733628;0.060265166733628;0;9.1402169546002;6.5488147850542;github.com/GreenCharge/PMC.gridmix
ALL;20220102T120221;20201201T161500;20201201T163000;10.614525139665;0.11971268954509;0;21.408619313647;23.304070231445;0;0;0;0;4.2697525937749;3.731045490822;0;20.810055865922;0.059856344772546;0;0;9.098164405427;6.245011971269;github.com/GreenCharge/PMC.gridmix
ALL;20220102T120221;20201201T163000;20201201T164500;10.54927622447;0.11897679952409;0;21.69343644656;23.160816974023;0;0;0;0;4.3029942494547;3.6882807852469;0;20.701963117192;0.059488399762046;0;0;9.2603608962919;6.1273051754908;github.com/GreenCharge/PMC.gridmix
ALL;20220102T120221;20201201T164500;20201201T170000;10.521101644541;0.11888250445809;0;21.735684565088;23.122647117099;0;0;0;0;4.4977214186646;3.6655438874579;0;20.725183277194;0.059441252229047;0;0;9.0945115910442;5.9044977214187;github.com/GreenCharge/PMC.gridmix
ALL;20220102T120221;20201201T170000;20201201T171500;10.306082913599;0.11623401782255;0;21.619527314994;22.723750484308;0;0;0;0;5.3855094924448;3.6613715614103;0;20.244091437427;0.058117008911275;0;0;9.2599767531964;5.5404881828749;github.com/GreenCharge/PMC.gridmix
ALL;20220102T120221;20201201T171500;20201201T173000;10.453920220083;0.11790135586559;0;21.929652191;23.030064845746;0;0;0;0;4.4016506189821;3.7924936136766;0;20.534486146591;0.058950677932796;0;0;9.058754175673;5.5217134997052;github.com/GreenCharge/PMC.gridmix
ALL;20220102T120221;20201201T173000;20201201T174500;10.583796664019;0.11914217633042;0;22.160444797458;23.312152501986;0;0;0;0;4.1501191421763;3.8721207307387;0;20.730738681493;0.05957108816521;0;0;8.4789515488483;5.4209690230342;github.com/GreenCharge/PMC.gridmix
ALL;20220102T120221;20201201T174500;20201201T180000;10.633619828103;0.1199280431741;0;22.306616030382;23.42594443334;0;0;0;0;4.0975414751149;4.0375774535279;0;20.867479512293;0.059964021587048;0;0;8.0551668998601;5.2768338996602;github.com/GreenCharge/PMC.gridmix
ALL;20220102T120221;20201201T180000;20201201T181500;10.743134087237;0.12116316639742;0;22.556542810985;23.647011308562;0;0;0;0;3.513731825525;4.1599353796446;0;21.062197092084;0.060581583198708;0;0;7.8554119547658;5.3513731825525;github.com/GreenCharge/PMC.gridmix
ALL;20220102T120221;20201201T181500;20201201T183000;10.935251798561;0.12332990750257;0;22.959917780062;24.049331963001;0;0;0;0;2.1993833504625;4.2959917780062;0;21.438848920863;0.061664953751285;0;0;7.6053442959918;5.4470709146968;github.com/GreenCharge/PMC.gridmix
ALL;20220102T120221;20201201T183000;20201201T184500;10.88379705401;0.1227495908347;0;22.790507364975;23.997545008183;0;0;0;0;3.3551554828151;4.2144026186579;0;21.358428805237;0.061374795417349;0;0;7.3649754500818;5.4009819967267;github.com/GreenCharge/PMC.gridmix
ALL;20220102T120221;20201201T184500;20201201T190000;10.876689881196;0.12290045063499;0;22.470299057763;24.047521507579;0;0;0;0;4.0352314625154;4.2195821384678;0;21.384678410488;0.061450225317493;0;0;7.10774272839;5.3256861941827;github.com/GreenCharge/PMC.gridmix
ALL;20220102T120221;20201201T190000;20201201T191500;10.874025441116;0.12310217480509;0;22.322527697989;23.963890028724;0;0;0;0;4.5137464095199;4.2675420599097;0;21.419778416085;0.061551087402544;0;0;6.9347558473533;5.1702913418137;github.com/GreenCharge/PMC.gridmix
ALL;20220102T120221;20201201T191500;20201201T193000;10.91658084449;0.12358393408857;0;22.409886714727;24.037075180227;0;0;0;0;4.0988671472709;4.2636457260556;0;21.503604531411;0.061791967044284;0;0;7.1060762100927;5.1287332646756;github.com/GreenCharge/PMC.gridmix
ALL;20220102T120221;20201201T193000;20201201T194500;11.046390680258;0.12481797378823;0;22.321614312461;24.214686914916;0;0;0;0;2.9540253796547;4.3062200956938;0;21.718327439151;0.062408986894113;0;0;7.7179113792386;5.1799459122114;github.com/GreenCharge/PMC.gridmix
ALL;20220102T120221;20201201T194500;20201201T200000;11.259825791375;0.12746972594009;0;22.115997450605;24.644147015084;0;0;0;0;1.9120458891013;4.1640110473762;0;22.179732313576;0.063734862970045;0;0;7.9031230082855;5.2687486721904;github.com/GreenCharge/PMC.gridmix
ALL;20220102T120221;20201201T200000;20201201T201500;11.492504888116;0.1303497718879;0;21.507712361503;25.266130784271;0;0;0;0;1.1514229850098;4.3449923962633;0;22.659135346513;0.06517488594395;0;0;7.7123615033674;5.3008907234412;github.com/GreenCharge/PMC.gridmix
ALL;20220102T120221;20201201T201500;20201201T203000;11.673667919522;0.1326553172673;0;21.445942958214;25.713022330312;0;0;0;0;0.28741985407915;4.3997346893655;0;23.08202520451;0.06632765863365;0;0;7.4286977669688;5.3946495688702;github.com/GreenCharge/PMC.gridmix
ALL;20220102T120221;20201201T203000;20201201T204500;11.647915287889;0.13236267372601;0;20.979483785572;25.435693801015;0;0;0;0;1.0809618354291;4.4562100154423;0;23.031105228326;0.066181336863005;0;0;7.4564306198985;5.3386278402824;github.com/GreenCharge/PMC.gridmix
ALL;20220102T120221;20201201T204500;20201201T210000;11.714922048998;0.13363028953229;0;20.334075723831;25.790645879733;0;0;0;0;0.93541202672606;4.3652561247216;0;23.251670378619;0.066815144766147;0;0;7.7505567928731;5.2783964365256;github.com/GreenCharge/PMC.gridmix
ALL;20220102T120221;20201201T210000;20201201T211500;11.812261396811;0.11228385358185;0;20.368291039748;25.960026948125;0;0;0;0;0.49404895576016;4.6485515382888;0;23.444868627891;0.067370312149113;0;0;7.747585897148;4.962946328318;github.com/GreenCharge/PMC.gridmix
ALL;20220102T120221;20201201T211500;20201201T213000;11.838847625478;0.11253657438668;0;20.414134593743;26.018455998199;0;0;0;0;0.69772676119739;4.5239702903444;0;23.475129417061;0.067521944632005;0;0;7.6975016880486;4.771550753995;github.com/GreenCharge/PMC.gridmix
ALL;20220102T120221;20201201T213000;20201201T214500;11.865942028986;0.11322463768116;0;20.538949275362;26.086956521739;0;0;0;0;0.52083333333333;4.5516304347826;0;23.641304347826;0.067934782608696;0;0;7.4728260869565;4.7554347826087;github.com/GreenCharge/PMC.gridmix
ALL;20220102T120221;20201201T214500;20201201T220000;12.009184845006;0.11481056257176;0;20.803673938002;25.85533869116;0;0;0;0;0.27554535017222;4.5694603903559;0;23.949483352468;0.068886337543054;0;0;7.3249138920781;4.638346727899;github.com/GreenCharge/PMC.gridmix
ALL;20220102T120221;20201201T220000;20201201T221500;11.988103408831;0.11439029970259;0;20.704644246168;25.875085792725;0;0;0;0;0.64058567833448;4.6671242278655;0;23.861816517959;0.068634179821551;0;0;7.3667353008465;4.3239533287577;github.com/GreenCharge/PMC.gridmix
ALL;20220102T120221;20201201T221500;20201201T223000;12.021105758201;0.11470520761643;0;20.761642578573;25.946317962836;0;0;0;0;0.50470291351227;4.6570314292269;0;23.95044735031;0.068823124569855;0;0;7.5476026611608;4.0376233080982;github.com/GreenCharge/PMC.gridmix
ALL;20220102T120221;20201201T223000;20201201T224500;12.072155411656;0.11563367252544;0;20.929694727105;25.994449583719;0;0;0;0;0.34690101757632;4.6253469010176;0;24.144310823312;0.069380203515264;0;0;7.4005550416281;3.9084181313599;github.com/GreenCharge/PMC.gridmix
ALL;20220102T120221;20201201T224500;20201201T230000;12.188821042743;0.11742602160639;0;20.878346641616;25.73978393612;0;0;0;0;0.09394081728511;4.6970408642555;0;24.542038515735;0.070455612963833;0;0;7.3038985439173;3.9689995302959;github.com/GreenCharge/PMC.gridmix
ALL;20220102T120221;20201201T230000;20201201T231500;12.177381511028;0.11731581417175;0;21.093383388081;25.645236977945;0;0;0;0;0;4.8568747067105;0;24.495541999061;0.07038948850305;0;0;7.1093383388081;4.0356640075082;github.com/GreenCharge/PMC.gridmix
ALL;20220102T120221;20201201T231500;20201201T233000;12.125468164794;0.11704119850187;0;21.137640449438;25.397940074906;0;0;0;0;0;4.7050561797753;0;24.461610486891;0.070224719101124;0;0;7.2799625468165;4.3071161048689;github.com/GreenCharge/PMC.gridmix
ALL;20220102T120221;20201201T233000;20201201T234500;12.068160597572;0.11671335200747;0;21.101774042951;25.280112044818;0;0;0;0;0;4.6918767507003;0;24.393090569561;0.070028011204482;0;0;7.3295985060691;4.5518207282913;github.com/GreenCharge/PMC.gridmix
ALL;20220102T120221;20201201T234500;20201202T000000;12.085086489014;0.11687704534829;0;21.131369798971;25.292192613371;0;0;0;0;0;4.6984572230014;0;24.403927068724;0.070126227208976;0;0;7.0126227208976;4.79195885928;github.com/GreenCharge/PMC.gridmix
ALL;20220102T120221;20201202T000000;20201202T001500;12.176165803109;0.11775788977862;0;21.314178049929;25.223739990579;0;0;0;0;0;4.8045219029675;0;24.564295807819;0.070654733867169;0;0;6.4531323598681;4.8987282147904;github.com/GreenCharge/PMC.gridmix
ALL;20220102T120221;20201202T001500;20201202T003000;12.216446124764;0.11814744801512;0;21.40831758034;25.330812854442;0;0;0;0;0;4.820415879017;0;24.669187145558;0.070888468809074;0;0;6.1909262759924;4.796786389414;github.com/GreenCharge/PMC.gridmix
ALL;20220102T120221;20201202T003000;20201202T004500;12.297426120114;0.11916110581506;0;21.425166825548;25;0;0;0;0;0;4.8856053384175;0;24.857006673022;0.071496663489037;0;0;6.1248808388942;4.8379408960915;github.com/GreenCharge/PMC.gridmix
ALL;20220102T120221;20201202T004500;20201202T010000;12.31101511879;0.11999040076794;0;21.574274058075;25.125989920806;0;0;0;0;0;4.8716102711783;0;25.053995680346;0.071994240460763;0;0;5.5435565154788;4.9436045116391;github.com/GreenCharge/PMC.gridmix
ALL;20220102T120221;20201202T010000;20201202T011500;12.370388232457;0.12056908608633;0;21.557752592235;25.22305280926;0;0;0;0;0;5.1362430672776;0;25.150711357608;0.072341451651796;0;0;4.9674463467567;5.0156739811912;github.com/GreenCharge/PMC.gridmix
ALL;20220102T120221;20201202T011500;20201202T013000;12.533659730722;0.12239902080783;0;21.811505507956;24.577723378213;0;0;0;0;0;5.0183598531212;0;25.581395348837;0.0734394124847;0;0;4.6022031823745;5.2876376988984;github.com/GreenCharge/PMC.gridmix
ALL;20220102T120221;20201202T013000;20201202T014500;12.771807048238;0.12496875781055;0;22.194451387153;23.2191952012;0;0;0;0;0;5.1237190702324;0;26.093476630842;0.074981254686328;0;0;4.4988752811797;5.4986253436641;github.com/GreenCharge/PMC.gridmix
ALL;20220102T120221;20201202T014500;20201202T020000;12.944162436548;0.12690355329949;0;22.258883248731;22.208121827411;0;0;0;0;0;5.1269035532995;0;26.497461928934;0.076142131979695;0;0;4.746192893401;5.6091370558376;github.com/GreenCharge/PMC.gridmix
ALL;20220102T120221;20201202T020000;20201202T021500;13.060179257362;0.1280409731114;0;21.79257362356;21.818181818182;0;0;0;0;0;5.1472471190781;0;26.734955185659;0.076824583866837;0;0;4.9679897567222;5.8642765685019;github.com/GreenCharge/PMC.gridmix
ALL;20220102T120221;20201202T021500;20201202T023000;13.078108941418;0.12846865364851;0;21.865364850976;21.479958890031;0;0;0;0;0;5.1387461459404;0;26.849948612539;0.077081192189106;0;0;5.0616649537513;5.9095580678314;github.com/GreenCharge/PMC.gridmix
ALL;20220102T120221;20201202T023000;20201202T024500;13.186528497409;0.12953367875648;0;22.642487046632;20.518134715026;0;0;0;0;0;5.259067357513;0;27.020725388601;0.077720207253886;0;0;4.740932642487;6.0103626943005;github.com/GreenCharge/PMC.gridmix
ALL;20220102T120221;20201202T024500;20201202T030000;13.270637408568;0.13061650992685;0;23.328108672936;19.69696969697;0;0;0;0;0;5.3030303030303;0;27.246603970742;0.078369905956113;0;0;4.5193312434692;6.0083594566353;github.com/GreenCharge/PMC.gridmix
ALL;20220102T120221;20201202T030000;20201202T031500;13.467656415695;0.13255567338282;0;23.674443266172;18.955461293743;0;0;0;0;0;5.1431601272534;0;27.70413573701;0.079533404029692;0;0;4.559915164369;5.8589607635207;github.com/GreenCharge/PMC.gridmix
ALL;20220102T120221;20201202T031500;20201202T033000;13.588850174216;0.13401232913428;0;23.934601983382;18.868935942107;0;0;0;0;0;5.1996783704101;0;27.954971857411;0.080407397480568;0;0;4.1811846689895;5.6285178236398;github.com/GreenCharge/PMC.gridmix
ALL;20220102T120221;20201202T033000;20201202T034500;13.594841483074;0.13433637829124;0;23.992477162816;18.941429339065;0;0;0;0;0;5.2122514777002;0;28.049435787211;0.080601826974745;0;0;4.0300913487372;5.5346587855991;github.com/GreenCharge/PMC.gridmix
ALL;20220102T120221;20201202T034500;20201202T040000;13.611859838275;0.13477088948787;0;24.070080862534;18.948787061995;0;0;0;0;0;5.2830188679245;0;28.140161725067;0.080862533692722;0;0;3.9083557951482;5.3908355795148;github.com/GreenCharge/PMC.gridmix
ALL;20220102T120221;20201202T040000;20201202T041500;13.627794236466;0.13466199838406;0;24.266092108807;18.906544573121;0;0;0;0;0;5.3595475356854;0;28.144357662268;0.080797199030434;0;0;3.7166711553999;5.3326151360086;github.com/GreenCharge/PMC.gridmix
ALL;20220102T120221;20201202T041500;20201202T043000;13.398520084567;0.13213530655391;0;24.127906976744;20.084566596195;0;0;0;0;0;5.338266384778;0;27.642706131078;0.079281183932347;0;0;3.5940803382664;5.1797040169133;github.com/GreenCharge/PMC.gridmix
ALL;20220102T120221;20201202T043000;20201202T044500;13.174273858921;0.12966804979253;0;23.755186721992;21.70643153527;0;0;0;0;0;5.1089211618257;0;27.100622406639;0.077800829875519;0;0;3.5269709543568;5.0051867219917;github.com/GreenCharge/PMC.gridmix
ALL;20220102T120221;20201202T044500;20201202T050000;12.966751918159;0.12787723785166;0;23.452685421995;23.09462915601;0;0;0;0;0;4.9872122762148;0;26.700767263427;0.076726342710997;0;0;3.5294117647059;4.6547314578005;github.com/GreenCharge/PMC.gridmix
ALL;20220102T120221;20201202T050000;20201202T051500;12.834765032845;0.12632642748863;0;23.724103082365;23.572511369378;0;0;0;0;0;5.1035876705407;0;26.376958059626;0.075795856493178;0;0;3.3350176856998;4.4466902475998;github.com/GreenCharge/PMC.gridmix
ALL;20220102T120221;20201202T051500;20201202T053000;12.614622057001;0.12391573729864;0;23.940520446097;24.436183395291;0;0;0;0;0;5.0557620817844;0;25.873605947955;0.074349442379182;0;0;3.3209417596035;4.1635687732342;github.com/GreenCharge/PMC.gridmix
ALL;20220102T120221;20201202T053000;20201202T054500;12.35137102645;0.12132977432662;0;24.314486775055;24.775539917496;0;0;0;0;0.55811696190245;4.9017228827954;0;25.333656879398;0.072797864595972;0;0;3.3487017714147;3.8340208687212;github.com/GreenCharge/PMC.gridmix
ALL;20220102T120221;20201202T054500;20201202T060000;12.212092130518;0.11996161228407;0;24.736084452975;25.047984644914;0;0;0;0;0.8637236084453;4.8464491362764;0;25.047984644914;0.071976967370441;0;0;3.0470249520154;3.6228406909789;github.com/GreenCharge/PMC.gridmix
ALL;20220102T120221;20201202T060000;20201202T061500;12.303980699638;0.12062726176116;0;24.728588661037;26.05548854041;0;0;0;0;0.28950542822678;4.7044632086852;0;25.138721351025;0.072376357056695;0;0;2.7261761158022;3.4740651387214;github.com/GreenCharge/PMC.gridmix
ALL;20220102T120221;20201202T061500;20201202T063000;11.995305164319;0.11737089201878;0;25.328638497653;26.150234741784;0;0;0;0;0.77464788732394;4.6713615023474;0;24.507042253521;0.070422535211268;0;0;2.8169014084507;3.1924882629108;github.com/GreenCharge/PMC.gridmix
ALL;20220102T120221;20201202T063000;20201202T064500;11.806839186691;0.11552680221811;0;25.577634011091;26.571164510166;0;0;0;0;0.57763401109057;4.6210720887246;0;24.16820702403;0.069316081330869;0;0;3.0268022181146;3.0961182994455;github.com/GreenCharge/PMC.gridmix
ALL;20220102T120221;20201202T064500;20201202T070000;11.75120495754;0.11475786091347;0;25.476245122791;26.761533165022;0;0;0;0;0.4131282992885;4.6132660087216;0;24.007344503098;0.068854716548084;0;0;3.4197842552215;3.006655955933;github.com/GreenCharge/PMC.gridmix
ALL;20220102T120221;20201202T070000;20201202T071500;11.797235023041;0.11520737327189;0;25.253456221198;26.84331797235;0;0;0;0;0.39170506912442;4.6543778801843;0;24.055299539171;0.069124423963134;0;0;3.5253456221198;2.926267281106;github.com/GreenCharge/PMC.gridmix
ALL;20220102T120221;20201202T071500;20201202T073000;11.725562184488;0.11473152822396;0;25.585130793942;26.755392381827;0;0;0;0;0.50481872418541;4.612207434603;0;23.978889398807;0.068838916934374;0;0;3.4189995410739;2.8682882055989;github.com/GreenCharge/PMC.gridmix
ALL;20220102T120221;20201202T073000;20201202T074500;11.610997500568;0.1136105430584;0;25.426039536469;26.51670074983;0;0;0;0;1.136105430584;4.5671438309475;0;23.744603499205;0.068166325835037;0.045444217223358;0;3.5900931606453;2.8175414678482;github.com/GreenCharge/PMC.gridmix
ALL;20220102T120221;20201202T074500;20201202T080000;11.511601712097;0.11263798152737;0;25.208380265826;26.312232484794;0;0;0;0;1.2390177968011;4.5505744537058;0;23.518810542915;0.067582788916423;0.38296913719306;0;3.8522189682361;2.8835323271007;github.com/GreenCharge/PMC.gridmix
ALL;20220102T120221;20201202T080000;20201202T081500;11.464397671294;0.13434841021048;0;25.055978504254;26.130765785938;0;0;0;0;1.321092700403;4.5006717420511;0;23.33184057322;0.06717420510524;0.91804746977161;0;3.8737124944021;2.8437080161218;github.com/GreenCharge/PMC.gridmix
ALL;20220102T120221;20201202T081500;20201202T083000;11.449697512884;0.13443871835089;0;25.095227425499;26.125924266189;0;0;0;0;0.96347748151468;4.5036970647546;0;23.392336993054;0.067219359175443;0.78422585704683;0;3.8763163791172;2.980058256778;github.com/GreenCharge/PMC.gridmix
ALL;20220102T120221;20201202T083000;20201202T084500;11.368186874305;0.13348164627364;0;24.938820912125;25.962180200222;0;0;0;0;1.2903225806452;4.4716351501669;0;23.225806451613;0.066740823136819;0.80088987764182;0;3.9377085650723;3.0923248053393;github.com/GreenCharge/PMC.gridmix
ALL;20220102T120221;20201202T084500;20201202T090000;11.360604713206;0.13339261894175;0;24.899955535794;25.944864384171;0;0;0;0;0.73365940417964;4.4686527345487;0;23.210315695865;0.066696309470876;1.089373054691;0;4.290795909293;3.0902623388173;github.com/GreenCharge/PMC.gridmix
ALL;20220102T120221;20201202T090000;20201202T091500;11.213315812527;0.13140604467806;0;24.397722295226;25.536574682435;0;0;0;0;1.7739816031537;4.3583004818222;0;22.886552781428;0.065703022339028;1.533070521244;0;4.3802014892685;3.0223390275953;github.com/GreenCharge/PMC.gridmix
ALL;20220102T120221;20201202T091500;20201202T093000;11.067792939138;0.12995451591943;0;24.128221789041;25.276153346329;0;0;0;0;2.5124539744423;4.2884990253411;0;22.633744855967;0.064977257959714;2.0576131687243;0;4.2668399393546;3.0755902100931;github.com/GreenCharge/PMC.gridmix
ALL;20220102T120221;20201202T093000;20201202T094500;10.958019375673;0.1291711517761;0;23.982777179763;25.102260495156;0;0;0;0;2.6695371367061;4.2411194833154;0;22.475780409042;0.064585575888052;2.7125941872982;0;4.1980624327234;3.1216361679225;github.com/GreenCharge/PMC.gridmix
ALL;20220102T120221;20201202T094500;20201202T100000;10.935834576849;0.12790449797485;0;23.747601790663;24.856107439778;0;0;0;0;2.9631208697506;4.1995310168408;0;22.255382647623;0.063952248987423;3.2615646983586;0;4.1568961841825;3.0910253677254;github.com/GreenCharge/PMC.gridmix
ALL;20220102T120221;20201202T100000;20201202T101500;10.791517950871;0.12597102666387;0;23.11568339282;24.459374343901;0;0;0;0;4.136048708797;4.1570438799076;0;21.939953810624;0.062985513331934;3.5271887465883;0;4.2620197354608;3.0862901532647;github.com/GreenCharge/PMC.gridmix
ALL;20220102T120221;20201202T101500;20201202T103000;10.779193649467;0.12533946104032;0;23.020681011072;24.315855441822;0;0;0;0;4.3659912262377;4.1362022143305;0;21.809066221015;0.062669730520159;3.7392939210361;0;4.0108627532902;3.0081470649676;github.com/GreenCharge/PMC.gridmix
ALL;20220102T120221;20201202T103000;20201202T104500;10.72693188919;0.12497396375755;0;22.97438033743;24.307435950844;0;0;0;0;4.3740887315143;4.1241408039992;0;21.766298687773;0.062486981878775;3.9991668402416;0;3.8117058946053;2.8119141845449;github.com/GreenCharge/PMC.gridmix
ALL;20220102T120221;20201202T104500;20201202T110000;10.640049392879;0.12348219798312;0;22.885367359539;24.017287507718;0;0;0;0;4.7129038896892;4.1160732661041;0;21.527063181725;0.061741098991562;4.2395554640873;0;3.436921177197;2.6342868903066;github.com/GreenCharge/PMC.gridmix
ALL;20220102T120221;20201202T110000;20201202T111500;10.720198675497;0.12417218543046;0;23.054635761589;24.172185430464;0;0;0;0;4.1804635761589;4.1804635761589;0;21.605960264901;0.062086092715232;4.4908940397351;0;3.1870860927152;2.5869205298013;github.com/GreenCharge/PMC.gridmix
ALL;20220102T120221;20201202T111500;20201202T113000;10.696619950536;0.12366034624897;0;23.186314921682;24.031327287716;0;0;0;0;4.3075020610058;4.204451772465;0;21.516900247321;0.061830173124485;4.8021434460016;0;3.0708985985161;2.3701566364386;github.com/GreenCharge/PMC.gridmix
ALL;20220102T120221;20201202T113000;20201202T114500;10.670230263158;0.12335526315789;0;23.190789473684;23.992598684211;0;0;0;0;4.3174342105263;4.2351973684211;0;21.463815789474;0.061677631578947;5.0370065789474;0;3.0427631578947;2.2409539473684;github.com/GreenCharge/PMC.gridmix
ALL;20220102T120221;20201202T114500;20201202T120000;10.701790491871;0.12348219798312;0;23.173492488166;23.996707141387;0;0;0;0;4.3424572957399;4.2807161967483;0;21.485902449064;0.061741098991562;5.0833504836386;0;2.9841531179255;2.1403580983742;github.com/GreenCharge/PMC.gridmix
ALL;20220102T120221;20201202T120000;20201202T121500;10.956887486856;0.12618296529968;0;23.659305993691;24.479495268139;0;0;0;0;2.5867507886435;4.4794952681388;0;21.976866456362;0.063091482649842;5.1945320715037;0;2.7549947423764;2.0609884332282;github.com/GreenCharge/PMC.gridmix
ALL;20220102T120221;20201202T121500;20201202T123000;10.95197978096;0.12636899747262;0;23.673125526537;24.473462510531;0;0;0;0;2.6958719460826;4.4229149115417;0;21.988205560236;0.06318449873631;5.497051390059;0;2.4852569502949;1.9587194608256;github.com/GreenCharge/PMC.gridmix
ALL;20220102T120221;20201202T123000;20201202T124500;11.014615547553;0.12709171785639;0;23.829697098072;24.634611311163;0;0;0;0;2.1181952976064;4.4693920779496;0;22.113958907011;0.063545858928193;5.4861258208007;0;2.4994704511756;1.969921626774;github.com/GreenCharge/PMC.gridmix
ALL;20220102T120221;20201202T124500;20201202T130000;11.016769263426;0.12736149437487;0;23.922734026746;24.708129908724;0;0;0;0;2.0165569942687;4.5213330503078;0;22.182126936956;0.063680747187434;5.2005943536404;0;2.5047760560391;2.059010825727;github.com/GreenCharge/PMC.gridmix
ALL;20220102T120221;20201202T130000;20201202T131500;11.021619330225;0.12717253073336;0;23.823654090716;24.671470962272;0;0;0;0;2.1619330224671;4.5994065281899;0;22.128020347605;0.063586265366681;5.0869012293345;0;2.585841458245;2.0559559135227;github.com/GreenCharge/PMC.gridmix
