LOC;Time;Start;End;Biomass;Lignite;Coal;Gas;HardCoal;Oil;Shale;Peat;Geothermal;HydroPumped;Hydro;Marine;Nuclear;OtherRES;Solar;Waste;WindOffShore;WindOnShore;SwID
ALL;20220102T120219;20190901T000000;20190901T001500;13.993842709208;0;0;3.6663867898125;5.1217464315701;0;0;0;0;0;7.472712006717;0;26.868178001679;0.083963056255248;0;0;4.0862020710887;38.399104394067;github.com/GreenCharge/PMC.gridmix
ALL;20220102T120219;20190901T001500;20190901T003000;13.723872387239;0;0;3.4103410341034;5.03300330033;0;0;0;0;0;7.2882288228823;0;26.375137513751;0.082508250825083;0;0;3.5753575357536;40.20902090209;github.com/GreenCharge/PMC.gridmix
ALL;20220102T120219;20190901T003000;20190901T004500;13.678728070175;0;0;3.3991228070175;4.9342105263158;0;0;0;0;0;7.3190789473684;0;26.206140350877;0.082236842105263;0;0;2.8234649122807;41.25548245614;github.com/GreenCharge/PMC.gridmix
ALL;20220102T120219;20190901T004500;20190901T010000;13.628899835796;0;0;3.3935413245758;4.8166392993979;0;0;0;0;1.3409961685824;7.4438970990695;0;26.327312534209;0.082101806239737;0;0;2.1620142309797;40.503557744937;github.com/GreenCharge/PMC.gridmix
ALL;20220102T120219;20190901T010000;20190901T011500;13.426799676463;0;0;3.3162577514155;4.637368562955;0;0;0;0;0.48530601240226;7.3874359665678;0;26.017794553788;0.080884335400377;0;0;2.5074143974117;41.844162847129;github.com/GreenCharge/PMC.gridmix
ALL;20220102T120219;20190901T011500;20190901T013000;13.53628703452;0;0;3.3432998097309;4.67518347377;0;0;0;0;0.19026909486273;7.1486817069856;0;26.31149768959;0.081543897798315;0;0;2.6909486273444;41.723294373471;github.com/GreenCharge/PMC.gridmix
ALL;20220102T120219;20190901T013000;20190901T014500;13.844011142061;0;0;3.4261838440111;4.7910863509749;0;0;0;0;0.72423398328691;7.3537604456825;0;26.963788300836;0.083565459610028;0;0;2.8969359331476;39.610027855153;github.com/GreenCharge/PMC.gridmix
ALL;20220102T120219;20190901T014500;20190901T020000;14.481351981352;0;0;3.5839160839161;5.011655011655;0;0;0;0;1.6899766899767;7.6923076923077;0;28.234265734266;0.087412587412587;0;0;2.9428904428904;35.955710955711;github.com/GreenCharge/PMC.gridmix
ALL;20220102T120219;20190901T020000;20190901T021500;15.555555555556;0;0;3.8810641627543;5.3521126760563;0;0;0;0;2.566510172144;8.2629107981221;0;30.172143974961;0.093896713615023;0;0;3.0359937402191;30.735524256651;github.com/GreenCharge/PMC.gridmix
ALL;20220102T120219;20190901T021500;20190901T023000;16.456953642384;0;0;4.1059602649007;5.6953642384106;0;0;0;0;2.7152317880795;8.7086092715232;0;31.953642384106;0.099337748344371;0;0;3.7417218543046;26.158940397351;github.com/GreenCharge/PMC.gridmix
ALL;20220102T120219;20190901T023000;20190901T024500;16.968867601779;0;0;4.2422169004447;5.8843653780363;0;0;0;0;2.9763941156346;9.1002394799863;0;33.048238111529;0.10263427984947;0;0;5.029079712624;22.271638727335;github.com/GreenCharge/PMC.gridmix
ALL;20220102T120219;20190901T024500;20190901T030000;17.198335644938;0;0;4.2995839112344;5.9639389736477;0;0;0;0;3.6407766990291;9.2579750346741;0;33.529819694868;0.10402219140083;0;0;5.8945908460472;19.729542302358;github.com/GreenCharge/PMC.gridmix
ALL;20220102T120219;20190901T030000;20190901T031500;17.409617409617;0;0;4.3524043524044;6.037206037206;0;0;0;0;3.8610038610039;9.3366093366093;0;33.976833976834;0.10530010530011;0;0;7.020007020007;17.514917514918;github.com/GreenCharge/PMC.gridmix
ALL;20220102T120219;20190901T031500;20190901T033000;17.477096546864;0;0;4.3340380549683;6.0606060606061;0;0;0;0;3.9112050739958;9.584214235377;0;34.108527131783;0.10570824524313;0;0;8.6328400281889;15.398167723749;github.com/GreenCharge/PMC.gridmix
ALL;20220102T120219;20190901T033000;20190901T034500;17.456972251493;0;0;4.3203371970495;6.1116965226554;0;0;0;0;3.6880927291886;9.4485423252547;0;34.000702493853;0.10537407797682;0;0;10.080786793116;14.401123990165;github.com/GreenCharge/PMC.gridmix
ALL;20220102T120219;20190901T034500;20190901T040000;17.185338865837;0;0;4.253112033195;6.0165975103734;0;0;0;0;3.1811894882434;9.4052558782849;0;33.50622406639;0.10373443983402;0;0;11.825726141079;14.142461964039;github.com/GreenCharge/PMC.gridmix
ALL;20220102T120219;20190901T040000;20190901T041500;17.628318584071;0;0;4.353982300885;6.1592920353982;0;0;0;0;0;9.2035398230088;0;34.58407079646;0.10619469026549;0;0;12.814159292035;14.761061946903;github.com/GreenCharge/PMC.gridmix
ALL;20220102T120219;20190901T041500;20190901T043000;17.195037904893;0;0;4.2384562370779;5.9958649207443;0;0;0;0;0;8.9593383873191;0;33.631977946244;0.10337698139214;0;0;14.403859407305;15.093039283253;github.com/GreenCharge/PMC.gridmix
ALL;20220102T120219;20190901T043000;20190901T044500;16.452357401912;0;0;4.055390702275;5.7368941641939;0;0;0;0;0;8.6712825585229;0;32.146389713155;0.09891196834817;0;0;17.012858555885;15.463237718431;github.com/GreenCharge/PMC.gridmix
ALL;20220102T120219;20190901T044500;20190901T050000;16.056518946692;0;0;3.9499036608863;5.5876685934489;0;0;0;0;0;8.4778420038536;0;31.31021194605;0.096339113680154;0;0;18.304431599229;15.863840719332;github.com/GreenCharge/PMC.gridmix
ALL;20220102T120219;20190901T050000;20190901T051500;15.879556259905;0;0;3.9302694136292;5.5150554675119;0;0;0;0;0;8.2725832012678;0;30.776545166403;0.095087163232964;0;0;18.92234548336;16.259904912837;github.com/GreenCharge/PMC.gridmix
ALL;20220102T120219;20190901T051500;20190901T053000;15.89613679544;0;0;3.9265357821406;5.5098163394554;0;0;0;0;0;8.2963901203293;0;30.620645978467;0.094996833438885;0;0;18.017732742242;17.289423685877;github.com/GreenCharge/PMC.gridmix
ALL;20220102T120219;20190901T053000;20190901T054500;15.728580362727;0;0;3.8461538461538;5.3783614759225;0;0;0;0;0;8.1926203877423;0;30.143839899937;0.093808630393996;0;0;18.511569731082;17.76110068793;github.com/GreenCharge/PMC.gridmix
ALL;20220102T120219;20190901T054500;20190901T060000;15.226586102719;0;0;3.7160120845921;5.2567975830816;0;0;0;0;0;7.8851963746224;0;29.063444108761;0.090634441087613;0;0;21.087613293051;17.341389728097;github.com/GreenCharge/PMC.gridmix
ALL;20220102T120219;20190901T060000;20190901T061500;15.156950672646;0;0;3.6173393124066;5.0523168908819;0;0;0;0;0;7.9521674140508;0;28.968609865471;0.089686098654709;0;0;21.285500747384;17.548579970105;github.com/GreenCharge/PMC.gridmix
ALL;20220102T120219;20190901T061500;20190901T063000;15.241524152415;0;0;3.6303630363036;5.0705070507051;0;0;0;0;0;8.040804080408;0;29.252925292529;0.09000900090009;0;0;20.19201920192;18.151815181518;github.com/GreenCharge/PMC.gridmix
ALL;20220102T120219;20190901T063000;20190901T064500;15.15331944031;0;0;3.6022625781483;5.0312593033641;0;0;0;0;0;7.9785650491218;0;29.026495980947;0.08931229532599;0.029770765108663;0;19.38076808574;19.38076808574;github.com/GreenCharge/PMC.gridmix
ALL;20220102T120219;20190901T064500;20190901T070000;15.054395765951;0;0;3.5577771243752;4.9691267274331;0;0;0;0;0;7.7330197000882;0;28.609232578653;0.08820935019112;0.8820935019112;0;18.553366656866;20.229344310497;github.com/GreenCharge/PMC.gridmix
ALL;20220102T120219;20190901T070000;20190901T071500;14.78386167147;0;0;3.4870317002882;4.8991354466859;0;0;0;0;0;7.8386167146974;0;28.21325648415;0.086455331412104;2.3054755043228;0;17.953890489914;20.115273775216;github.com/GreenCharge/PMC.gridmix
ALL;20220102T120219;20190901T071500;20190901T073000;14.682312535776;0;0;3.491700057241;4.8368631940469;0;0;0;0;0;7.9851173440183;0;28.105323411563;0.085861476817401;4.2072123640527;0;16.227819118489;20.062965082999;github.com/GreenCharge/PMC.gridmix
ALL;20220102T120219;20190901T073000;20190901T074500;14.540311173975;0;0;3.4512022630835;4.7807637906648;0;0;0;0;0;7.9490806223479;0;27.807637906648;0.084865629420085;6.0820367751061;0;14.964639321075;20.02828854314;github.com/GreenCharge/PMC.gridmix
ALL;20220102T120219;20190901T074500;20190901T080000;14.074883848046;0;0;3.3342443290517;4.618748291883;0;0;0;0;0;7.4063951899426;0;26.810603990161;0.081989614648811;8.1443017217819;0;15.496037168625;19.732167258814;github.com/GreenCharge/PMC.gridmix
ALL;20220102T120219;20190901T080000;20190901T081500;13.672496025437;0;0;3.232644409115;4.5045045045045;0;0;0;0;0;7.0217276099629;0;25.808161102279;0.079491255961844;10.36036036036;0;15.792262851086;19.236883942766;github.com/GreenCharge/PMC.gridmix
ALL;20220102T120219;20190901T081500;20190901T083000;13.066599139023;0;0;3.0893897189162;4.3048873132439;0;0;0;0;0;6.8878197011902;0;24.689794884781;0.07596859964548;12.534818941504;0;15.092428462902;19.979741706761;github.com/GreenCharge/PMC.gridmix
ALL;20220102T120219;20190901T083000;20190901T084500;12.613053043266;0;0;2.98215595209;4.131019310682;0;0;0;0;0;6.6731850403324;0;23.85724761672;0.073331703739917;14.861891957956;0;14.421901735517;20.117330725984;github.com/GreenCharge/PMC.gridmix
ALL;20220102T120219;20190901T084500;20190901T090000;12.206684048353;0;0;2.8916804930078;4.0293908509125;0;0;0;0;0;6.399620763214;0;23.10974164494;0.071106897369045;16.947143872956;0;13.178478312396;20.905427826499;github.com/GreenCharge/PMC.gridmix
ALL;20220102T120219;20190901T090000;20190901T091500;11.913023363405;0;0;2.822114272496;3.9324543141337;0;0;0;0;0;6.5232477446218;0;22.553782095767;0.069396252602359;19.10710154985;0;11.681702521397;21.142724959519;github.com/GreenCharge/PMC.gridmix
ALL;20220102T120219;20190901T091500;20190901T093000;11.675357061891;0;0;2.7658127408751;3.8313307639991;0;0;0;0;0;6.325096350034;0;22.103831330764;0.068011788710043;20.924960326457;0;10.496486057583;21.559737021084;github.com/GreenCharge/PMC.gridmix
ALL;20220102T120219;20190901T093000;20190901T094500;11.505808757819;0;0;2.7033065236819;3.7533512064343;0;0;0;0;0;6.3002680965147;0;21.693476318141;0.067024128686327;22.386058981233;0;9.7408400357462;21.604110813226;github.com/GreenCharge/PMC.gridmix
ALL;20220102T120219;20190901T094500;20190901T100000;11.31161971831;0;0;2.6848591549296;3.2570422535211;0;0;0;0;0;6.2279929577465;0;21.280809859155;0.066021126760563;24.427816901408;0;9.0448943661972;21.456866197183;github.com/GreenCharge/PMC.gridmix
ALL;20220102T120219;20190901T100000;20190901T101500;11.173913043478;0;0;2.7173913043478;2.3913043478261;0;0;0;0;0;6.0217391304348;0;21;0.065217391304348;26.304347826087;0;8.2608695652174;21.826086956522;github.com/GreenCharge/PMC.gridmix
ALL;20220102T120219;20190901T101500;20190901T103000;11.05376344086;0;0;2.6666666666667;2.3870967741935;0;0;0;0;0;5.741935483871;0;20.795698924731;0.064516129032258;27.677419354839;0;8.4086021505376;20.967741935484;github.com/GreenCharge/PMC.gridmix
ALL;20220102T120219;20190901T103000;20190901T104500;10.966503093663;0;0;2.6456155323234;2.3682526136121;0;0;0;0;0;5.7179432472797;0;20.631534030297;0.064006827394922;29.080435246426;0;8.3848943887348;19.906123319821;github.com/GreenCharge/PMC.gridmix
ALL;20220102T120219;20190901T104500;20190901T110000;10.751784964301;0;0;2.6039479210416;2.3309533809324;0;0;0;0;0;5.7328853422932;0;20.327593448131;0.062998740025199;30.134397312054;0;8.2738345233095;19.55060898782;github.com/GreenCharge/PMC.gridmix
ALL;20220102T120219;20190901T110000;20190901T111500;10.769877997476;0;0;2.6503996634413;2.334875893984;0;0;0;0;0;5.6583929322676;0;20.31973075305;0.06310475389146;31.194783340345;0;8.0984434160707;18.679007151872;github.com/GreenCharge/PMC.gridmix
ALL;20220102T120219;20190901T111500;20190901T113000;10.637855807189;0;0;2.6179098275504;2.3062538956991;0;0;0;0;0.18699355911074;5.9214627051735;0;20.008310824849;0.062331186370247;31.99667567006;0;8.0199459796385;18.013712861001;github.com/GreenCharge/PMC.gridmix
ALL;20220102T120219;20190901T113000;20190901T114500;10.662224073303;0;0;2.6239067055394;2.3115368596418;0;0;0;0;0.10412328196585;5.9350270720533;0;20.033319450229;0.062473969179509;32.840483132028;0;7.7467721782591;17.451062057476;github.com/GreenCharge/PMC.gridmix
ALL;20220102T120219;20190901T114500;20190901T120000;10.566583953681;0;0;2.6674937965261;2.2952853598015;0;0;0;0;0.082712985938792;5.893300248139;0;19.913151364764;0.062034739454094;33.788254755997;0;7.4028122415219;17.100909842845;github.com/GreenCharge/PMC.gridmix
ALL;20220102T120219;20190901T120000;20190901T121500;10.315533980583;0;0;2.6092233009709;2.245145631068;0;0;0;0;0;5.5622977346278;0;19.478155339806;0.060679611650485;35.032362459547;0;7.2815533980583;17.192556634304;github.com/GreenCharge/PMC.gridmix
ALL;20220102T120219;20190901T121500;20190901T123000;10.089020771513;0;0;2.5519287833828;2.1958456973294;0;0;0;0;0;5.3610286844708;0;18.615232443126;0.059347181008902;35.825914935707;0;7.6953511374876;17.388724035608;github.com/GreenCharge/PMC.gridmix
ALL;20220102T120219;20190901T123000;20190901T124500;9.88925587721;0;0;2.5063143578784;2.1565960753837;0;0;0;0;0;5.2457742374199;0;17.971633961531;0.058286380415776;36.545560520692;0;7.8880901496017;17.524771711677;github.com/GreenCharge/PMC.gridmix
ALL;20220102T120219;20190901T124500;20190901T130000;9.7219558964525;0;0;2.4736337488015;2.1284755512943;0;0;0;0;0;5.1198465963567;0;17.545541706616;0.057526366251198;36.66347075743;0;7.6701821668265;18.408437200384;github.com/GreenCharge/PMC.gridmix
ALL;20220102T120219;20190901T130000;20190901T131500;9.6278009874668;0;0;2.2787694644892;2.1078617546525;0;0;0;0;0;5.1082415495632;0;17.204709456893;0.056969236612229;36.593239650589;0;7.5009494872769;19.312571211546;github.com/GreenCharge/PMC.gridmix
ALL;20220102T120219;20190901T131500;20190901T133000;9.7575057736721;0;0;2.3094688221709;2.1362586605081;0;0;0;0;0;5.1385681293303;0;15.685142417244;0.057736720554273;36.79753656659;0;7.6982294072363;20.207852193995;github.com/GreenCharge/PMC.gridmix
ALL;20220102T120219;20190901T133000;20190901T134500;9.8888238736103;0;0;2.3405500292569;2.1455041934855;0;0;0;0;0;5.2467329822508;0;15.584162278135;0.058513750731422;36.454066705676;0;7.6457967622391;20.421299005266;github.com/GreenCharge/PMC.gridmix
ALL;20220102T120219;20190901T134500;20190901T140000;9.9353321575544;0;0;2.3515579071135;2.1555947481873;0;0;0;0;0;5.3301979227905;0;16.65686850872;0.058788947677837;35.488928081521;0;7.5837742504409;20.223398001176;github.com/GreenCharge/PMC.gridmix
ALL;20220102T120219;20190901T140000;20190901T141500;10.091560509554;0;0;2.3686305732484;2.2292993630573;0;0;0;0;0;5.3742038216561;0;16.460987261146;0.059713375796178;34.673566878981;0;8.0812101910828;20.441878980892;github.com/GreenCharge/PMC.gridmix
ALL;20220102T120219;20190901T141500;20190901T143000;10.023677979479;0;0;2.3480662983425;2.2099447513812;0;0;0;0;0;5.327545382794;0;16.594317284925;0.059194948697711;33.662194159432;0;8.820047355959;20.737963693765;github.com/GreenCharge/PMC.gridmix
ALL;20220102T120219;20190901T143000;20190901T144500;9.9980357493616;0;0;2.3571007660577;2.1999607149872;0;0;0;0;0;5.2641917108623;0;16.656845413475;0.058927519151444;32.685130622667;0;8.8391278727166;21.724612060499;github.com/GreenCharge/PMC.gridmix
ALL;20220102T120219;20190901T144500;20190901T150000;10.2;0;0;2.4;2.24;0;0;0;0;0;5.36;0;16.62;0.06;31.52;0;9.24;22.14;github.com/GreenCharge/PMC.gridmix
ALL;20220102T120219;20190901T150000;20190901T151500;10.175228992433;0;0;2.389486260454;2.21027479092;0;0;0;0;0;5.3365193150139;0;17.144563918757;0.05973715651135;30.147351652728;0;9.6973317403425;22.620469932298;github.com/GreenCharge/PMC.gridmix
ALL;20220102T120219;20190901T151500;20190901T153000;10.246641267295;0;0;2.4062562662924;2.2458391818729;0;0;0;0;0;5.3138159213956;0;17.846400641668;0.060156406657309;28.574293162222;0;10.387006216162;22.699017445358;github.com/GreenCharge/PMC.gridmix
ALL;20220102T120219;20190901T153000;20190901T154500;10.281690140845;0;0;2.4144869215292;2.2535211267606;0;0;0;0;0;5.3319919517103;0;17.887323943662;0.060362173038229;27.082494969819;0;10.784708249497;23.682092555332;github.com/GreenCharge/PMC.gridmix
ALL;20220102T120219;20190901T154500;20190901T160000;10.511129431162;0;0;2.4732069249794;2.3083264633141;0;0;0;0;0;5.4616652926628;0;18.281121187139;0.061830173124485;25.680131904369;0;11.067600989283;23.928276999176;github.com/GreenCharge/PMC.gridmix
ALL;20220102T120219;20190901T160000;20190901T161500;10.704578716287;0;0;2.5507003972402;2.362533974493;0;0;0;0;0;5.5404557808907;0;18.544846330755;0.062722140915743;24.357098055614;0;11.666318210328;23.980765210119;github.com/GreenCharge/PMC.gridmix
ALL;20220102T120219;20190901T161500;20190901T163000;10.919172531457;0;0;2.6018340797611;2.4098955001066;0;0;0;0;0.042653017701002;5.6515248453828;0;18.937939859245;0.063979526551504;23.331200682448;0;11.686926850075;24.120281509917;github.com/GreenCharge/PMC.gridmix
ALL;20220102T120219;20190901T163000;20190901T164500;11.497866606782;0;0;2.7397260273973;2.5376150909499;0;0;0;0;0.044913541432742;5.9285874691219;0;19.784415001123;0.067370312149113;21.738154053447;0;12.171569728273;23.242757691444;github.com/GreenCharge/PMC.gridmix
ALL;20220102T120219;20190901T164500;20190901T170000;12.064910630292;0;0;2.8692380056444;2.6575729068674;0;0;0;0;0.094073377234243;6.20884289746;0;21.119473189087;0.070555032925682;20.249294449671;0;11.712135465663;22.695202257761;github.com/GreenCharge/PMC.gridmix
ALL;20220102T120219;20190901T170000;20190901T171500;12.542620555285;0;0;3.1173891865563;2.7520701412567;0;0;0;0;0.073063809059912;6.4052605942523;0;22.430589381393;0.073063809059912;18.874817340477;0;11.276181198246;22.187043351193;github.com/GreenCharge/PMC.gridmix
ALL;20220102T120219;20190901T171500;20190901T173000;12.798210735586;0;0;3.1809145129225;2.8081510934394;0;0;0;0;0.024850894632207;6.5606361829026;0;23.111332007952;0.07455268389662;17.395626242545;0;12.152087475149;21.62027833002;github.com/GreenCharge/PMC.gridmix
ALL;20220102T120219;20190901T173000;20190901T174500;12.995205652284;0;0;3.2298763562957;2.9018420388594;0;0;0;0;0.02523340903356;6.66161998486;0;23.467070401211;0.075700227100681;15.392379510472;0;14.45874337623;20.514761544285;github.com/GreenCharge/PMC.gridmix
ALL;20220102T120219;20190901T174500;20190901T180000;13.794023479189;0;0;3.6019210245464;3.1750266808965;0;0;0;0;0.10672358591249;6.9903948772679;0;24.386339381003;0.080042689434365;13.954108858058;0;13.046958377801;20.570971184632;github.com/GreenCharge/PMC.gridmix
ALL;20220102T120219;20190901T180000;20190901T181500;14.603890611785;0;0;4.0033831406823;3.4959120383423;0;0;0;0;0.028192839018889;7.3301381449112;0;25.317169438963;0.084578517056668;12.094727939103;0;11.784606709896;20.947279391035;github.com/GreenCharge/PMC.gridmix
ALL;20220102T120219;20190901T181500;20190901T183000;15.31185338457;0;0;4.1974578776234;3.8723026899202;0;0;0;0;0.088678687555424;7.6854862548034;0;25.628140703518;0.088678687555424;10.198049068874;0;11.82382500739;20.780372450488;github.com/GreenCharge/PMC.gridmix
ALL;20220102T120219;20190901T183000;20190901T184500;15.550885619934;0;0;4.2629840888622;4.142900030021;0;0;0;0;0.12008405884119;7.8054638246773;0;26.658661062744;0.090063044130892;7.9255478835185;0;12.188531972381;20.924647253077;github.com/GreenCharge/PMC.gridmix
ALL;20220102T120219;20190901T184500;20190901T190000;15.81366840331;0;0;4.3518234753295;4.3824701195219;0;0;0;0;0.30646644192461;8.243947287772;0;27.459393196445;0.091939932577383;5.8841556849525;0;12.902237205026;20.226785167024;github.com/GreenCharge/PMC.gridmix
ALL;20220102T120219;20190901T190000;20190901T191500;16.29302178718;0;0;4.4837385538364;4.5784654246921;0;0;0;0;1.7050836754026;8.1465108935901;0;28.512788127566;0.094726870855699;4.1048310704136;0;13.356488790654;18.377012946006;github.com/GreenCharge/PMC.gridmix
ALL;20220102T120219;20190901T191500;20190901T193000;16.501439078989;0;0;4.541093700032;4.7649504317237;0;0;0;0;1.8867924528302;8.1867604732971;0;29.485129517109;0.09593859929645;2.4624240486089;0;14.486728493764;17.236968340262;github.com/GreenCharge/PMC.gridmix
ALL;20220102T120219;20190901T193000;20190901T194500;16.386687797147;0;0;4.5324881141046;4.8494453248811;0;0;0;0;1.4896988906498;8.3993660855784;0;29.920760697306;0.095087163232964;1.0776545166403;0;17.115689381933;15.784469096672;github.com/GreenCharge/PMC.gridmix
ALL;20220102T120219;20190901T194500;20190901T200000;16.179704681118;0;0;4.492617027961;4.9324536600691;0;0;0;0;0.15708451146717;8.1055607917059;0;30.28589381087;0.094250706880302;0.37700282752121;0;18.630223060006;16.399622997172;github.com/GreenCharge/PMC.gridmix
ALL;20220102T120219;20190901T200000;20190901T201500;16.485275288092;0;0;4.5454545454545;5.1216389244558;0;0;0;0;0.064020486555698;8.0665813060179;0;30.985915492958;0.096030729833547;0.096030729833547;0;17.637644046095;16.549295774648;github.com/GreenCharge/PMC.gridmix
ALL;20220102T120219;20190901T201500;20190901T203000;16.564811836603;0;0;4.5673850112576;5.2750080411708;0;0;0;0;0.73978771309103;8.201994210357;0;31.167577999357;0.096494049533612;0;0;18.301704728208;14.731424895465;github.com/GreenCharge/PMC.gridmix
ALL;20220102T120219;20190901T203000;20190901T204500;16.240933459477;0;0;4.5096184169032;5.2980132450331;0;0;0;0;2.1759697256386;8.0416272469253;0;30.589719331441;0.094607379375591;0;0;18.732261116367;13.970356354462;github.com/GreenCharge/PMC.gridmix
ALL;20220102T120219;20190901T204500;20190901T210000;16.035076730348;0;0;4.4785468211713;5.3867835891012;0;0;0;0;3.0692139054181;7.9549013466959;0;30.347635452552;0.093955527716881;0;0;19.072972126527;13.216410898841;github.com/GreenCharge/PMC.gridmix
ALL;20220102T120219;20190901T210000;20190901T211500;15.660435182348;0;0;4.3518234753295;5.3631627336807;0;0;0;0;2.2065583818572;8.0294207784248;0;29.482071713147;0.091939932577383;0;0;21.42200429053;13.055470425988;github.com/GreenCharge/PMC.gridmix
ALL;20220102T120219;20190901T211500;20190901T213000;15.386931647094;0;0;4.2758205359831;5.3598313760915;0;0;0;0;2.7401385124962;7.618187292984;0;28.876844323999;0.0903342366757;0;0;21.800662451069;13.52002408913;github.com/GreenCharge/PMC.gridmix
ALL;20220102T120219;20190901T213000;20190901T214500;15.703749231715;0;0;4.3638598647818;5.439459127228;0;0;0;0;0.9219422249539;7.5906576521205;0;29.502151198525;0.09219422249539;0;0;21.634910878918;14.413030116779;github.com/GreenCharge/PMC.gridmix
ALL;20220102T120219;20190901T214500;20190901T220000;15.755329008341;0;0;4.3867778807538;5.4371331479765;0;0;0;0;0.37071362372567;7.5996292863763;0;29.780661105962;0.092678405931418;0;0;21.254247760272;14.983008958913;github.com/GreenCharge/PMC.gridmix
ALL;20220102T120219;20190901T220000;20190901T221500;15.461725394897;0;0;4.3438639125152;5.3766707168894;0;0;0;0;1.4884568651276;7.5334143377886;0;29.434993924666;0.091130012150668;0;0;20.595382746051;15.340218712029;github.com/GreenCharge/PMC.gridmix
ALL;20220102T120219;20190901T221500;20190901T223000;15.232383808096;0;0;4.287856071964;5.3373313343328;0;0;0;0;0.029985007496252;7.4062968515742;0;29.025487256372;0.089955022488756;0;0;22.548725637181;15.712143928036;github.com/GreenCharge/PMC.gridmix
ALL;20220102T120219;20190901T223000;20190901T224500;15.424399148159;0;0;4.3504715546091;5.4152722847581;0;0;0;0;0.1521143900213;7.5448737450563;0;29.510191664131;0.091268634012778;0;0;21.752357773045;15.424399148159;github.com/GreenCharge/PMC.gridmix
ALL;20220102T120219;20190901T224500;20190901T230000;15.539079394501;0;0;4.4176706827309;5.4680259499537;0;0;0;0;0.061785603954279;7.6614148903306;0;29.935125115848;0.092678405931418;0;0;20.72907012666;15.755329008341;github.com/GreenCharge/PMC.gridmix
ALL;20220102T120219;20190901T230000;20190901T231500;15.300213349589;0;0;4.2669917708016;5.5166107893935;0;0;0;0;2.3163669612923;7.9244132886315;0;29.625114294422;0.091435537945748;0;0;19.658640658336;14.964949710454;github.com/GreenCharge/PMC.gridmix
ALL;20220102T120219;20190901T231500;20190901T233000;15.328244274809;0;0;4.2748091603053;5.4961832061069;0;0;0;0;2.3511450381679;7.6335877862595;0;29.648854961832;0.091603053435115;0;0;19.572519083969;15.267175572519;github.com/GreenCharge/PMC.gridmix
ALL;20220102T120219;20190901T233000;20190901T234500;15.120481927711;0;0;4.2168674698795;5.3313253012048;0;0;0;0;1.1746987951807;7.5;0;29.21686746988;0.090361445783133;0;0;20.421686746988;16.596385542169;github.com/GreenCharge/PMC.gridmix
ALL;20220102T120219;20190901T234500;20190902T000000;14.998506124888;0;0;4.0334628025097;5.1986853899014;0;0;0;0;0.68718255153869;7.4096205557215;0;28.891544666866;0.089632506722438;0;0;20.854496564087;17.508216313116;github.com/GreenCharge/PMC.gridmix
ALL;20220102T120219;20190902T000000;20190902T001500;15.212121212121;0;0;4.0909090909091;5.1212121212121;0;0;0;0;1;7.6363636363636;0;29.30303030303;0.090909090909091;0;0;19.424242424242;17.787878787879;github.com/GreenCharge/PMC.gridmix
ALL;20220102T120219;20190902T001500;20190902T003000;15.791129285939;0;0;4.0893362692671;5.1903114186851;0;0;0;0;0.66058508965083;7.9584775086505;0;30.355457691098;0.094369298521548;0;0;17.426863793646;18.087448883297;github.com/GreenCharge/PMC.gridmix
ALL;20220102T120219;20190902T003000;20190902T004500;15.458191916075;0;0;4.0419623572971;4.9984572662758;0;0;0;0;0.061709348966368;7.7136686207961;0;29.990743597655;0.092564023449553;0;0;18.327676643011;18.975624807158;github.com/GreenCharge/PMC.gridmix
ALL;20220102T120219;20190902T004500;20190902T010000;14.860035735557;0;0;3.960690887433;4.6158427635497;0;0;0;0;0.029779630732579;7.4151280524122;0;28.856462179869;0.089338892197737;0;0;19.62477665277;20.220369267421;github.com/GreenCharge/PMC.gridmix
ALL;20220102T120219;20190902T010000;20190902T011500;14.877757901014;0;0;3.9057841383423;4.7406082289803;0;0;0;0;0.029815146094216;7.5134168157424;0;28.831246273107;0.089445438282648;0;0;19.081693500298;20.602265951103;github.com/GreenCharge/PMC.gridmix
ALL;20220102T120219;20190902T011500;20190902T013000;14.731879787861;0;0;3.8892162639953;4.5079552150854;0;0;0;0;0.029463759575722;7.4248674130819;0;28.550383028874;0.088391278727166;0;0;18.945197407189;21.508544490277;github.com/GreenCharge/PMC.gridmix
ALL;20220102T120219;20190902T013000;20190902T014500;14.501160092807;0;0;3.8283062645012;4.4083526682135;0;0;0;0;0;7.3085846867749;0;27.929234338747;0.087006960556845;0;0;18.503480278422;23.114849187935;github.com/GreenCharge/PMC.gridmix
ALL;20220102T120219;20190902T014500;20190902T020000;14.741506646972;0;0;3.9290989660266;4.4608567208272;0;0;0;0;0;7.4741506646972;0;28.567208271787;0.088626292466765;0;0;16.011816838996;24.401772525849;github.com/GreenCharge/PMC.gridmix
ALL;20220102T120219;20190902T020000;20190902T021500;14.322617680827;0;0;3.8174512055109;4.247990815155;0;0;0;0;0;7.3191733639495;0;27.267508610792;0.086107921928817;0;0;17.020665901263;25.602755453502;github.com/GreenCharge/PMC.gridmix
ALL;20220102T120219;20190902T021500;20190902T023000;13.99326977005;0;0;3.7577117218172;4.206393718452;0;0;0;0;0;7.1228266965788;0;26.219854178351;0.084127874369041;0;0;17.470555243971;26.836791923724;github.com/GreenCharge/PMC.gridmix
ALL;20220102T120219;20190902T023000;20190902T024500;13.645064260323;0;0;3.6642056330325;4.3751709051135;0;0;0;0;0;6.9729286300246;0;25.512715340443;0.082034454470878;0;0;18.676510801203;26.770576975663;github.com/GreenCharge/PMC.gridmix
ALL;20220102T120219;20190902T024500;20190902T030000;13.136375626484;0;0;3.5610656818781;5.2492745977315;0;0;0;0;0;6.7264573991031;0;24.136111843841;0.079134792930625;0;0;20.838828805065;25.982590345555;github.com/GreenCharge/PMC.gridmix
ALL;20220102T120219;20190902T030000;20190902T031500;13.692603794336;0;0;3.7393456145175;5.5540280450921;0;0;0;0;0;7.0937585922464;0;25.268078086335;0.08248556502612;0;0;17.156997525433;27.110255705252;github.com/GreenCharge/PMC.gridmix
ALL;20220102T120219;20190902T031500;20190902T033000;14.326812428078;0;0;3.9125431530495;6.0989643268124;0;0;0;0;0;7.3935558112773;0;26.32336018412;0.086306098964327;0;0;12.658227848101;28.883774453395;github.com/GreenCharge/PMC.gridmix
ALL;20220102T120219;20190902T033000;20190902T034500;14.368147720716;0;0;3.9238315060589;6.2896710905943;0;0;0;0;0;7.6745527986151;0;26.889786497403;0.086555106751298;0;0;11.684939411425;28.765147143681;github.com/GreenCharge/PMC.gridmix
ALL;20220102T120219;20190902T034500;20190902T040000;14.298018949182;0;0;4.1917886879127;6.5173700832616;0;0;0;0;0;7.4074074074074;0;26.959517657192;0.086132644272179;0;0;12.747631352283;27.476313522825;github.com/GreenCharge/PMC.gridmix
ALL;20220102T120219;20190902T040000;20190902T041500;14.236804564907;0;0;4.1940085592011;6.8758915834522;0;0;0;0;0;7.4465049928673;0;26.41940085592;0.085592011412268;0;0;12.211126961484;28.216833095578;github.com/GreenCharge/PMC.gridmix
ALL;20220102T120219;20190902T041500;20190902T043000;14.236804564907;0;0;4.1940085592011;7.246790299572;0;0;0;0;0;7.6747503566334;0;26.676176890157;0.085592011412268;0;0;10.271041369472;29.300998573466;github.com/GreenCharge/PMC.gridmix
ALL;20220102T120219;20190902T043000;20190902T044500;14.363688595231;0;0;4.222924446998;7.6127549554726;0;0;0;0;0;7.5553002010916;0;27.089916690606;0.086182131571388;0;0;9.1353059465671;29.617925883367;github.com/GreenCharge/PMC.gridmix
ALL;20220102T120219;20190902T044500;20190902T050000;14.120631341601;0;0;4.1713641488162;7.891770011274;0;0;0;0;0;7.3562570462232;0;26.719278466742;0.084554678692221;0;0;9.9492671927847;29.396843291995;github.com/GreenCharge/PMC.gridmix
ALL;20220102T120219;20190902T050000;20190902T051500;13.898117386489;0;0;4.3189368770764;8.1395348837209;0;0;0;0;0;7.2259136212625;0;26.605758582503;0.083056478405316;0;0;10.797342192691;28.626799557032;github.com/GreenCharge/PMC.gridmix
ALL;20220102T120219;20190902T051500;20190902T053000;13.625304136253;0;0;4.2984590429846;8.4617464179508;0;0;0;0;0;7.110029737767;0;26.331440929981;0.08110300081103;0;0;12.111381454447;27.683157610165;github.com/GreenCharge/PMC.gridmix
ALL;20220102T120219;20190902T053000;20190902T054500;13.319238900634;0;0;4.4397463002114;9.0116279069767;0;0;0;0;0;6.9503171247357;0;25.66067653277;0.079281183932347;0;0;13.927061310782;26.321353065539;github.com/GreenCharge/PMC.gridmix
ALL;20220102T120219;20190902T054500;20190902T060000;13.218390804598;0;0;4.4670846394984;9.4043887147335;0;0;0;0;0.026123301985371;6.8965517241379;0;25.600835945664;0.078369905956113;0;0;15.830721003135;24.190177638454;github.com/GreenCharge/PMC.gridmix
ALL;20220102T120219;20190902T060000;20190902T061500;13.113061435209;0;0;4.6979865771812;9.9380485286526;0;0;0;0;0.025813113061435;6.8662880743418;0;25.271037687145;0.077439339184306;0;0;16.933402168301;22.792978833247;github.com/GreenCharge/PMC.gridmix
ALL;20220102T120219;20190902T061500;20190902T063000;12.624007936508;0;0;4.7123015873016;10.168650793651;0;0;0;0;0.62003968253968;6.8452380952381;0;24.305555555556;0.074404761904762;0;0;17.460317460317;22.916666666667;github.com/GreenCharge/PMC.gridmix
ALL;20220102T120219;20190902T063000;20190902T064500;12.342386032978;0;0;4.7769156159069;10.402521823472;0;0;0;0;2.7885548011639;6.8622696411251;0;24.054316197866;0.07274490785645;0;0;15.252182347236;23.181377303589;github.com/GreenCharge/PMC.gridmix
ALL;20220102T120219;20190902T064500;20190902T070000;12.166666666667;0;0;5.2619047619048;10.857142857143;0;0;0;0;2.7142857142857;6.8095238095238;0;23.761904761905;0.071428571428571;0.28571428571429;0;14.904761904762;22.904761904762;github.com/GreenCharge/PMC.gridmix
ALL;20220102T120219;20190902T070000;20190902T071500;12.331730769231;0;0;5.9855769230769;11.322115384615;0;0;0;0;1.3221153846154;6.9230769230769;0;23.966346153846;0.072115384615385;1.1298076923077;0;15.480769230769;21.201923076923;github.com/GreenCharge/PMC.gridmix
ALL;20220102T120219;20190902T071500;20190902T073000;12.084021713477;0;0;6.2072220911022;11.399575171112;0;0;0;0;2.3837620958225;6.8444654236488;0;23.530800094406;0.070804814727401;2.4781685154591;0;14.821807882936;19.919754543309;github.com/GreenCharge/PMC.gridmix
ALL;20220102T120219;20190902T073000;20190902T074500;11.787773933103;0;0;6.4129181084198;11.464821222607;0;0;0;0;2.3068050749712;6.7358708189158;0;22.975778546713;0.069204152249135;4.0599769319493;0;14.071510957324;19.861591695502;github.com/GreenCharge/PMC.gridmix
ALL;20220102T120219;20190902T074500;20190902T080000;11.595189471296;0;0;7.6242341729067;11.481733605627;0;0;0;0;2.2691173133651;6.6712049012934;0;22.600408441116;0.068073519400953;5.854322668482;0;12.457454050374;19.128658951668;github.com/GreenCharge/PMC.gridmix
ALL;20220102T120219;20190902T080000;20190902T081500;11.297811187265;0;0;7.9814282555826;10.988282113641;0;0;0;0;3.0510722971479;6.5001105460977;0;22.065001105461;0.06632765863365;7.9151005969489;0;11.983196993146;17.908467831086;github.com/GreenCharge/PMC.gridmix
ALL;20220102T120219;20190902T081500;20190902T083000;11.123204179364;0;0;7.8580757509795;10.426643447976;0;0;0;0;3.1127557683936;6.464954288202;0;21.723987810187;0.065302568567697;9.9695254680017;0;13.016978667828;15.999129299086;github.com/GreenCharge/PMC.gridmix
ALL;20220102T120219;20190902T083000;20190902T084500;10.979802320584;0;0;7.7567683712935;9.9699183498066;0;0;0;0;3.072625698324;6.4245810055866;0;21.443919209282;0.064460678985819;12.097120756339;0;13.128491620112;14.825956166738;github.com/GreenCharge/PMC.gridmix
ALL;20220102T120219;20190902T084500;20190902T090000;11.123227917121;0;0;7.8953107960742;9.7491821155943;0;0;0;0;2.7699018538713;6.5866957470011;0;21.788440567067;0.065430752453653;14.591057797165;0;11.319520174482;13.871319520174;github.com/GreenCharge/PMC.gridmix
ALL;20220102T120219;20190902T090000;20190902T091500;11.010558069382;0;0;7.7784960137901;8.9851325145443;0;0;0;0;4.2016806722689;6.4856711915535;0;21.482439129498;0.064641241111829;16.914458090929;0;10.838181426417;12.00172376643;github.com/GreenCharge/PMC.gridmix
ALL;20220102T120219;20190902T091500;20190902T093000;10.769230769231;0;0;7.6080084299262;8.4299262381454;0;0;0;0;3.6037934668072;6.2170706006322;0;20.990516332982;0.063224446786091;19.114857744995;0;12.560590094837;10.41095890411;github.com/GreenCharge/PMC.gridmix
ALL;20220102T120219;20190902T093000;20190902T094500;10.714285714286;0;0;7.6050420168067;8.046218487395;0;0;0;0;3.0252100840336;6.0924369747899;0;20.945378151261;0.063025210084034;21.575630252101;0;11.785714285714;9.9159663865546;github.com/GreenCharge/PMC.gridmix
ALL;20220102T120219;20190902T094500;20190902T100000;10.813681750584;0;0;7.7331633736987;7.6694285107287;0;0;0;0;1.2322073507542;6.224771616741;0;20.990014871468;0.063734862970045;24.219247928617;0;11.599745060548;9.2203101763331;github.com/GreenCharge/PMC.gridmix
ALL;20220102T120219;20190902T100000;20190902T101500;10.468942821884;0;0;7.4660633484163;7.1369806663924;0;0;0;0;2.5709584533114;5.9234882764295;0;20.135746606335;0.061703002879473;25.627313862608;0;11.085972850679;9.296585767174;github.com/GreenCharge/PMC.gridmix
ALL;20220102T120219;20190902T101500;20190902T103000;10.438884331419;0;0;7.4446267432322;6.9524200164069;0;0;0;0;1.4150943396226;5.9680065627564;0;19.893355209188;0.061525840853158;27.645611156686;0;9.8646431501231;10.090237899918;github.com/GreenCharge/PMC.gridmix
ALL;20220102T120219;20190902T103000;20190902T104500;10.30449687437;0;0;7.3200241984271;6.8763863682194;0;0;0;0;0.22181891510385;5.8681185722928;0;19.540229885057;0.060496067755596;29.098608590442;0;9.0945755192579;11.393426093971;github.com/GreenCharge/PMC.gridmix
ALL;20220102T120219;20190902T104500;20190902T110000;9.9667774086379;0;0;7.0744576900528;6.6054328708227;0;0;0;0;0.21496970881376;5.686925933164;0;18.721907367598;0.058628102403752;29.704905217901;0;8.5206175493453;13.230408442447;github.com/GreenCharge/PMC.gridmix
ALL;20220102T120219;20190902T110000;20190902T111500;9.6324222431668;0;0;6.7860508953817;6.4467483506126;0;0;0;0;2.186616399623;5.7492931196984;0;17.851083883129;0.056550424128181;29.123468426013;0;7.8982092365693;14.062205466541;github.com/GreenCharge/PMC.gridmix
ALL;20220102T120219;20190902T111500;20190902T113000;9.7019176001519;0;0;6.8350104423771;6.5122460603759;0;0;0;0;1.2340991076514;5.8667172963736;0;17.846971710651;0.056958420353142;29.960129105753;0;7.4045946459085;14.37250806911;github.com/GreenCharge/PMC.gridmix
ALL;20220102T120219;20190902T113000;20190902T114500;9.7185241536706;0;0;6.8467097755801;6.4853556485356;0;0;0;0;0.91289463674401;5.8767592240396;0;17.744389501712;0.057055914796501;31.380753138075;0;6.0479269684291;14.720426017497;github.com/GreenCharge/PMC.gridmix
ALL;20220102T120219;20190902T114500;20190902T120000;9.7328244274809;0;0;6.8702290076336;6.412213740458;0;0;0;0;0.53435114503817;5.8396946564885;0;17.786259541985;0.057251908396947;31.793893129771;0;5.8778625954198;14.885496183206;github.com/GreenCharge/PMC.gridmix
ALL;20220102T120219;20190902T120000;20190902T121500;9.4609665427509;0;0;6.6728624535316;6.1524163568773;0;0;0;0;2.8996282527881;5.6505576208178;0;17.342007434944;0.055762081784387;31.245353159851;0;5.5390334572491;14.776951672862;github.com/GreenCharge/PMC.gridmix
ALL;20220102T120219;20190902T121500;20190902T123000;9.6915460776847;0;0;6.8354912414318;6.1881188118812;0;0;0;0;1.1614623000762;5.6930693069307;0;17.764661081493;0.057121096725057;31.854531607007;0;5.2741812642803;15.270373191165;github.com/GreenCharge/PMC.gridmix
ALL;20220102T120219;20190902T123000;20190902T124500;9.6401515151515;0;0;6.7992424242424;6.0795454545455;0;0;0;0;1.6287878787879;5.7575757575758;0;17.670454545455;0.056818181818182;31.837121212121;0;4.8295454545455;15.492424242424;github.com/GreenCharge/PMC.gridmix
ALL;20220102T120219;20190902T124500;20190902T130000;9.6095526914329;0;0;6.8043972706596;6.0652009097801;0;0;0;0;1.6679302501895;5.8567096285064;0;17.664897649735;0.056861258529189;31.709628506444;0;4.9090219863533;15.447308567096;github.com/GreenCharge/PMC.gridmix
ALL;20220102T120219;20190902T130000;20190902T131500;9.7275518035303;0;0;6.8879508825787;6.1204911742134;0;0;0;0;0.28779739063699;5.9094397544129;0;17.747505755948;0.057559478127398;31.945510360706;0;5.0844205679202;16.020721412126;github.com/GreenCharge/PMC.gridmix
ALL;20220102T120219;20190902T131500;20190902T133000;9.6724765370619;0;0;6.8760773798123;6.0524803677456;0;0;0;0;0.038306837770542;5.9758666922046;0;17.678605631105;0.057460256655813;32.196897146141;0;5.0948094234821;16.146332120283;github.com/GreenCharge/PMC.gridmix
ALL;20220102T120219;20190902T133000;20190902T134500;9.6263820053374;0;0;6.8433091879527;5.9283263438811;0;0;0;0;0.019062142584827;5.7377049180328;0;17.632481890965;0.05718642775448;32.500953107129;0;5.4136484940907;16.031261913839;github.com/GreenCharge/PMC.gridmix
ALL;20220102T120219;20190902T134500;20190902T140000;9.5671981776765;0;0;6.8147304479879;5.8086560364465;0;0;0;0;0.018982536066819;5.6757782839787;0;17.520880789674;0.056947608200456;32.687927107062;0;5.5618830675778;16.078208048595;github.com/GreenCharge/PMC.gridmix
ALL;20220102T120219;20190902T140000;20190902T141500;9.5211161387632;0;0;6.7119155354449;5.7880844645551;0;0;0;0;0.018853695324284;5.7126696832579;0;17.515082956259;0.056561085972851;31.693061840121;0;5.9954751131222;16.779788838612;github.com/GreenCharge/PMC.gridmix
ALL;20220102T120219;20190902T141500;20190902T143000;9.5789074355083;0;0;6.752655538695;5.7852807283763;0;0;0;0;0.01896813353566;5.747344461305;0;17.6593323217;0.05690440060698;30.823216995448;0;6.3922610015175;16.976479514416;github.com/GreenCharge/PMC.gridmix
ALL;20220102T120219;20190902T143000;20190902T144500;9.815712900097;0;0;6.905916585839;5.9553831231814;0;0;0;0;0.019398642095053;5.8777885548012;0;18.021338506305;0.05819592628516;30.145489815713;0;6.0911736178468;16.896217264791;github.com/GreenCharge/PMC.gridmix
ALL;20220102T120219;20190902T144500;20190902T150000;9.9314397649363;0;0;6.973555337904;6.0137120470127;0;0;0;0;0.019588638589618;5.896180215475;0;18.158667972576;0.058765915768854;30.068560235064;0;5.3672869735553;17.296767874633;github.com/GreenCharge/PMC.gridmix
ALL;20220102T120219;20190902T150000;20190902T151500;10.073369026373;0;0;6.9601427721594;6.0876462423161;0;0;0;0;0.019829466587349;5.968669442792;0;18.342256593298;0.059488399762046;29.664882014674;0;5.0961729129486;17.509418996629;github.com/GreenCharge/PMC.gridmix
ALL;20220102T120219;20190902T151500;20190902T153000;10.239388453028;0;0;6.9603701468517;6.1557030778515;0;0;0;0;0;6.0953530476765;0;18.56769261718;0.060350030175015;28.404747535707;0;5.1297525648763;18.16535908268;github.com/GreenCharge/PMC.gridmix
