LOC;Time;Start;End;Biomass;Lignite;Coal;Gas;HardCoal;Oil;Shale;Peat;Geothermal;HydroPumped;Hydro;Marine;Nuclear;OtherRES;Solar;Waste;WindOffShore;WindOnShore;SwID
ALL;20220102T120221;20210101T000000;20210101T001500;17.660936973374;0.16852039096731;0;13.886080215706;9.5382541287496;0;0;0;0;0;4.38153016515;0;34.984833164813;0.23592854735423;0;0;0.97741826761038;17.391304347826;github.com/GreenCharge/PMC.gridmix
ALL;20220102T120221;20210101T001500;20210101T003000;18.128453038674;0.17265193370166;0;13.674033149171;8.4944751381215;0;0;0;0;0;4.4198895027624;0;35.946132596685;0.24171270718232;0;0;1.0359116022099;17.092541436464;github.com/GreenCharge/PMC.gridmix
ALL;20220102T120221;20210101T003000;20210101T004500;18.290960451977;0.17655367231638;0;13.983050847458;7.4505649717514;0;0;0;0;0;4.5550847457627;0;36.758474576271;0.24717514124294;0;0;0.95338983050847;16.772598870056;github.com/GreenCharge/PMC.gridmix
ALL;20220102T120221;20210101T004500;20210101T010000;18.52909675116;0.17850767583006;0;14.066404855409;6.6761870760443;0;0;0;0;0;4.6054980364156;0;37.200999642985;0.24991074616208;0;0;1.2138521956444;16.458407711532;github.com/GreenCharge/PMC.gridmix
ALL;20220102T120221;20210101T010000;20210101T011500;18.955441928415;0.18261504747991;0;12.81957633309;6.172388604821;0;0;0;0;0;4.8210372534697;0;38.020452885318;0.25566106647188;0;0;1.3513513513514;16.581446311176;github.com/GreenCharge/PMC.gridmix
ALL;20220102T120221;20210101T011500;20210101T013000;19.416386083053;0.1870557426113;0;12.345679012346;5.2749719416386;0;0;0;0;0;4.8634493078938;0;38.945005611672;0.26187803965582;0;0;1.3093901982791;16.535727646839;github.com/GreenCharge/PMC.gridmix
ALL;20220102T120221;20210101T013000;20210101T014500;19.733840304183;0.19011406844106;0;12.54752851711;4.7528517110266;0;0;0;0;0;4.8669201520913;0;39.619771863118;0.26615969581749;0;0;1.06463878327;16.083650190114;github.com/GreenCharge/PMC.gridmix
ALL;20220102T120221;20210101T014500;20210101T020000;19.838833461243;0.19186492709133;0;12.624712202609;4.7966231772832;0;0;0;0;0;4.911742133538;0;39.984650805833;0.26861089792786;0;0;0.9976976208749;15.502686108979;github.com/GreenCharge/PMC.gridmix
ALL;20220102T120221;20210101T020000;20210101T021500;19.376642883965;0.18775816748029;0;12.241832519715;4.6939541870071;0;0;0;0;3.1543372136688;4.7690574539992;0;39.128802102891;0.2628614344724;0;0;0.82613593691326;14.494930529478;github.com/GreenCharge/PMC.gridmix
ALL;20220102T120221;20210101T021500;20210101T023000;19.930475086906;0.19312475859405;0;12.630359212051;4.8281189648513;0;0;0;0;0.69524913093859;4.7894940131325;0;40.363074546157;0.27037466203167;0;0;0.92699884125145;14.484356894554;github.com/GreenCharge/PMC.gridmix
ALL;20220102T120221;20210101T023000;20210101T024500;20.18779342723;0.19561815336463;0;12.793427230047;4.8904538341158;0;0;0;0;0;4.9295774647887;0;40.845070422535;0.27386541471049;0;0;1.0172143974961;13.967136150235;github.com/GreenCharge/PMC.gridmix
ALL;20220102T120221;20210101T024500;20210101T030000;20.292721518987;0.19778481012658;0;12.935126582278;4.9446202531646;0;0;0;0;0;4.9050632911392;0;41.21835443038;0.27689873417722;0;0;1.1075949367089;13.212025316456;github.com/GreenCharge/PMC.gridmix
ALL;20220102T120221;20210101T030000;20210101T031500;20.405727923628;0.19888623707239;0;13.126491646778;4.9721559268099;0;0;0;0;0;4.9323786793954;0;41.368337311058;0.27844073190135;0;0;1.1933174224344;12.60938743039;github.com/GreenCharge/PMC.gridmix
ALL;20220102T120221;20210101T031500;20210101T033000;20.544653584301;0.20024028834602;0;13.215859030837;5.0060072086504;0;0;0;0;0;4.8858630356428;0;41.770124148979;0.28033640368442;0;0;1.2815378454145;11.894273127753;github.com/GreenCharge/PMC.gridmix
ALL;20220102T120221;20210101T033000;20210101T034500;20.685483870968;0.20161290322581;0;13.306451612903;5.0403225806452;0;0;0;0;0;4.9596774193548;0;42.056451612903;0.28225806451613;0;0;1.2903225806452;11.25;github.com/GreenCharge/PMC.gridmix
ALL;20220102T120221;20210101T034500;20210101T040000;20.679886685552;0.20234722784298;0;13.354917037637;5.0586806960745;0;0;0;0;0;4.9372723593687;0;42.209631728045;0.28328611898017;0;0;1.3354917037637;11.007689194658;github.com/GreenCharge/PMC.gridmix
ALL;20220102T120221;20210101T040000;20210101T041500;20.753952168626;0.20267531414674;0;13.619781110661;5.1074179164978;0;0;0;0;0;4.9858127280097;0;42.23753546818;0.28374543980543;0;0;0.97284150790434;10.903931901094;github.com/GreenCharge/PMC.gridmix
ALL;20220102T120221;20210101T041500;20210101T043000;20.797720797721;0.2035002035002;0;13.675213675214;5.1282051282051;0;0;0;0;0;5.006105006105;0;42.409442409442;0.28490028490028;0;0;0.85470085470085;10.704110704111;github.com/GreenCharge/PMC.gridmix
ALL;20220102T120221;20210101T043000;20210101T044500;20.829943043124;0.20341741253051;0;13.751017087063;5.1261187957689;0;0;0;0;0;4.9633848657445;0;42.270138323841;0.28478437754272;0;0;0.85435313262815;10.781122864117;github.com/GreenCharge/PMC.gridmix
ALL;20220102T120221;20210101T044500;20210101T050000;20.790868324501;0.20383204239706;0;13.779046066042;5.1773338768854;0;0;0;0;0;4.932735426009;0;42.397064818589;0.28536485935589;0;0;1.0599266204647;10.43620057073;github.com/GreenCharge/PMC.gridmix
ALL;20220102T120221;20210101T050000;20210101T051500;20.573969280517;0.20210185933711;0;14.349232012935;5.1738075990299;0;0;0;0;0;4.8504446240905;0;42.118027485853;0.28294260307195;0;0;1.3742926434923;10.145513338723;github.com/GreenCharge/PMC.gridmix
ALL;20220102T120221;20210101T051500;20210101T053000;20.615633859862;0.2025111381126;0;14.378290805994;5.1842851356825;0;0;0;0;0;4.8602673147023;0;42.081814499797;0.28351559335763;0;0;1.6605913325233;9.8015390846497;github.com/GreenCharge/PMC.gridmix
ALL;20220102T120221;20210101T053000;20210101T054500;20.550161812298;0.20226537216828;0;14.360841423948;5.1779935275081;0;0;0;0;0;4.8543689320388;0;42.03074433657;0.2831715210356;0;0;1.9417475728155;9.668284789644;github.com/GreenCharge/PMC.gridmix
ALL;20220102T120221;20210101T054500;20210101T060000;20.601381552215;0.20316944331573;0;14.425030475416;5.2417716375457;0;0;0;0;0;4.8760666395774;0;42.340511986997;0.28443722064202;0;0;2.0316944331573;9.0613571718813;github.com/GreenCharge/PMC.gridmix
ALL;20220102T120221;20210101T060000;20210101T061500;20.502431118314;0.20259319286872;0;14.627228525122;5.226904376013;0;0;0;0;0;4.8622366288493;0;42.220421393841;0.28363047001621;0;0;2.1880064829822;8.9546191247974;github.com/GreenCharge/PMC.gridmix
ALL;20220102T120221;20210101T061500;20210101T063000;20.476575121163;0.20193861066236;0;14.579967689822;5.2100161550889;0;0;0;0;0;4.967689822294;0;42.084006462036;0.2827140549273;0;0;2.4232633279483;8.8449111470113;github.com/GreenCharge/PMC.gridmix
ALL;20220102T120221;20210101T063000;20210101T064500;20.494127176995;0.2025111381126;0;14.621304171729;5.2652895909275;0;0;0;0;0;4.9817739975699;0;42.203321182665;0.28351559335763;0;0;2.3491292021061;8.6674767112191;github.com/GreenCharge/PMC.gridmix
ALL;20220102T120221;20210101T064500;20210101T070000;20.578647106764;0.20374898125509;0;14.710676446618;5.3789731051345;0;0;0;0;0;5.0529747351263;0;42.420537897311;0.28524857375713;0;0;1.7522412387938;8.679706601467;github.com/GreenCharge/PMC.gridmix
ALL;20220102T120221;20210101T070000;20210101T071500;20.612244897959;0.20408163265306;0;15.061224489796;5.5102040816327;0;0;0;0;0;5.0204081632653;0;42.530612244898;0.28571428571429;0;0;1.469387755102;8.3673469387755;github.com/GreenCharge/PMC.gridmix
ALL;20220102T120221;20210101T071500;20210101T073000;20.560747663551;0.20316944331573;0;15.034538805364;5.5668427468509;0;0;0;0;0.24380333197887;4.9167005282406;0;42.340511986997;0.28443722064202;0;0;1.5440877691995;8.3705810646079;github.com/GreenCharge/PMC.gridmix
ALL;20220102T120221;20210101T073000;20210101T074500;20.371117386043;0.20169423154498;0;14.925373134328;5.5264219443324;0;0;0;0;0.40338846308996;4.8810004033885;0;42.033077853973;0.28237192416297;0;0;1.7749092375958;8.672851956434;github.com/GreenCharge/PMC.gridmix
ALL;20220102T120221;20210101T074500;20210101T080000;20.354695687223;0.20153164046755;0;14.913341394599;5.521966948811;0;0;0;0;0.40306328093511;4.8770656993148;0;41.999193873438;0.28214429665457;0;0;1.894397420395;8.6255542120113;github.com/GreenCharge/PMC.gridmix
ALL;20220102T120221;20210101T080000;20210101T081500;20.239520958084;0.19960079840319;0;14.850299401198;5.5489021956088;0;0;0;0;0.35928143712575;4.7904191616766;0;41.596806387226;0.27944111776447;0.19960079840319;0;2.1157684630739;8.9021956087824;github.com/GreenCharge/PMC.gridmix
ALL;20220102T120221;20210101T081500;20210101T083000;20.135027799841;0.19857029388403;0;14.733915806195;5.5202541699762;0;0;0;0;0.27799841143765;4.72597299444;0;41.42176330421;0.27799841143765;0.71485305798253;0;2.1048451151708;8.9753772835584;github.com/GreenCharge/PMC.gridmix
ALL;20220102T120221;20210101T083000;20210101T084500;20.047355958958;0.19731649565904;0;14.640883977901;5.4853985793212;0;0;0;0;0.23677979479084;4.6172059984215;0;41.199684293607;0.27624309392265;1.3812154696133;0;1.8942383583268;9.1160220994475;github.com/GreenCharge/PMC.gridmix
ALL;20220102T120221;20210101T084500;20210101T090000;19.813156870378;0.19462826002336;0;14.441416893733;5.4106656286493;0;0;0;0;0.15570260801868;4.6710782405605;0;40.599455040872;0.2724795640327;2.6469443363176;0;1.7516543402102;9.1475282210977;github.com/GreenCharge/PMC.gridmix
ALL;20220102T120221;20210101T090000;20210101T091500;19.584455559831;0.19238168526356;0;14.274721046556;5.4636398614852;0;0;0;0;0;4.5786841092728;0;40.130819545979;0.26933435936899;4.1169680646402;0;1.3081954597922;9.1958445555983;github.com/GreenCharge/PMC.gridmix
ALL;20220102T120221;20210101T091500;20210101T093000;19.374523264683;0.1906941266209;0;14.149504195271;5.4157131960336;0;0;0;0;0;4.5385202135774;0;39.77879481312;0.26697177726926;5.5301296720061;0;0.87719298245614;9.0007627765065;github.com/GreenCharge/PMC.gridmix
ALL;20220102T120221;20210101T093000;20210101T094500;19.142534787514;0.18804061677322;0;13.952613764573;5.3403535163595;0;0;0;0;0;4.5129748025574;0;39.225272658894;0.26325686348251;6.9951109439639;0;0.90259496051147;8.6122602482136;github.com/GreenCharge/PMC.gridmix
ALL;20220102T120221;20210101T094500;20210101T100000;18.837897853442;0.18504811250925;0;13.730569948187;5.2553663952628;0;0;0;0;0;4.4781643227239;0;38.638045891932;0.25906735751295;8.2161361954108;0;1.3323464100666;8.2161361954108;github.com/GreenCharge/PMC.gridmix
ALL;20220102T120221;20210101T100000;20210101T101500;18.471568272365;0.18109380659181;0;13.400941687794;5.0344078232524;0;0;0;0;0;4.3824701195219;0;37.812386816371;0.25353132922854;9.5979717493662;0;2.4266570083303;7.6059398768562;github.com/GreenCharge/PMC.gridmix
ALL;20220102T120221;20210101T101500;20210101T103000;18.191527233891;0.17799928800285;0;13.207547169811;4.9483802064792;0;0;0;0;0;4.3431826272695;0;37.130651477394;0.24919900320399;11.071555713777;0;2.812388750445;7.0487718049128;github.com/GreenCharge/PMC.gridmix
ALL;20220102T120221;20210101T103000;20210101T104500;17.776228651098;0.17427675148135;0;13.384454513768;4.8448936911816;0;0;0;0;0;4.2872080864413;0;36.35413035901;0.24398745207389;12.61763680725;0;2.8232833739979;6.6922272568839;github.com/GreenCharge/PMC.gridmix
ALL;20220102T120221;20210101T104500;20210101T110000;17.486338797814;0.1707650273224;0;13.558743169399;4.7472677595628;0;0;0;0;0;4.1666666666667;0;35.621584699454;0.23907103825137;13.934426229508;0;2.8005464480874;6.4890710382514;github.com/GreenCharge/PMC.gridmix
ALL;20220102T120221;20210101T110000;20210101T111500;17.105701900634;0.16672224074692;0;14.438146048683;4.5681893964655;0;0;0;0;0;4.0346782260754;0;34.811603867956;0.23341113704568;14.871623874625;0;2.9009669889963;6.1020340113371;github.com/GreenCharge/PMC.gridmix
ALL;20220102T120221;20210101T111500;20210101T113000;16.618075801749;0.16196954972465;0;15.775834143181;4.4379656624555;0;0;0;0;0;3.9196631033366;0;33.819241982507;0.22675736961451;15.451895043732;0;3.0774214447684;5.7661159701976;github.com/GreenCharge/PMC.gridmix
ALL;20220102T120221;20210101T113000;20210101T114500;16.244458518049;0.15832805573148;0;16.054464851172;4.3381887270424;0;0;0;0;0;3.9265357821406;0;33.027232425586;0.22165927802407;16.276124129196;0;3.6098796706776;5.4148195060165;github.com/GreenCharge/PMC.gridmix
ALL;20220102T120221;20210101T114500;20210101T120000;15.973741794311;0.15629884338856;0;15.754923413567;4.2825883088465;0;0;0;0;0.21881838074398;3.8762113160363;0;32.603938730853;0.21881838074398;17.224132541419;0;3.7824320100031;5.1891216005002;github.com/GreenCharge/PMC.gridmix
ALL;20220102T120221;20210101T120000;20210101T121500;15.882352941176;0.15479876160991;0;15.479876160991;4.2105263157895;0;0;0;0;0.37151702786378;3.8390092879257;0;32.291021671827;0.21671826625387;18.080495356037;0;3.7770897832817;4.984520123839;github.com/GreenCharge/PMC.gridmix
ALL;20220102T120221;20210101T121500;20210101T123000;15.726548129982;0.15328019619865;0;15.328019619865;4.1692213366033;0;0;0;0;0.64377682403433;3.7706928264868;0;31.974248927039;0.21459227467811;18.424279583078;0;4.0159411404047;4.8743102391171;github.com/GreenCharge/PMC.gridmix
ALL;20220102T120221;20210101T123000;20210101T124500;15.699450213806;0.15271838729383;0;15.271838729383;4.1539401343922;0;0;0;0;0.64141722663409;3.787416004887;0;31.857055589493;0.21380574221136;18.234575442883;0;4.4899205864386;4.7953573610263;github.com/GreenCharge/PMC.gridmix
ALL;20220102T120221;20210101T124500;20210101T130000;15.689865689866;0.15262515262515;0;15.262515262515;4.1514041514042;0;0;0;0;0.64102564102564;3.7851037851038;0;31.837606837607;0.21367521367521;18.040293040293;0;4.7619047619048;4.7619047619048;github.com/GreenCharge/PMC.gridmix
ALL;20220102T120221;20210101T130000;20210101T131500;15.698205050198;0.1521143900213;0;14.9984788561;4.107088530575;0;0;0;0;1.1256464861576;3.8028597505324;0;31.731061758442;0.21296014602981;17.614846364466;0;5.1414663827198;4.7155460906602;github.com/GreenCharge/PMC.gridmix
ALL;20220102T120221;20210101T131500;20210101T133000;15.683890577508;0.15197568389058;0;14.984802431611;4.1033434650456;0;0;0;0;1.1550151975684;3.7993920972644;0;31.702127659574;0.21276595744681;17.112462006079;0;5.5623100303951;4.8328267477204;github.com/GreenCharge/PMC.gridmix
ALL;20220102T120221;20210101T133000;20210101T134500;15.695203400121;0.15179113539769;0;14.966605950213;4.0983606557377;0;0;0;0;1.0018214936248;3.8251366120219;0;31.663630843959;0.21250758955677;16.484517304189;0;6.2841530054645;4.9180327868852;github.com/GreenCharge/PMC.gridmix
ALL;20220102T120221;20210101T134500;20210101T140000;15.82976117575;0.15309246785058;0;15.156154317208;4.1334966319657;0;0;0;0;1.1635027556644;3.8579301898347;0;31.904470300061;0.21432945499081;15.554194733619;0;6.2155541947336;5.1132884262094;github.com/GreenCharge/PMC.gridmix
ALL;20220102T120221;20210101T140000;20210101T141500;15.889570552147;0.15337423312883;0;15.521472392638;4.1411042944785;0;0;0;0;2.3006134969325;3.8650306748466;0;31.963190184049;0.21472392638037;14.018404907975;0;5.8282208588957;5.398773006135;github.com/GreenCharge/PMC.gridmix
ALL;20220102T120221;20210101T141500;20210101T143000;16.081962123564;0.155231294629;0;16.827072337783;4.1912449549829;0;0;0;0;0.68301769636759;3.9118286246507;0;32.381248059609;0.2173238124806;12.480596088171;0;6.6749456690469;5.6814653834213;github.com/GreenCharge/PMC.gridmix
ALL;20220102T120221;20210101T143000;20210101T144500;16.481422673865;0.15878056525881;0;17.529374404573;4.2870752619879;0;0;0;0;0.66687837408701;3.9695141314703;0;33.121625912988;0.22229279136234;10.892346776755;0;5.9701492537313;5.9701492537313;github.com/GreenCharge/PMC.gridmix
ALL;20220102T120221;20210101T144500;20210101T150000;16.736536601096;0.16123831022251;0;19.348597226701;4.3534343760077;0;0;0;0;0.67720090293454;3.9987100935182;0;33.634311512415;0.22573363431151;9.0293453724605;0;4.8049016446308;6.2882940986778;github.com/GreenCharge/PMC.gridmix
ALL;20220102T120221;20210101T150000;20210101T151500;17.211760819293;0.16518004625041;0;19.326065411298;4.4928972580112;0;0;0;0;0.69375619425173;4.0634291377602;0;34.456557647836;0.23125206475058;7.1357779980178;0;4.5920052857615;6.8714899240172;github.com/GreenCharge/PMC.gridmix
ALL;20220102T120221;20210101T151500;20210101T153000;17.458193979933;0.16722408026756;0;20.033444816054;4.5484949832776;0;0;0;0;0.70234113712375;4.1471571906355;0;34.882943143813;0.23411371237458;4.8494983277592;0;4.9498327759197;7.257525083612;github.com/GreenCharge/PMC.gridmix
ALL;20220102T120221;20210101T153000;20210101T154500;17.365269461078;0.16633399866933;0;21.390552228876;4.5242847638057;0;0;0;0;0.73186959414504;4.1583499667332;0;34.697272122422;0.23286759813706;2.8276779773786;0;5.3892215568862;7.7511643379907;github.com/GreenCharge/PMC.gridmix
ALL;20220102T120221;20210101T154500;20210101T160000;17.382617382617;0.16650016650017;0;22.277722277722;4.5288045288045;0;0;0;0;0.73260073260073;4.2957042957043;0;34.731934731935;0.23310023310023;1.2987012987013;0;5.0949050949051;8.4915084915085;github.com/GreenCharge/PMC.gridmix
ALL;20220102T120221;20210101T160000;20210101T161500;17.15412421952;0.16431153466973;0;23.135064081499;4.5021360499507;0;0;0;0;0.69010844561288;4.2720999014131;0;34.242523825173;0.23003614853763;0.42720999014131;0;5.1593821886296;9.267170555373;github.com/GreenCharge/PMC.gridmix
ALL;20220102T120221;20210101T161500;20210101T163000;16.822429906542;0.16113438607799;0;23.20335159523;4.4473090557525;0;0;0;0;0.70899129874315;4.1894940380277;0;33.644859813084;0.22558814050918;0.096680631646793;0;5.7363841443764;10.022558814051;github.com/GreenCharge/PMC.gridmix
ALL;20220102T120221;20210101T163000;20210101T164500;16.634860050891;0.15903307888041;0;23.091603053435;4.3893129770992;0;0;0;0;0.95419847328244;4.1984732824427;0;33.206106870229;0.22264631043257;0;0;5.6933842239186;10.718829516539;github.com/GreenCharge/PMC.gridmix
ALL;20220102T120221;20210101T164500;20210101T170000;16.081330868762;0.15403573629082;0;22.365988909427;4.4054220579174;0;0;0;0;2.9574861367837;3.943314849045;0;32.131854590265;0.21565003080715;0;0;5.8841651263093;11.152187307455;github.com/GreenCharge/PMC.gridmix
ALL;20220102T120221;20210101T170000;20210101T171500;16.257382654647;0.15542430836183;0;22.412185265776;4.6005595275101;0;0;0;0;2.0205160087038;3.8545228473733;0;32.390425862605;0.21759403170656;0;0;5.5331053776811;11.843332297171;github.com/GreenCharge/PMC.gridmix
ALL;20220102T120221;20210101T171500;20210101T173000;16.227117592305;0.15513496742166;0;22.680732237046;4.7471300031027;0;0;0;0;1.2410797393733;4.0645361464474;0;32.330127210673;0.21718895439032;0;0;5.1815079118833;12.441824387217;github.com/GreenCharge/PMC.gridmix
ALL;20220102T120221;20210101T173000;20210101T174500;16.113161131611;0.15375153751538;0;22.570725707257;4.8585485854859;0;0;0;0;1.6605166051661;3.9667896678967;0;32.041820418204;0.21525215252153;0;0;4.520295202952;13.191881918819;github.com/GreenCharge/PMC.gridmix
ALL;20220102T120221;20210101T174500;20210101T180000;16.076378195257;0.15398829688944;0;22.605481983369;4.8660301817062;0;0;0;0;1.4166923313828;3.9728980597475;0;32.091161071759;0.21558361564521;0;0;4.096088697259;13.797351401294;github.com/GreenCharge/PMC.gridmix
ALL;20220102T120221;20210101T180000;20210101T181500;15.63245823389;0.1491646778043;0;21.957040572792;4.7136038186158;0;0;0;0;3.9081145584726;3.8782816229117;0;31.085918854415;0.20883054892601;0;0;3.7291169451074;14.051312649165;github.com/GreenCharge/PMC.gridmix
ALL;20220102T120221;20210101T181500;20210101T183000;15.480059084195;0.14771048744461;0;21.742983751846;4.6676514032496;0;0;0;0;4.3426883308715;3.8404726735598;0;30.782865583456;0.20679468242245;0;0;3.781388478582;14.327917282127;github.com/GreenCharge/PMC.gridmix
ALL;20220102T120221;20210101T183000;20210101T184500;15.509601181684;0.14771048744461;0;21.742983751846;4.6676514032496;0;0;0;0;3.8109305760709;3.8109305760709;0;30.782865583456;0.20679468242245;0;0;4.0768094534712;14.564254062038;github.com/GreenCharge/PMC.gridmix
ALL;20220102T120221;20210101T184500;20210101T190000;15.48463356974;0.14775413711584;0;21.749408983452;4.6690307328605;0;0;0;0;2.7777777777778;3.8120567375887;0;30.791962174941;0.20685579196217;0;0;4.934988179669;14.745862884161;github.com/GreenCharge/PMC.gridmix
ALL;20220102T120221;20210101T190000;20210101T191500;15.585960737656;0.14872099940512;0;21.861986912552;4.6995835812017;0;0;0;0;2.2605591909578;3.807257584771;0;31.023200475907;0.20820939916716;0;0;4.4913741820345;15.229030339084;github.com/GreenCharge/PMC.gridmix
ALL;20220102T120221;20210101T191500;20210101T193000;15.698022768125;0.14979029358898;0;22.049131216297;4.7333732774116;0;0;0;0;1.1384062312762;3.80467345716;0;31.24625524266;0.20970641102457;0;0;4.5236668663871;15.75793888556;github.com/GreenCharge/PMC.gridmix
ALL;20220102T120221;20210101T193000;20210101T194500;15.618479880775;0.14903129657228;0;21.847988077496;4.7093889716841;0;0;0;0;1.1922503725782;3.7555886736215;0;31.087928464978;0.20864381520119;0;0;4.8286140089419;15.91654247392;github.com/GreenCharge/PMC.gridmix
ALL;20220102T120221;20210101T194500;20210101T200000;15.693321353699;0.1497454327643;0;21.293800539084;4.7319556753519;0;0;0;0;1.1380652890087;3.7735849056604;0;31.20694818808;0.20964360587002;0;0;4.8817011081162;16.23240491165;github.com/GreenCharge/PMC.gridmix
ALL;20220102T120221;20210101T200000;20210101T201500;15.40500736377;0.14727540500736;0;21.00147275405;4.6539027982327;0;0;0;0;2.4153166421208;3.740795287187;0;30.692194403535;0.20618556701031;0;0;5.1546391752577;15.905743740795;github.com/GreenCharge/PMC.gridmix
ALL;20220102T120221;20210101T201500;20210101T203000;15.473372781065;0.14792899408284;0;21.568047337278;4.6745562130178;0;0;0;0;1.8934911242604;3.7573964497041;0;30.828402366864;0.20710059171598;0;0;4.7633136094675;16.005917159763;github.com/GreenCharge/PMC.gridmix
ALL;20220102T120221;20210101T203000;20210101T204500;15.937595594983;0.15295197308045;0;20.985010706638;4.8332823493423;0;0;0;0;0.85653104925054;3.9155705108596;0;31.905781584582;0.21413276231263;0;0;3.732028143163;16.763536249618;github.com/GreenCharge/PMC.gridmix
ALL;20220102T120221;20210101T204500;20210101T210000;16.171003717472;0.1548946716233;0;20.662949194548;4.7397769516729;0;0;0;0;0.8364312267658;3.996282527881;0;32.280049566295;0.21685254027261;0;0;3.2527881040892;16.976456009913;github.com/GreenCharge/PMC.gridmix
ALL;20220102T120221;20210101T210000;20210101T211500;15.871085436303;0.15202189115233;0;21.283064761326;4.4998479781088;0;0;0;0;1.5506232897537;4.0133779264214;0;31.681362116145;0.21283064761326;0;0;3.0100334448161;17.026451809061;github.com/GreenCharge/PMC.gridmix
ALL;20220102T120221;20210101T211500;20210101T213000;15.787878787879;0.15151515151515;0;21.181818181818;4.3939393939394;0;0;0;0;1.7575757575758;4;0;31.575757575758;0.21212121212121;0;0;3.3333333333333;16.909090909091;github.com/GreenCharge/PMC.gridmix
ALL;20220102T120221;20210101T213000;20210101T214500;15.783096031506;0.1514692517419;0;21.175401393517;4.2714328991215;0;0;0;0;1.6964556195092;4.0290820963344;0;31.566192063011;0.21205695243865;0;0;3.1808542865798;17.237200848228;github.com/GreenCharge/PMC.gridmix
ALL;20220102T120221;20210101T214500;20210101T220000;15.575485799701;0.14947683109118;0;20.896860986547;4.0956651718984;0;0;0;0;1.6143497757848;3.9760837070254;0;31.150971599402;0.20926756352765;0;0;4.2451420029895;17.399103139013;github.com/GreenCharge/PMC.gridmix
ALL;20220102T120221;20210101T220000;20210101T221500;15.596056169704;0.14938751120406;0;19.599641469973;3.7645652823424;0;0;0;0;2.390200179265;3.9438302957873;0;31.102479832686;0.20914251568569;0;0;5.2883178966238;17.26919629519;github.com/GreenCharge/PMC.gridmix
ALL;20220102T120221;20210101T221500;20210101T223000;15.834090221011;0.15137753557372;0;19.376324553436;3.8147138964578;0;0;0;0;1.7257039055404;3.9358159249167;0;31.456251892219;0.21192854980321;0;0;5.0560096881623;17.74144716924;github.com/GreenCharge/PMC.gridmix
ALL;20220102T120221;20210101T223000;20210101T224500;16.106140080222;0.15427337241592;0;19.561863622339;3.8876889848812;0;0;0;0;0.12341869793274;4.0419623572971;0;32.027152113545;0.21598272138229;0;0;4.6590558469608;18.512804689911;github.com/GreenCharge/PMC.gridmix
ALL;20220102T120221;20210101T224500;20210101T230000;16.180124223602;0.15527950310559;0;19.254658385093;3.8819875776398;0;0;0;0;0;3.9751552795031;0;32.329192546584;0.21739130434783;0;0;4.8447204968944;18.447204968944;github.com/GreenCharge/PMC.gridmix
ALL;20220102T120221;20210101T230000;20210101T231500;16.656010230179;0.15984654731458;0;17.391304347826;3.8682864450128;0;0;0;0;0;4.0601023017903;0;33.248081841432;0.22378516624041;0;0;5.1150895140665;18.542199488491;github.com/GreenCharge/PMC.gridmix
ALL;20220102T120221;20210101T231500;20210101T233000;17.071569271175;0.16414970453053;0;16.579120157584;3.9395929087328;0;0;0;0;0;4.1694024950755;0;34.175968483257;0.22980958634274;0;0;4.1365725541694;18.778726198293;github.com/GreenCharge/PMC.gridmix
ALL;20220102T120221;20210101T233000;20210101T234500;17.502524402558;0.16829350387075;0;15.987882867721;4.039044092898;0;0;0;0;0;4.2409962975429;0;35.03870750589;0.23561090541905;0;0;2.9619656681252;19.050824638169;github.com/GreenCharge/PMC.gridmix
ALL;20220102T120221;20210101T234500;20210102T000000;17.77397260274;0.17123287671233;0;15.171232876712;4.1095890410959;0;0;0;0;0;4.3150684931507;0;35.513698630137;0.23972602739726;0;0;2.5684931506849;19.349315068493;github.com/GreenCharge/PMC.gridmix
ALL;20220102T120221;20210102T000000;20210102T001500;18.020833333333;0.17361111111111;0;14.895833333333;4.2361111111111;0;0;0;0;0;4.2361111111111;0;35.416666666667;0.24305555555556;0;0;2.5694444444444;19.409722222222;github.com/GreenCharge/PMC.gridmix
ALL;20220102T120221;20210102T001500;20210102T003000;18.287526427061;0.17618040873855;0;13.812544045102;4.2988019732206;0;0;0;0;0;4.2635658914729;0;36.011275546159;0.24665257223397;0;0;2.8541226215645;19.238900634249;github.com/GreenCharge/PMC.gridmix
ALL;20220102T120221;20210102T003000;20210102T004500;18.493395215994;0.17850767583006;0;12.88825419493;4.3555872902535;0;0;0;0;0;4.3555872902535;0;36.772581220992;0.24991074616208;0;0;2.4634059264548;19.421635130311;github.com/GreenCharge/PMC.gridmix
ALL;20220102T120221;20210102T004500;20210102T010000;18.461538461538;0.1788908765653;0;12.486583184258;4.3649373881932;0;0;0;0;0;4.4007155635063;0;37.066189624329;0.25044722719141;0;0;2.4686940966011;19.499105545617;github.com/GreenCharge/PMC.gridmix
ALL;20220102T120221;20210102T010000;20210102T011500;18.409742120344;0.17908309455587;0;12.5;4.3696275071633;0;0;0;0;0;4.3696275071633;0;37.070200573066;0.25071633237822;0;0;2.4713467048711;19.555873925501;github.com/GreenCharge/PMC.gridmix
ALL;20220102T120221;20210102T011500;20210102T013000;18.396564065855;0.17895490336435;0;12.491052254832;4.3664996420902;0;0;0;0;0;4.4022906227631;0;36.864710093057;0.25053686471009;0;0;2.8990694345025;19.32712956335;github.com/GreenCharge/PMC.gridmix
ALL;20220102T120221;20210102T013000;20210102T014500;18.269230769231;0.17806267806268;0;12.428774928775;4.3447293447293;0;0;0;0;0;4.3803418803419;0;36.894586894587;0.24928774928775;0;0;3.4900284900285;18.945868945869;github.com/GreenCharge/PMC.gridmix
ALL;20220102T120221;20210102T014500;20210102T020000;18.400286944046;0.1793400286944;0;12.517934002869;4.3758967001435;0;0;0;0;0;4.4117647058824;0;37.123385939742;0.25107604017217;0;0;3.3715925394548;18.543758967001;github.com/GreenCharge/PMC.gridmix
ALL;20220102T120221;20210102T020000;20210102T021500;18.456014362657;0.17953321364452;0;12.531418312388;4.3806104129264;0;0;0;0;0;4.4165170556553;0;37.019748653501;0.25134649910233;0;0;3.6983842010772;18.240574506284;github.com/GreenCharge/PMC.gridmix
ALL;20220102T120221;20210102T021500;20210102T023000;18.256227758007;0.1779359430605;0;12.419928825623;4.3416370106762;0;0;0;0;0;4.3416370106762;0;36.619217081851;0.2491103202847;0;0;4.8042704626335;17.97153024911;github.com/GreenCharge/PMC.gridmix
ALL;20220102T120221;20210102T023000;20210102T024500;18.282252316465;0.17818959372773;0;12.437633642195;4.3478260869565;0;0;0;0;0;4.3834640057021;0;36.707056307912;0.24946543121882;0;0;4.4547398431932;18.139700641483;github.com/GreenCharge/PMC.gridmix
ALL;20220102T120221;20210102T024500;20210102T030000;18.381294964029;0.17985611510791;0;12.553956834532;4.3884892086331;0;0;0;0;0;4.4244604316547;0;37.014388489209;0.25179856115108;0;0;3.7410071942446;18.237410071942;github.com/GreenCharge/PMC.gridmix
ALL;20220102T120221;20210102T030000;20210102T031500;18.507787033683;0.18109380659181;0;12.60412893879;4.4186888808403;0;0;0;0;0;4.3824701195219;0;37.305324157914;0.25353132922854;0;0;3.2596885186527;18.254255704455;github.com/GreenCharge/PMC.gridmix
ALL;20220102T120221;20210102T031500;20210102T033000;18.563092633115;0.18234865061999;0;12.691466083151;4.4857768052516;0;0;0;0;0;4.4128373450036;0;37.454412837345;0.25528811086798;0;0;2.9175784099198;18.198395331875;github.com/GreenCharge/PMC.gridmix
ALL;20220102T120221;20210102T033000;20210102T034500;18.549562682216;0.18221574344023;0;12.68221574344;4.4825072886297;0;0;0;0;0;4.4096209912536;0;37.390670553936;0.25510204081633;0;0;2.8790087463557;18.330903790087;github.com/GreenCharge/PMC.gridmix
ALL;20220102T120221;20210102T034500;20210102T040000;18.469945355191;0.18214936247723;0;12.677595628415;4.4808743169399;0;0;0;0;0;4.3351548269581;0;37.413479052823;0.25500910746812;0;0;2.9143897996357;18.433515482696;github.com/GreenCharge/PMC.gridmix
ALL;20220102T120221;20210102T040000;20210102T041500;18.422965116279;0.18168604651163;0;12.754360465116;4.5058139534884;0;0;0;0;0;4.3241279069767;0;37.609011627907;0.25436046511628;0;0;2.6526162790698;18.459302325581;github.com/GreenCharge/PMC.gridmix
ALL;20220102T120221;20210102T041500;20210102T043000;18.460415906603;0.18241517694272;0;12.805545421379;4.5238963881795;0;0;0;0;0;4.3414812112368;0;37.796424662532;0.25538124771981;0;0;2.480846406421;18.314483765049;github.com/GreenCharge/PMC.gridmix
ALL;20220102T120221;20210102T043000;20210102T044500;18.449099595737;0.18375597206909;0;12.973171628078;4.5571481073135;0;0;0;0;0;4.3733921352444;0;38.11098860713;0.25725836089673;0;0;2.2785740536567;17.971334068357;github.com/GreenCharge/PMC.gridmix
ALL;20220102T120221;20210102T044500;20210102T050000;18.422991893884;0.18422991893884;0;13.006632277082;4.5689019896831;0;0;0;0;0;4.3846720707443;0;38.246131171702;0.25792188651437;0;0;2.4318349299926;17.64922623434;github.com/GreenCharge/PMC.gridmix
ALL;20220102T120221;20210102T050000;20210102T051500;18.318649045521;0.18355359765051;0;13.509544787078;4.5888399412628;0;0;0;0;0.073421439060206;4.3318649045521;0;38.142437591777;0.25697503671072;0;0;2.6798825256975;17.070484581498;github.com/GreenCharge/PMC.gridmix
ALL;20220102T120221;20210102T051500;20210102T053000;18.15866084425;0.18195050946143;0;13.391557496361;4.5487627365357;0;0;0;0;1.018922852984;4.330422125182;0;37.809315866084;0.254730713246;0;0;2.9839883551674;16.484716157205;github.com/GreenCharge/PMC.gridmix
ALL;20220102T120221;20210102T053000;20210102T054500;17.904556871188;0.17940437746681;0;13.204162181557;4.4851094366703;0;0;0;0;2.4398995335486;4.2339433082167;0;37.280229637603;0.25116612845353;0;0;3.2292787944026;15.966989594546;github.com/GreenCharge/PMC.gridmix
ALL;20220102T120221;20210102T054500;20210102T060000;17.809694793537;0.17953321364452;0;13.213644524237;4.524236983842;0;0;0;0;2.4416517055655;4.2369838420108;0;37.307001795332;0.25134649910233;0;0;3.0520646319569;16.157989228007;github.com/GreenCharge/PMC.gridmix
ALL;20220102T120221;20210102T060000;20210102T061500;18.099053168245;0.18208302986162;0;13.546977421704;4.5884923525127;0;0;0;0;0.98324836125273;4.2971595047342;0;37.764020393299;0.25491624180626;0;0;3.3139111434814;16.132556445739;github.com/GreenCharge/PMC.gridmix
ALL;20220102T120221;20210102T061500;20210102T063000;18.069666182874;0.18142235123367;0;13.497822931785;5.8417997097242;0;0;0;0;0.29027576197388;4.2452830188679;0;37.626995645864;0.25399129172714;0;0;3.55587808418;15.602322206096;github.com/GreenCharge/PMC.gridmix
ALL;20220102T120221;20210102T063000;20210102T064500;17.952415284787;0.1802451333814;0;13.410237923576;6.4888248017304;0;0;0;0;0.28839221341024;4.2177361211247;0;37.346791636626;0.25234318673396;0;0;3.8932948810382;15.140591204037;github.com/GreenCharge/PMC.gridmix
ALL;20220102T120221;20210102T064500;20210102T070000;17.776178481468;0.17992083483267;0;13.386110111551;6.8369917236416;0;0;0;0;0.21590500179921;4.2101475350846;0;37.27959697733;0.25188916876574;0;0;4.4620367038503;14.573587621447;github.com/GreenCharge/PMC.gridmix
ALL;20220102T120221;20210102T070000;20210102T071500;17.707961442342;0.17850767583006;0;13.780792574081;7.1760085683684;0;0;0;0;0.17850767583006;4.1770796144234;0;36.915387361657;0.24991074616208;0;0;5.1053195287397;13.709389503749;github.com/GreenCharge/PMC.gridmix
ALL;20220102T120221;20210102T071500;20210102T073000;17.548845470693;0.17761989342806;0;13.712255772647;7.7442273534636;0;0;0;0;0.14209591474245;4.1918294849023;0;36.731793960924;0.24866785079929;0;0;5.3285968028419;13.35701598579;github.com/GreenCharge/PMC.gridmix
ALL;20220102T120221;20210102T073000;20210102T074500;17.454160789845;0.17630465444288;0;14.10437235543;8.5331452750353;0;0;0;0;0.1410437235543;4.2313117066291;0;36.459802538787;0.24682651622003;0;0;5.0423131170663;12.799717912553;github.com/GreenCharge/PMC.gridmix
ALL;20220102T120221;20210102T074500;20210102T080000;17.472643840452;0.17649135192376;0;14.578185668902;8.8951641369573;0;0;0;0;0.10589481115425;4.2710907165549;0;36.674902929756;0.24708789269326;0;0;4.4475820684786;12.319096364278;github.com/GreenCharge/PMC.gridmix
ALL;20220102T120221;20210102T080000;20210102T081500;17.021276595745;0.17158544955388;0;17.124227865477;9.6774193548387;0;0;0;0;0;4.1866849691146;0;35.106382978723;0.24021962937543;0.30885380919698;0;3.8091969800961;11.564859299931;github.com/GreenCharge/PMC.gridmix
ALL;20220102T120221;20210102T081500;20210102T083000;16.836043360434;0.16937669376694;0;18.224932249322;10.027100271003;0;0;0;0;0;4.0989159891599;0;34.586720867209;0.23712737127371;0.50813008130081;0;3.4552845528455;11.077235772358;github.com/GreenCharge/PMC.gridmix
ALL;20220102T120221;20210102T083000;20210102T084500;16.73373574782;0.16767270288397;0;19.885982562039;9.9262240107311;0;0;0;0;0;4.0576794097921;0;33.903420523139;0.23474178403756;0.60362173038229;0;3.252850435949;10.46277665996;github.com/GreenCharge/PMC.gridmix
ALL;20220102T120221;20210102T084500;20210102T090000;16.57824933687;0.1657824933687;0;21.021220159151;9.9137931034483;0;0;0;0;0;4.0119363395225;0;33.587533156499;0.23209549071618;0.89522546419098;0;3.0835543766578;9.7480106100796;github.com/GreenCharge/PMC.gridmix
ALL;20220102T120221;20210102T090000;20210102T091500;15.894670050761;0.15862944162437;0;23.255076142132;9.6129441624365;0;0;0;0;0;3.8071065989848;0;32.994923857868;0.22208121827411;1.491116751269;0;2.760152284264;9.0736040609137;github.com/GreenCharge/PMC.gridmix
ALL;20220102T120221;20210102T091500;20210102T093000;15.982171283031;0.15918497293855;0;22.476918178924;9.7421203438395;0;0;0;0;0;3.8841133397007;0;33.142311365807;0.22285896211398;2.2604266157275;0;2.6106335561923;8.7870105062082;github.com/GreenCharge/PMC.gridmix
ALL;20220102T120221;20210102T093000;20210102T094500;16.142490372272;0.1604621309371;0;21.726572528883;9.8202824133504;0;0;0;0;0;3.9473684210526;0;33.279845956354;0.22464698331194;3.1450577663671;0;2.3106546854942;8.5044929396662;github.com/GreenCharge/PMC.gridmix
ALL;20220102T120221;20210102T094500;20210102T100000;15.514018691589;0.15576323987539;0;23.489096573209;9.5327102803738;0;0;0;0;0.31152647975078;3.8317757009346;0;32.367601246106;0.21806853582555;3.8629283489097;0;2.0872274143302;7.9127725856698;github.com/GreenCharge/PMC.gridmix
ALL;20220102T120221;20210102T100000;20210102T101500;15.601736972705;0.15508684863524;0;23.63523573201;9.4602977667494;0;0;0;0;0.27915632754342;3.8461538461538;0;32.320099255583;0.21712158808933;4.4975186104218;0;1.8920595533499;7.3821339950372;github.com/GreenCharge/PMC.gridmix
ALL;20220102T120221;20210102T101500;20210102T103000;15.594059405941;0.15470297029703;0;23.607673267327;9.4059405940594;0;0;0;0;0.27846534653465;3.8366336633663;0;32.240099009901;0.21658415841584;5.0742574257426;0;1.8873762376238;6.9925742574257;github.com/GreenCharge/PMC.gridmix
ALL;20220102T120221;20210102T103000;20210102T104500;15.565163681285;0.15441630636195;0;23.563928350834;9.3885114268067;0;0;0;0;0.27794935145151;3.8295243977764;0;32.180358245831;0.21618282890673;5.5898702903027;0;1.8838789376158;6.6399011735639;github.com/GreenCharge/PMC.gridmix
ALL;20220102T120221;20210102T104500;20210102T110000;15.424876847291;0.15394088669951;0;23.491379310345;9.35960591133;0;0;0;0;0.27709359605911;3.8485221674877;0;32.081280788177;0.21551724137931;6.1576354679803;0;1.878078817734;6.4039408866995;github.com/GreenCharge/PMC.gridmix
ALL;20220102T120221;20210102T110000;20210102T111500;15.408132069703;0.15285845307245;0;23.295628248242;9.2326505655763;0;0;0;0;0.27514521553042;3.9131763986548;0;31.8557016203;0.21400183430144;7.1537756037909;0;1.8343014368695;5.9614796698257;github.com/GreenCharge/PMC.gridmix
ALL;20220102T120221;20210102T111500;20210102T113000;15.142428785607;0.14992503748126;0;22.87856071964;9.0254872563718;0;0;0;0;1.7991004497751;3.8380809595202;0;31.244377811094;0.20989505247376;7.6761619190405;0;1.7391304347826;5.6071964017991;github.com/GreenCharge/PMC.gridmix
ALL;20220102T120221;20210102T113000;20210102T114500;15.158777711204;0.14979029358898;0;22.857998801678;9.0173756740563;0;0;0;0;1.7675254643499;3.8645895745956;0;31.216297183942;0.20970641102457;7.8789694427801;0;1.7675254643499;5.4224086279209;github.com/GreenCharge/PMC.gridmix
ALL;20220102T120221;20210102T114500;20210102T120000;15.19063344341;0.15010507355149;0;22.815971179826;9.0363254277995;0;0;0;0;1.7412188531972;3.8126688682077;0;31.251876313419;0.21014710297208;8.1356949864905;0;1.8613029120384;5.1035725007505;github.com/GreenCharge/PMC.gridmix
ALL;20220102T120221;20210102T120000;20210102T121500;14.815897136178;0.14611338398597;0;22.121566335476;8.7668030391584;0;0;0;0;4.4710695499708;3.6820572764465;0;30.450029222677;0.20455873758036;8.0946814728229;0;1.8118059614261;4.7632963179427;github.com/GreenCharge/PMC.gridmix
ALL;20220102T120221;20210102T121500;20210102T123000;14.907380182299;0.14701558365187;0;22.258159364893;8.820935019112;0;0;0;0;3.94001764187;3.6753895912967;0;30.638047633049;0.20582181711261;8.2034695677742;0;1.8229932372832;4.7044986768597;github.com/GreenCharge/PMC.gridmix
ALL;20220102T120221;20210102T123000;20210102T124500;15.152420800956;0.14943215780036;0;22.624028690974;8.9659294680215;0;0;0;0;2.898983861327;3.735803945009;0;31.141661685595;0.2092050209205;8.1888822474597;0;1.7632994620442;4.4829647340108;github.com/GreenCharge/PMC.gridmix
ALL;20220102T120221;20210102T124500;20210102T130000;15.58282208589;0.15337423312883;0;23.220858895706;9.2024539877301;0;0;0;0;1.1042944785276;3.7730061349693;0;31.963190184049;0.21472392638037;8.0674846625767;0;1.8098159509202;4.2024539877301;github.com/GreenCharge/PMC.gridmix
ALL;20220102T120221;20210102T130000;20210102T131500;15.721331689273;0.154130702836;0;23.24290998767;9.2786683107275;0;0;0;0;1.3563501849568;3.7916152897657;0;32.120838471023;0.21578298397041;7.675709001233;0;1.7570900123305;3.9765721331689;github.com/GreenCharge/PMC.gridmix
ALL;20220102T120221;20210102T131500;20210102T133000;15.809051456913;0.15499070055797;0;23.372597644141;9.299442033478;0;0;0;0;1.5809051456913;3.812771233726;0;32.30006199628;0.21698698078115;7.2225666460012;0;1.673899566026;3.8437693738376;github.com/GreenCharge/PMC.gridmix
ALL;20220102T120221;20210102T133000;20210102T134500;15.978736710444;0.15634771732333;0;23.577235772358;9.3808630393996;0;0;0;0;1.5634771732333;3.8148843026892;0;32.582864290181;0.21888680425266;6.5353345841151;0;1.6260162601626;3.8461538461538;github.com/GreenCharge/PMC.gridmix
