LOC;Time;Start;End;Biomass;Lignite;Coal;Gas;HardCoal;Oil;Shale;Peat;Geothermal;HydroPumped;Hydro;Marine;Nuclear;OtherRES;Solar;Waste;WindOffShore;WindOnShore;SwID
ALL;20220102T120221;20210201T000000;20210201T001500;13.02223308087;0.12215978499878;0;7.8670901539213;5.7659418519423;0;0;0;0;0;4.1778646469582;0;25.580258978744;0.17102369899829;0;0;12.04495480088;30.808697776692;github.com/GreenCharge/PMC.gridmix
ALL;20220102T120221;20210201T001500;20210201T003000;12.946320136021;0.12144765606024;0;7.8455185814914;5.8294874908914;0;0;0;0;0;4.1292203060481;0;25.50400777265;0.17002671848433;0;0;12.606266699053;30.410493077484;github.com/GreenCharge/PMC.gridmix
ALL;20220102T120221;20210201T003000;20210201T004500;12.791828793774;0.1215953307393;0;7.8550583657588;5.9824902723735;0;0;0;0;0;4.1342412451362;0;25.486381322957;0.17023346303502;0;0;12.694552529183;30.325875486381;github.com/GreenCharge/PMC.gridmix
ALL;20220102T120221;20210201T004500;20210201T010000;12.835387962292;0.1208605269519;0;7.831762146483;6.0430263475949;0;0;0;0;0;4.0850858109741;0;25.380710659898;0.16920473773266;0;0;13.101281121586;29.997582789461;github.com/GreenCharge/PMC.gridmix
ALL;20220102T120221;20210201T010000;20210201T011500;12.771084337349;0.12048192771084;0;7.7831325301205;6;0;0;0;0;0;4.1204819277108;0;25.204819277108;0.16867469879518;0;0;13.397590361446;30;github.com/GreenCharge/PMC.gridmix
ALL;20220102T120221;20210201T011500;20210201T013000;12.607040913416;0.11893434823977;0;7.6831588962892;5.9705042816365;0;0;0;0;1.04662226451;3.9961941008563;0;24.952426260704;0.16650808753568;0;0;13.058991436727;29.971455756422;github.com/GreenCharge/PMC.gridmix
ALL;20220102T120221;20210201T013000;20210201T014500;12.704130643612;0.12007684918348;0;7.7569644572526;6.147934678194;0;0;0;0;0.21613832853026;4.0345821325648;0;25.168107588857;0.16810758885687;0;0;12.848222862632;30.403458213256;github.com/GreenCharge/PMC.gridmix
ALL;20220102T120221;20210201T014500;20210201T020000;12.637889688249;0.11990407673861;0;7.7458033573141;5.947242206235;0;0;0;0;0.16786570743405;4.0287769784173;0;25.083932853717;0.16786570743405;0;0;12.973621103118;30.695443645084;github.com/GreenCharge/PMC.gridmix
ALL;20220102T120221;20210201T020000;20210201T021500;12.65306122449;0.12004801920768;0;7.6350540216086;5.6902761104442;0;0;0;0;0.24009603841537;4.0576230492197;0;25.210084033613;0.16806722689076;0;0;12.629051620648;31.164465786315;github.com/GreenCharge/PMC.gridmix
ALL;20220102T120221;20210201T021500;20210201T023000;12.58975586405;0.11967448539971;0;7.6352321685017;5.6486357108664;0;0;0;0;0;4.0210627094303;0;25.10770703686;0.1675442795596;0;0;12.829104834849;31.450454763045;github.com/GreenCharge/PMC.gridmix
ALL;20220102T120221;20210201T023000;20210201T024500;12.577714012434;0.1195600191296;0;7.6518412242946;5.6910569105691;0;0;0;0;0;4.0172166427547;0;25.035868005739;0.16738402678144;0;0;13.032042085127;31.276901004304;github.com/GreenCharge/PMC.gridmix
ALL;20220102T120221;20210201T024500;20210201T030000;12.544974814104;0.11993283761094;0;7.6757016071;5.6368433677141;0;0;0;0;0;4.0057567762053;0;25.11393619573;0.16790597265531;0;0;13.240585272248;31.062604941233;github.com/GreenCharge/PMC.gridmix
ALL;20220102T120221;20210201T030000;20210201T031500;12.458233890215;0.11933174224344;0;7.6133651551313;5.6563245823389;0;0;0;0;0;3.9856801909308;0;24.940334128878;0.16706443914081;0;0;13.603818615752;31.026252983294;github.com/GreenCharge/PMC.gridmix
ALL;20220102T120221;20210201T031500;20210201T033000;12.422360248447;0.11944577161968;0;7.6206402293359;5.685618729097;0;0;0;0;0;3.9894887720975;0;25.083612040134;0.16722408026756;0;0;14.022933588151;30.45867176302;github.com/GreenCharge/PMC.gridmix
ALL;20220102T120221;20210201T033000;20210201T034500;12.419700214133;0.11896264572924;0;7.6136093266714;5.6626219367119;0;0;0;0;0;3.9495598382108;0;24.982155603141;0.16654770402094;0;0;14.465857720676;30.192719486081;github.com/GreenCharge/PMC.gridmix
ALL;20220102T120221;20210201T034500;20210201T040000;12.390011890606;0.11890606420927;0;7.6099881093936;5.7788347205707;0;0;0;0;0;3.9239001189061;0;24.946492271106;0.16646848989298;0;0;14.458977407848;30.178359096314;github.com/GreenCharge/PMC.gridmix
ALL;20220102T120221;20210201T040000;20210201T041500;12.210526315789;0.11695906432749;0;7.4619883040936;6.5964912280702;0;0;0;0;0;3.8830409356725;0;24.538011695906;0.16374269005848;0;0;14.877192982456;29.730994152047;github.com/GreenCharge/PMC.gridmix
ALL;20220102T120221;20210201T041500;20210201T043000;11.857077833409;0.11379153390988;0;7.2598998634502;8.4660901228949;0;0;0;0;0;3.732362312244;0;23.896222121074;0.15930814747383;0;0;15.270823850706;28.834774692763;github.com/GreenCharge/PMC.gridmix
ALL;20220102T120221;20210201T043000;20210201T044500;11.588078291815;0.11120996441281;0;7.1174377224199;9.5862989323843;0;0;0;0;0;3.6476868327402;0;23.220640569395;0.15569395017794;0;0;16.014234875445;28.158362989324;github.com/GreenCharge/PMC.gridmix
ALL;20220102T120221;20210201T044500;20210201T050000;11.376589215256;0.1096010521701;0;7.0363875493205;10.083296799649;0;0;0;0;0;3.5949145111793;0;22.972380534853;0.15344147303814;0;0;16.659359929855;27.619465146865;github.com/GreenCharge/PMC.gridmix
ALL;20220102T120221;20210201T050000;20210201T051500;11.233766233766;0.10822510822511;0;7.0779220779221;10.021645021645;0;0;0;0;0;3.5714285714286;0;22.662337662338;0.15151515151515;0;0;17.770562770563;27.012987012987;github.com/GreenCharge/PMC.gridmix
ALL;20220102T120221;20210201T051500;20210201T053000;11.182795698925;0.10752688172043;0;7.0537634408602;10.709677419355;0;0;0;0;0;3.5268817204301;0;22.516129032258;0.1505376344086;0;0;17.741935483871;26.623655913978;github.com/GreenCharge/PMC.gridmix
ALL;20220102T120221;20210201T053000;20210201T054500;11.007620660457;0.10584250635055;0;6.9856054191363;12.087214225233;0;0;0;0;0;3.4716342082981;0;22.163420829805;0.14817950889077;0;0;17.675698560542;25.973751058425;github.com/GreenCharge/PMC.gridmix
ALL;20220102T120221;20210201T054500;20210201T060000;10.775323051271;0.10421008753647;0;6.9612338474364;13.151313047103;0;0;0;0;0;3.5848270112547;0;21.842434347645;0.14589412255106;0;0;17.694872863693;25.364735306378;github.com/GreenCharge/PMC.gridmix
ALL;20220102T120221;20210201T060000;20210201T061500;10.417086439653;0.1007455168245;0;7.0320370743502;13.923030425146;0;0;0;0;0.86641144469071;3.3850493653032;0;21.096111223051;0.1410437235543;0;0;17.308079790449;25.448317549869;github.com/GreenCharge/PMC.gridmix
ALL;20220102T120221;20210201T061500;20210201T063000;9.7824030274361;0.094607379375591;0;7.5118259224219;14.228949858089;0;0;0;0;3.8978240302744;3.2734153263955;0;19.848628192999;0.13245033112583;0;0;16.669820245979;24.295175023652;github.com/GreenCharge/PMC.gridmix
ALL;20220102T120221;20210201T063000;20210201T064500;9.5150285819657;0.092199889360133;0;7.9107505070994;14.788862253365;0;0;0;0;4.3518347777983;3.2823160612207;0;19.361976765628;0.12907984510419;0;0;16.485340217592;23.824451410658;github.com/GreenCharge/PMC.gridmix
ALL;20220102T120221;20210201T064500;20210201T070000;9.2960288808664;0.090252707581227;0;9.6750902527076;15.234657039711;0;0;0;0;3.4476534296029;3.0685920577617;0;18.916967509025;0.12635379061372;0;0;16.317689530686;23.574007220217;github.com/GreenCharge/PMC.gridmix
ALL;20220102T120221;20210201T070000;20210201T071500;9.1535606997703;0.088354833009366;0;10.231489662485;15.585792542852;0;0;0;0;3.6932320197915;2.9333804559109;0;18.360134299346;0.12369676621311;0;0;16.027566707899;23.555398480297;github.com/GreenCharge/PMC.gridmix
ALL;20220102T120221;20210201T071500;20210201T073000;9.0861252411858;0.087703911594457;0;10.91036660235;15.716540957727;0;0;0;0;3.0520961234871;2.8942290826171;0;18.34765830556;0.12278547623224;0;0;16.084897386423;23.452025960358;github.com/GreenCharge/PMC.gridmix
ALL;20220102T120221;20210201T073000;20210201T074500;9.0956979806848;0.087796312554873;0;11.852502194908;15.996488147498;0;0;0;0;1.7383669885865;3.1079894644425;0;18.349429323968;0.12291483757682;0.052677787532924;0;15.961369622476;23.388937664618;github.com/GreenCharge/PMC.gridmix
ALL;20220102T120221;20210201T074500;20210201T080000;9.1260770177598;0.08791981712678;0;12.238438544048;16.300334095305;0;0;0;0;1.0550378055214;3.2882011605416;0;18.392825742922;0.12308774397749;0.21100756110427;0;15.843151046246;23.087743977493;github.com/GreenCharge/PMC.gridmix
ALL;20220102T120221;20210201T080000;20210201T081500;9.25431571454;0.0889838049475;0;12.546716497597;16.675565047161;0;0;0;0;0.391528741769;3.310197544047;0;18.544224951059;0.1245773269265;0.391528741769;0;16.01708489055;22.40612208578;github.com/GreenCharge/PMC.gridmix
ALL;20220102T120221;20210201T081500;20210201T083000;9.2807424593968;0.08923790826343;0;12.600392646796;16.81242191683;0;0;0;0;0.55327503123327;3.3018026057469;0;18.66857040871;0.1249330715688;0.53542744958058;0;16.169908977334;21.613421381403;github.com/GreenCharge/PMC.gridmix
ALL;20220102T120221;20210201T083000;20210201T084500;9.2754139220224;0.089015488695033;0;12.586790101478;17.073170731707;0;0;0;0;0.58750222538722;3.3113761794552;0;18.63984333274;0.12462168417305;0.99697347338437;0;15.95157557415;21.114473918462;github.com/GreenCharge/PMC.gridmix
ALL;20220102T120221;20210201T084500;20210201T090000;9.2362344582593;0.088809946714032;0;12.557726465364;17.317939609236;0;0;0;0;1.0479573712256;3.303730017762;0;18.596802841918;0.12433392539964;1.563055062167;0;15.541740674956;20.373001776199;github.com/GreenCharge/PMC.gridmix
ALL;20220102T120221;20210201T090000;20210201T091500;9.2932170197614;0.089015488695033;0;12.533380808261;16.183015844757;0;0;0;0;2.1363717286808;3.3113761794552;0;18.622040235001;0.12462168417305;2.1719779241588;0;15.23945166459;20.046288054121;github.com/GreenCharge/PMC.gridmix
ALL;20220102T120221;20210201T091500;20210201T093000;9.2981831136445;0.089063056644104;0;12.557890986819;15.586034912718;0;0;0;0;3.1350195938725;2.9925187032419;0;18.631991449947;0.12468827930175;2.885643035269;0;14.837905236908;19.611685073032;github.com/GreenCharge/PMC.gridmix
ALL;20220102T120221;20210201T093000;20210201T094500;9.3733165738912;0.089782725803555;0;12.677320883462;15.478541928533;0;0;0;0;2.7293948644281;2.9987430418388;0;18.782546238104;0.12569581612498;3.5733524869815;0;14.580714670497;19.339199138086;github.com/GreenCharge/PMC.gridmix
ALL;20220102T120221;20210201T094500;20210201T100000;9.411552996221;0.089976606082419;0;12.74068742127;15.565952852258;0;0;0;0;2.5553356127407;3.0232139643693;0;18.841101313658;0.12596724851539;4.2828864495231;0;14.252294403455;18.859096634875;github.com/GreenCharge/PMC.gridmix
ALL;20220102T120221;20210201T100000;20210201T101500;9.4849474066014;0.090678273485673;0;12.840043525571;15.705476967719;0;0;0;0;2.3032281465361;3.0286543344215;0;18.9880304679;0.12694958287994;5.1142546245919;0;13.855640188611;18.208197315923;github.com/GreenCharge/PMC.gridmix
ALL;20220102T120221;20210201T101500;20210201T103000;9.5463654581891;0.091091273456003;0;12.89852432137;15.77700856258;0;0;0;0;2.1861905629441;3.0424485334305;0;19.074512661687;0.1275277828384;5.9755875387138;0;13.590817999636;17.434869739479;github.com/GreenCharge/PMC.gridmix
ALL;20220102T120221;20210201T103000;20210201T104500;9.4291907514451;0.090317919075145;0;12.78901734104;15.679190751445;0;0;0;0;2.4024566473988;3.0888728323699;0;18.912572254335;0.1264450867052;6.6654624277457;0;13.493497109827;17.070086705202;github.com/GreenCharge/PMC.gridmix
ALL;20220102T120221;20210201T104500;20210201T110000;9.3969396939694;0.09000900090009;0;12.745274527453;15.913591359136;0;0;0;0;2.952295229523;3.024302430243;0;18.847884788479;0.12601260126013;7.3087308730873;0;12.925292529253;16.417641764176;github.com/GreenCharge/PMC.gridmix
ALL;20220102T120221;20210201T110000;20210201T111500;9.5837897042716;0.09127418765973;0;12.906170135086;16.630156991603;0;0;0;0;1.5881708652793;3.0850675428989;0;19.112814895947;0.12778386272362;8.1599123767798;0;12.577583059511;15.881708652793;github.com/GreenCharge/PMC.gridmix
ALL;20220102T120221;20210201T111500;20210201T113000;9.6602387511478;0.091827364554637;0;13.002754820937;16.804407713499;0;0;0;0;2.0018365472911;3.048668503214;0;19.247015610652;0.12855831037649;8.7419651056015;0;11.900826446281;15.114784205693;github.com/GreenCharge/PMC.gridmix
ALL;20220102T120221;20210201T113000;20210201T114500;9.7874720357942;0.093214019388516;0;13.199105145414;17.076808351976;0;0;0;0;1.7897091722595;3.0387770320656;0;19.537658463833;0.13049962714392;9.2095451155854;0;11.260253542133;14.615958240119;github.com/GreenCharge/PMC.gridmix
ALL;20220102T120221;20210201T114500;20210201T120000;9.8886582374033;0.094357425929421;0;13.34214002642;17.173051519155;0;0;0;0;2.113606340819;3.0760520852991;0;19.777316474807;0.13210039630119;9.605585959615;0;10.662389130025;13.870541611625;github.com/GreenCharge/PMC.gridmix
ALL;20220102T120221;20210201T120000;20210201T121500;9.92236318879;0.094679038060973;0;13.387615981822;17.250520734709;0;0;0;0;2.5373982200341;3.0865366407877;0;19.863662185192;0.13255065328536;9.8844915735656;0;10.244271918197;13.330808558985;github.com/GreenCharge/PMC.gridmix
ALL;20220102T120221;20210201T121500;20210201T123000;10.028708133971;0.095693779904306;0;13.531100478469;17.473684210526;0;0;0;0;2.6985645933014;3.1004784688995;0;20.038277511962;0.13397129186603;10.047846889952;0;9.6842105263158;12.8995215311;github.com/GreenCharge/PMC.gridmix
ALL;20220102T120221;20210201T123000;20210201T124500;10.137092102723;0.096543734311643;0;13.651284031666;17.590268391581;0;0;0;0;3.0893994979726;3.1473257385596;0;20.196949217996;0.1351612280363;10.252944583897;0;9.1330372658814;12.299671751303;github.com/GreenCharge/PMC.gridmix
ALL;20220102T120221;20210201T124500;20210201T130000;10.327901040644;0.098173964264677;0;13.881798547025;17.906931081877;0;0;0;0;3.0237580993521;3.1612016493226;0;20.53799332417;0.13744354997055;10.111918319262;0;8.816021990968;11.721971333202;github.com/GreenCharge/PMC.gridmix
ALL;20220102T120221;20210201T130000;20210201T131500;10.596026490066;0.10034115994381;0;14.168171784066;18.382500501706;0;0;0;0;2.1673690547863;3.2711218141682;0;21.031507124222;0.14047762392133;9.9939795304034;0;8.4487256672687;11.418824001605;github.com/GreenCharge/PMC.gridmix
ALL;20220102T120221;20210201T131500;20210201T133000;10.716460320682;0.10148163182464;0;14.329206413639;18.510249644814;0;0;0;0;2.6994114065354;3.3083011974833;0;21.270550030444;0.1420742845545;9.9451999188147;0;7.7734929977674;10.919423584331;github.com/GreenCharge/PMC.gridmix
ALL;20220102T120221;20210201T133000;20210201T134500;10.920372285419;0.10341261633919;0;14.622543950362;18.821096173733;0;0;0;0;2.6473629782834;3.3919338159255;0;21.675284384695;0.14477766287487;9.7001034126163;0;7.1147880041365;10.568769389866;github.com/GreenCharge/PMC.gridmix
ALL;20220102T120221;20210201T134500;20210201T140000;11.210002119093;0.1059546514092;0;14.960796778979;19.347319347319;0;0;0;0;2.6488662852299;3.4753125662217;0;22.208094935368;0.14833651197288;9.366391184573;0;6.2937062937063;9.9385463021827;github.com/GreenCharge/PMC.gridmix
ALL;20220102T120221;20210201T140000;20210201T141500;11.672895141789;0.10991426687184;0;15.519894482304;19.938448010552;0;0;0;0;0.72543416135414;3.5612222466476;0;23.060013189712;0.15387997362058;8.8371070564959;0;6.0452846779512;10.068146845461;github.com/GreenCharge/PMC.gridmix
ALL;20220102T120221;20210201T141500;20210201T143000;11.908499663602;0.11213276519399;0;15.833146445391;20.430589818345;0;0;0;0;0.47095761381476;3.6555281453241;0;23.547880690738;0.15698587127159;8.0959856470061;0;5.6290648127383;9.8452567840323;github.com/GreenCharge/PMC.gridmix
ALL;20220102T120221;20210201T143000;20210201T144500;12.079162875341;0.11373976342129;0;16.082802547771;20.723384895359;0;0;0;0;0.47770700636943;3.7079162875341;0;23.862602365787;0.15923566878981;7.3248407643312;0;5.4367606915378;9.7133757961783;github.com/GreenCharge/PMC.gridmix
ALL;20220102T120221;20210201T144500;20210201T150000;12.217611802674;0.11526048870447;0;16.297833102812;21.069617335178;0;0;0;0;0.48409405255878;3.7574919317658;0;24.158598432457;0.16136468418626;6.3623789764869;0;5.4402950668511;9.612724757953;github.com/GreenCharge/PMC.gridmix
ALL;20220102T120221;20210201T150000;20210201T151500;12.368972746331;0.11646866992779;0;16.445376193804;21.337060330771;0;0;0;0;0.62893081761006;3.7269974376893;0;24.365245748894;0.16305613789891;5.4041462846494;0;5.5439086885628;9.5737246680643;github.com/GreenCharge/PMC.gridmix
ALL;20220102T120221;20210201T151500;20210201T153000;12.60663507109;0.11848341232227;0;16.706161137441;21.658767772512;0;0;0;0;0.63981042654028;3.7914691943128;0;24.78672985782;0.16587677725118;4.4312796208531;0;5.6872037914692;9.0758293838863;github.com/GreenCharge/PMC.gridmix
ALL;20220102T120221;20210201T153000;20210201T154500;12.80385078219;0.12033694344164;0;16.991576413959;21.973525872443;0;0;0;0;0.72202166064982;3.826714801444;0;25.198555956679;0.16847172081829;3.5860409145608;0;5.8724428399519;8.3995186522262;github.com/GreenCharge/PMC.gridmix
ALL;20220102T120221;20210201T154500;20210201T160000;13.029635072251;0.12245897624296;0;17.315699240754;22.287533676218;0;0;0;0;0.75924565270634;3.9186872397747;0;25.642909625276;0.17144256674014;2.6940974773451;0;5.7065882929219;8.0088170462895;github.com/GreenCharge/PMC.gridmix
ALL;20220102T120221;20210201T160000;20210201T161500;12.908694599177;0.12109469605231;0;17.122790021797;21.893921046258;0;0;0;0;3.6812787599903;3.875030273674;0;25.260353596512;0.16953257447324;1.8406393799952;0;5.5219181399855;7.2656817631388;github.com/GreenCharge/PMC.gridmix
ALL;20220102T120221;20210201T161500;20210201T163000;12.909487988352;0.12132977432662;0;17.156030089784;21.984955107983;0;0;0;0;4.3921378306236;3.9068187333172;0;25.309390924533;0.16986168405727;1.0677020140743;0;5.2657122057753;7.3768502790585;github.com/GreenCharge/PMC.gridmix
ALL;20220102T120221;20210201T163000;20210201T164500;13.045610593428;0.12260912211869;0;17.336929867582;22.24129475233;0;0;0;0;4.3403629230015;4.3158410985777;0;25.551741049534;0.17165277096616;0.51495831289848;0;4.9534085335949;7.0622854340363;github.com/GreenCharge/PMC.gridmix
ALL;20220102T120221;20210201T164500;20210201T170000;13.084112149533;0.12297097884899;0;17.388096409247;22.429906542056;0;0;0;0;4.3777668470241;4.4761436301033;0;25.62715199213;0.17215937038859;0.17215937038859;0;4.5499262174127;7.2552877520905;github.com/GreenCharge/PMC.gridmix
ALL;20220102T120221;20210201T170000;20210201T171500;13.478591335191;0.1266784899924;0;17.684317202939;23.435520648594;0;0;0;0;2.3308842158601;4.6110970357233;0;26.247783126425;0.17734988598936;0.02533569799848;0;3.9270331897644;7.2206739295668;github.com/GreenCharge/PMC.gridmix
ALL;20220102T120221;20210201T171500;20210201T173000;13.41217916457;0.12581781580272;0;17.312531454454;22.823351786613;0;0;0;0;4.353296426774;4.5546049320584;0;26.170105686965;0.1761449421238;0;0;3.4474081529945;6.8696527428284;github.com/GreenCharge/PMC.gridmix
ALL;20220102T120221;20210201T173000;20210201T174500;13.286713286713;0.12487512487512;0;17.757242757243;23.276723276723;0;0;0;0;4.6453546453546;4.4955044955045;0;25.999000999001;0.17482517482517;0;0;3.2217782217782;6.2687312687313;github.com/GreenCharge/PMC.gridmix
ALL;20220102T120221;20210201T174500;20210201T180000;13.074465470632;0.12288031457361;0;17.473580732367;23.273531580241;0;0;0;0;6.1931678545097;4.4236913246498;0;25.583681494225;0.17203244040305;0;0;3.0474318014254;5.8982550995331;github.com/GreenCharge/PMC.gridmix
ALL;20220102T120221;20210201T180000;20210201T181500;13.260491681152;0.12416190712689;0;17.68065557487;23.665259498386;0;0;0;0;5.8604420163894;4.4698286565682;0;25.875341445245;0.17382666997765;0;0;2.6074000496648;5.5376210578594;github.com/GreenCharge/PMC.gridmix
ALL;20220102T120221;20210201T181500;20210201T183000;13.383458646617;0.12531328320802;0;17.844611528822;23.90977443609;0;0;0;0;5.6641604010025;4.5112781954887;0;26.140350877193;0.17543859649123;0;0;2.280701754386;5.2130325814536;github.com/GreenCharge/PMC.gridmix
ALL;20220102T120221;20210201T183000;20210201T184500;13.500506585613;0.12664640324215;0;18.034447821682;24.214792299899;0;0;0;0;5.2178318135765;4.5592705167173;0;26.393110435664;0.17730496453901;0;0;2.1276595744681;4.8885511651469;github.com/GreenCharge/PMC.gridmix
ALL;20220102T120221;20210201T184500;20210201T190000;13.548057259714;0.1278118609407;0;18.200408997955;24.463190184049;0;0;0;0;4.8824130879346;4.601226993865;0;26.661554192229;0.17893660531697;0;0;2.0961145194274;4.4734151329243;github.com/GreenCharge/PMC.gridmix
ALL;20220102T120221;20210201T190000;20210201T191500;14.137380191693;0.13312034078807;0;18.929712460064;25.452609158679;0;0;0;0;1.8104366347178;4.2598509052183;0;27.768903088392;0.1863684771033;0;0;2.1033013844515;4.419595314164;github.com/GreenCharge/PMC.gridmix
ALL;20220102T120221;20210201T191500;20210201T193000;14.077798359354;0.13231013495634;0;18.814501190791;25.297697803652;0;0;0;0;3.2019052659434;4.1810002646203;0;27.599894151892;0.18523418893887;0;0;1.7464937814237;4.2603863455941;github.com/GreenCharge/PMC.gridmix
ALL;20220102T120221;20210201T193000;20210201T194500;14.092356687898;0.13269639065817;0;18.895966029724;25.371549893843;0;0;0;0;3.3970276008493;4.1932059447983;0;27.786624203822;0.18577494692144;0;0;1.5127388535032;4.0605095541401;github.com/GreenCharge/PMC.gridmix
ALL;20220102T120221;20210201T194500;20210201T200000;14.429621562755;0.13612850530901;0;19.384699156003;25.973318812959;0;0;0;0;1.4974135583991;4.3288864688266;0;28.423631908522;0.19057990743262;0;0;1.3340593520283;3.9205009528995;github.com/GreenCharge/PMC.gridmix
ALL;20220102T120221;20210201T200000;20210201T201500;14.444746130872;0.13575889220744;0;19.16915557969;25.441216399674;0;0;0;0;2.3893565028509;4.507195221287;0;28.346456692913;0.19006244909042;0;0;1.1403746945425;3.8555525386913;github.com/GreenCharge/PMC.gridmix
ALL;20220102T120221;20210201T201500;20210201T203000;14.293405114401;0.13458950201884;0;19.030955585464;25.248990578735;0;0;0;0;3.3378196500673;4.4683714670256;0;28.102288021534;0.18842530282638;0;0;0.88829071332436;3.9300134589502;github.com/GreenCharge/PMC.gridmix
ALL;20220102T120221;20210201T203000;20210201T204500;14.40195280716;0.13561160835368;0;19.17548142121;25.576349335503;0;0;0;0;2.5766205587198;4.4209384323298;0;28.261459180906;0.18985625169515;0;0;0.73230268510985;4.1497152156225;github.com/GreenCharge/PMC.gridmix
ALL;20220102T120221;20210201T204500;20210201T210000;14.722222222222;0.13888888888889;0;19.638888888889;25.583333333333;0;0;0;0;0.77777777777778;4.4722222222222;0;28.888888888889;0.19444444444444;0;0;0.69444444444444;4.5;github.com/GreenCharge/PMC.gridmix
ALL;20220102T120221;20210201T210000;20210201T211500;14.632130063378;0.13777900248002;0;19.481950950675;24.993111049876;0;0;0;0;1.6257922292643;4.5742628823367;0;28.602920914853;0.19289060347203;0;0;0.6337834114081;4.7395976853128;github.com/GreenCharge/PMC.gridmix
ALL;20220102T120221;20210201T211500;20210201T213000;14.673311184939;0.13842746400886;0;19.573643410853;25.581395348837;0;0;0;0;0.49833887043189;4.5404208194906;0;28.931339977852;0.1937984496124;0;0;0.58139534883721;4.9003322259136;github.com/GreenCharge/PMC.gridmix
ALL;20220102T120221;20210201T213000;20210201T214500;14.83347327176;0.13993842709208;0;19.78729359082;25.104953820319;0;0;0;0;0.33585222502099;4.5899804086202;0;29.219143576826;0.19591379792891;0;0;0.61572907920515;4.7858942065491;github.com/GreenCharge/PMC.gridmix
ALL;20220102T120221;20210201T214500;20210201T220000;14.997170345218;0.14148273910583;0;19.977362761743;24.250141482739;0;0;0;0;0.33955857385399;4.61233729485;0;29.485002829655;0.19807583474816;0;0;0.67911714770798;4.9235993208829;github.com/GreenCharge/PMC.gridmix
ALL;20220102T120221;20210201T220000;20210201T221500;15.158435626606;0.14273479874393;0;20.125606622895;23.237225235512;0;0;0;0;0.37111047673423;4.681701398801;0;29.745932058236;0.19982871824151;0;0;0.68512703397088;5.2526405937768;github.com/GreenCharge/PMC.gridmix
ALL;20220102T120221;20210201T221500;20210201T223000;15.2741889176;0.1435544071203;0;20.241171403962;22.538041917887;0;0;0;0;0.34453057708872;4.6798736721217;0;29.945449325294;0.20097616996842;0;0;0.51679586563307;5.7134654033879;github.com/GreenCharge/PMC.gridmix
ALL;20220102T120221;20210201T223000;20210201T224500;15.369088811995;0.1441753171857;0;20.271049596309;21.914648212226;0;0;0;0;0.34602076124567;4.7001153402537;0;30.046136101499;0.20184544405998;0;0;0.43252595155709;6.1707035755479;github.com/GreenCharge/PMC.gridmix
ALL;20220102T120221;20210201T224500;20210201T230000;15.580985915493;0.14671361502347;0;20.598591549296;20.862676056338;0;0;0;0;0;4.7535211267606;0;30.575117370892;0.20539906103286;0;0;0.26408450704225;6.6021126760563;github.com/GreenCharge/PMC.gridmix
ALL;20220102T120221;20210201T230000;20210201T231500;15.795759928337;0.1492982979994;0;20.304568527919;19.677515676321;0;0;0;0;0;4.8969841743804;0;31.143624962675;0.20901761719916;0;0;0.20901761719916;7.1961779635712;github.com/GreenCharge/PMC.gridmix
ALL;20220102T120221;20210201T231500;20210201T233000;16.065474386178;0.15156107911488;0;19.55137920582;18.642012731131;0;0;0;0;0;4.9408911791452;0;31.555016671719;0.21218551076084;0;0;0.21218551076084;8.2449227038497;github.com/GreenCharge/PMC.gridmix
ALL;20220102T120221;20210201T233000;20210201T234500;16.65095821552;0.15708451146717;0;17.687715991203;17.499214577443;0;0;0;0;0;5.1523719761232;0;32.736412189758;0.21991831605404;0;0;0.25133521834747;9.2051523719761;github.com/GreenCharge/PMC.gridmix
ALL;20220102T120221;20210201T234500;20210202T000000;16.572858036273;0.15634771732333;0;17.354596622889;17.385866166354;0;0;0;0;0;5.1282051282051;0;32.582864290181;0.21888680425266;0;0;0.37523452157598;9.7873671044403;github.com/GreenCharge/PMC.gridmix
ALL;20220102T120221;20210202T000000;20210202T001500;16.139817629179;0.15197568389058;0;18.449848024316;17.355623100304;0;0;0;0;0;5.1063829787234;0;31.702127659574;0.21276595744681;0;0;0.54711246200608;9.9088145896657;github.com/GreenCharge/PMC.gridmix
ALL;20220102T120221;20210202T001500;20210202T003000;16.050878255603;0.15142337976984;0;19.291338582677;16.989703210176;0;0;0;0;0;5.0575408843125;0;31.586917019988;0.21199273167777;0;0;0.36341611144761;9.8728043609933;github.com/GreenCharge/PMC.gridmix
ALL;20220102T120221;20210202T003000;20210202T004500;16.500311915159;0.15595757953837;0;18.652526512789;16.126013724267;0;0;0;0;0;5.2401746724891;0;32.532751091703;0.21834061135371;0;0;0.31191515907673;9.825327510917;github.com/GreenCharge/PMC.gridmix
ALL;20220102T120221;20210202T004500;20210202T010000;16.735471578279;0.15878056525881;0;19.180692283265;14.671324229914;0;0;0;0;0;5.3032708796443;0;33.058113686885;0.22229279136234;0;0;0.41282946967291;9.8126389329946;github.com/GreenCharge/PMC.gridmix
ALL;20220102T120221;20210202T010000;20210202T011500;17.02746365105;0.16155088852989;0;18.772213247173;13.796445880452;0;0;0;0;0;5.4604200323102;0;33.634894991922;0.22617124394184;0;0;0.45234248788368;10.016155088853;github.com/GreenCharge/PMC.gridmix
ALL;20220102T120221;20210202T011500;20210202T013000;17.244764397906;0.16361256544503;0;18.357329842932;13.023560209424;0;0;0;0;0;5.4973821989529;0;34.096858638743;0.22905759162304;0;0;0.49083769633508;10.438481675393;github.com/GreenCharge/PMC.gridmix
ALL;20220102T120221;20210202T013000;20210202T014500;17.48670212766;0.16622340425532;0;17.320478723404;12.367021276596;0;0;0;0;0;5.6183510638298;0;34.67420212766;0.23271276595745;0;0;0.46542553191489;11.203457446809;github.com/GreenCharge/PMC.gridmix
ALL;20220102T120221;20210202T014500;20210202T020000;17.494168610463;0.16661112962346;0;16.727757414195;12.095968010663;0;0;0;0;0;5.5981339553482;0;34.755081639454;0.23325558147284;0;0;0.3998667110963;12.062645784738;github.com/GreenCharge/PMC.gridmix
ALL;20220102T120221;20210202T020000;20210202T021500;17.389864193442;0.16561775422325;0;16.197416363034;11.990725405763;0;0;0;0;0;5.6310036435906;0;34.547863530971;0.23186485591255;0;0;0.39748261013581;12.984431931103;github.com/GreenCharge/PMC.gridmix
ALL;20220102T120221;20210202T021500;20210202T023000;17.321016166282;0.16496205872649;0;16.232266578687;11.976245463543;0;0;0;0;0;5.5757175849555;0;34.477070273837;0.23094688221709;0;0;0.46189376443418;13.097987462884;github.com/GreenCharge/PMC.gridmix
ALL;20220102T120221;20210202T023000;20210202T024500;17.270929466051;0.16479894528675;0;15.787738958471;12.030323005933;0;0;0;0;0;5.5702043506922;0;34.410019775873;0.23071852340145;0;0;0.36255767963085;13.711272247858;github.com/GreenCharge/PMC.gridmix
ALL;20220102T120221;20210202T024500;20210202T030000;17.109144542773;0.16388069485415;0;15.765322844969;11.996066863324;0;0;0;0;0;5.5063913470993;0;34.251065224517;0.2294329727958;0;0;0.29498525073746;14.22484431334;github.com/GreenCharge/PMC.gridmix
ALL;20220102T120221;20210202T030000;20210202T031500;17.155087257162;0.16463615409944;0;15.607507408627;11.85380309516;0;0;0;0;0;5.5647020085611;0;34.408956206783;0.23049061573922;0;0;0.23049061573922;14.323345406651;github.com/GreenCharge/PMC.gridmix
ALL;20220102T120221;20210202T031500;20210202T033000;17.178724810043;0.16518004625041;0;15.626032375289;11.92599933928;0;0;0;0;0;5.616121572514;0;34.522629666336;0.23125206475058;0;0;0.1982160555005;14.073339940535;github.com/GreenCharge/PMC.gridmix
ALL;20220102T120221;20210202T033000;20210202T034500;17.355096602265;0.16655562958028;0;15.489673550966;12.025316455696;0;0;0;0;0;5.6295802798135;0;34.810126582278;0.23317788141239;0;0;0.099933377748168;13.724183877415;github.com/GreenCharge/PMC.gridmix
ALL;20220102T120221;20210202T034500;20210202T040000;17.41610738255;0.16778523489933;0;14.96644295302;12.48322147651;0;0;0;0;0;5.6711409395973;0;35.06711409396;0.23489932885906;0;0;0.033557046979866;13.489932885906;github.com/GreenCharge/PMC.gridmix
ALL;20220102T120221;20210202T040000;20210202T041500;17.352056168506;0.16716817118021;0;15.078569040455;12.805081912404;0;0;0;0;0;5.683717820127;0;34.938147776663;0.23403543965229;0;0;0;13.273152791708;github.com/GreenCharge/PMC.gridmix
ALL;20220102T120221;20210202T041500;20210202T043000;17.077986179664;0.16452780519908;0;15.465613688713;13.096413293847;0;0;0;0;0;5.5939453767687;0;34.419216847647;0.23033892727871;0;0;0;13.491280026324;github.com/GreenCharge/PMC.gridmix
ALL;20220102T120221;20210202T043000;20210202T044500;16.812723141837;0.16228497241155;0;16.163583252191;13.307367737747;0;0;0;0;0;5.5176890619929;0;33.950016228497;0.22719896137618;0;0;0;13.404738721194;github.com/GreenCharge/PMC.gridmix
ALL;20220102T120221;20210202T044500;20210202T050000;16.650594664095;0.1607200257152;0;16.393442622951;13.789778206365;0;0;0;0;0;5.4644808743169;0;33.622629379621;0.22500803600129;0;0;0;13.243330118933;github.com/GreenCharge/PMC.gridmix
ALL;20220102T120221;20210202T050000;20210202T051500;16.512591648071;0.15938795027096;0;16.990755498884;14.344915524386;0;0;0;0;0;5.3873127191584;0;33.343959196685;0.22314313037934;0;0;0;12.591648071406;github.com/GreenCharge/PMC.gridmix
ALL;20220102T120221;20210202T051500;20210202T053000;16.207759699625;0.15644555694618;0;16.739674593242;15.675844806008;0;0;0;0;0;5.3191489361702;0;32.759699624531;0.21902377972466;0;0;0;12.484355444305;github.com/GreenCharge/PMC.gridmix
ALL;20220102T120221;20210202T053000;20210202T054500;15.749467923381;0.15202189115233;0;17.087260565521;16.844025539678;0;0;0;0;0;5.1687442991791;0;31.833384007297;0.21283064761326;0;0;0.030404378230465;12.496199452721;github.com/GreenCharge/PMC.gridmix
ALL;20220102T120221;20210202T054500;20210202T060000;15.497601918465;0.14988009592326;0;17.056354916067;17.925659472422;0;0;0;0;0;5.0959232613909;0;31.384892086331;0.20983213429257;0;0;0;12.260191846523;github.com/GreenCharge/PMC.gridmix
ALL;20220102T120221;20210202T060000;20210202T061500;15.257244234181;0.1478415138971;0;17.32702542874;19.071555292726;0;0;0;0;0;5.0266114725015;0;30.898876404494;0.20697811945594;0;0;0;11.649911295092;github.com/GreenCharge/PMC.gridmix
ALL;20220102T120221;20210202T061500;20210202T063000;14.830875975716;0.14455044810639;0;17.403873952009;20.034692107546;0;0;0;0;1.0985834056086;4.885805145996;0;30.239953743857;0.20237062734894;0;0;0;10.754553339115;github.com/GreenCharge/PMC.gridmix
ALL;20220102T120221;20210202T063000;20210202T064500;14.402250351617;0.14064697609001;0;17.102672292546;20.956399437412;0;0;0;0;2.7004219409283;4.7819971870605;0;29.423347398031;0.19690576652602;0;0;0;9.901547116737;github.com/GreenCharge/PMC.gridmix
ALL;20220102T120221;20210202T064500;20210202T070000;14.297658862876;0.13935340022297;0;18.366778149387;22.57525083612;0;0;0;0;0.8082497212932;4.7380156075808;0;29.152731326644;0.19509476031215;0;0;0;9.3366778149387;github.com/GreenCharge/PMC.gridmix
ALL;20220102T120221;20210202T070000;20210202T071500;14.156378600823;0.13717421124829;0;18.628257887517;23.566529492455;0;0;0;0;0.49382716049383;4.636488340192;0;28.587105624143;0.1920438957476;0;0;0;9.2181069958848;github.com/GreenCharge/PMC.gridmix
ALL;20220102T120221;20210202T071500;20210202T073000;13.789417423838;0.1336183858899;0;18.572955638696;24.104756814538;0;0;0;0;1.0422234099412;4.5430251202565;0;27.952966328167;0.18706574024586;0;0;0;9.2998396579369;github.com/GreenCharge/PMC.gridmix
ALL;20220102T120221;20210202T073000;20210202T074500;13.599369913363;0.13126804935679;0;18.37752690995;24.415857180362;0;0;0;0;1.9690207403518;4.4893672880021;0;27.46127592544;0.1837752690995;0.078760829614072;0;0.052507219742715;8.8737201365188;github.com/GreenCharge/PMC.gridmix
ALL;20220102T120221;20210202T074500;20210202T080000;13.683100448194;0.13182177695755;0;18.50777748484;24.650672291062;0;0;0;0;1.239124703401;4.5083047719483;0;27.57711573952;0.18455048774057;0.29000790930662;0;0.052728710783021;8.8056947007646;github.com/GreenCharge/PMC.gridmix
ALL;20220102T120221;20210202T080000;20210202T081500;13.596033402923;0.13048016701461;0;18.423799582463;24.947807933194;0;0;0;0;1.356993736952;4.4102296450939;0;27.296450939457;0.18267223382046;0.5741127348643;0;0.052192066805846;8.6638830897704;github.com/GreenCharge/PMC.gridmix
ALL;20220102T120221;20210202T081500;20210202T083000;13.483436853002;0.12939958592133;0;18.297101449275;24.715320910973;0;0;0;0;1.656314699793;4.3995859213251;0;27.096273291925;0.18115942028986;1.0093167701863;0;0.077639751552795;8.592132505176;github.com/GreenCharge/PMC.gridmix
ALL;20220102T120221;20210202T083000;20210202T084500;13.393316195373;0.12853470437018;0;18.200514138817;24.550128534704;0;0;0;0;1.2853470437018;4.3701799485861;0;26.915167095116;0.17994858611825;1.6966580976864;0;0.10282776349614;8.8174807197943;github.com/GreenCharge/PMC.gridmix
ALL;20220102T120221;20210202T084500;20210202T090000;13.362400615542;0.12823800974609;0;18.158502180046;24.442164657605;0;0;0;0;0.92331367017184;4.360092331367;0;26.827391638882;0.17953321364452;2.6160553988202;0;0.20518081559374;8.4380610412926;github.com/GreenCharge/PMC.gridmix
ALL;20220102T120221;20210202T090000;20210202T091500;13.424024640657;0.12833675564682;0;18.14681724846;24.075975359343;0;0;0;0;0.59034907597536;4.3634496919918;0;26.848049281314;0.17967145790554;3.8244353182752;0;0.282340862423;7.7772073921971;github.com/GreenCharge/PMC.gridmix
ALL;20220102T120221;20210202T091500;20210202T093000;13.24200913242;0.12683916793506;0;17.935058346017;23.236935565703;0;0;0;0;1.3698630136986;4.261796042618;0;26.509386098427;0.17757483510908;5.0735667174023;0;0.40588533739219;7.3059360730594;github.com/GreenCharge/PMC.gridmix
ALL;20220102T120221;20210202T093000;20210202T094500;13.161875945537;0.12607160867373;0;17.80131114473;22.440746343923;0;0;0;0;1.5128593040847;4.2360060514372;0;26.374180534544;0.17650025214322;6.3287947554211;0;0.50428643469491;6.9843671205245;github.com/GreenCharge/PMC.gridmix
ALL;20220102T120221;20210202T094500;20210202T100000;12.547984644914;0.11996161228407;0;19.50575815739;21.041266794626;0;0;0;0;2.5671785028791;4.0547024952015;0;25.095969289827;0.1679462571977;7.5815738963532;0;0.64779270633397;6.3339731285988;github.com/GreenCharge/PMC.gridmix
ALL;20220102T120221;20210202T100000;20210202T101500;12.559923298178;0.11984659635666;0;19.846596356663;20.925215723873;0;0;0;0;1.150527325024;4.0747842761266;0;25.071907957814;0.16778523489933;8.6529242569511;0;0.86289549376798;6.2320230105465;github.com/GreenCharge/PMC.gridmix
ALL;20220102T120221;20210202T101500;20210202T103000;12.376003778932;0.11809163911195;0;19.603212092584;20.618800188947;0;0;0;0;1.7477562588569;4.0151157298063;0;24.681152574398;0.16532829475673;9.140292867265;0;1.1100614076523;6.0935285781767;github.com/GreenCharge/PMC.gridmix
ALL;20220102T120221;20210202T103000;20210202T104500;12.242990654206;0.11682242990654;0;19.392523364486;20.420560747664;0;0;0;0;2.0327102803738;3.9953271028037;0;24.439252336449;0.16355140186916;9.6495327102804;0;1.2616822429907;5.9579439252336;github.com/GreenCharge/PMC.gridmix
ALL;20220102T120221;20210202T104500;20210202T110000;12.084870848708;0.11531365313653;0;19.165129151292;20.156826568266;0;0;0;0;2.4215867158672;3.9437269372694;0;24.123616236162;0.16143911439114;10.10147601476;0;1.429889298893;5.9732472324723;github.com/GreenCharge/PMC.gridmix
ALL;20220102T120221;20210202T110000;20210202T111500;11.896668932699;0.11330160888285;0;18.785406752776;19.873102198051;0;0;0;0;3.1497847269431;3.8749150237933;0;23.702696578291;0.15862225243598;10.559709947881;0;1.6088828461364;5.9596646272377;github.com/GreenCharge/PMC.gridmix
ALL;20220102T120221;20210202T111500;20210202T113000;11.73583221776;0.111557340473;0;18.496207050424;19.522534582776;0;0;0;0;3.0120481927711;3.7929495760821;0;23.337795626952;0.1561802766622;11.289602855868;0;1.9187862561357;6.314145470772;github.com/GreenCharge/PMC.gridmix
ALL;20220102T120221;20210202T113000;20210202T114500;11.586846170823;0.1103509159126;0;18.318252041492;19.26726991834;0;0;0;0;2.3835797837122;3.774001324211;0;23.085411608916;0.15449128227764;11.917898918561;0;2.4497903332598;6.6431251379386;github.com/GreenCharge/PMC.gridmix
ALL;20220102T120221;20210202T114500;20210202T120000;11.546074334726;0.10996261271168;0;18.231801187596;18.891576863866;0;0;0;0;1.7594018033868;3.7607213547394;0;22.982186056741;0.15394765779635;12.073894875742;0;3.1669232460963;7.0156146910051;github.com/GreenCharge/PMC.gridmix
ALL;20220102T120221;20210202T120000;20210202T121500;11.532558649419;0.10962508221881;0;18.000438500329;18.24161368121;0;0;0;0;2.1486516114887;3.7272527954396;0;22.889717167288;0.15347511510634;11.664108748082;0;3.7053277789958;7.5202806402105;github.com/GreenCharge/PMC.gridmix
ALL;20220102T120221;20210202T121500;20210202T123000;11.552822314957;0.10981770261366;0;18.032066769163;18.054030309686;0;0;0;0;1.9986821875686;3.7118383483418;0;22.929936305732;0.15374478365913;11.047660882934;0;4.1291456182737;7.9727652097518;github.com/GreenCharge/PMC.gridmix
ALL;20220102T120221;20210202T123000;20210202T124500;11.55701754386;0.10964912280702;0;18.026315789474;17.741228070175;0;0;0;0;2.2587719298246;3.7280701754386;0;22.872807017544;0.15350877192982;10.241228070175;0;4.4956140350877;8.5087719298246;github.com/GreenCharge/PMC.gridmix
ALL;20220102T120221;20210202T124500;20210202T130000;11.639743306041;0.11064394777606;0;18.189865014384;17.968577118832;0;0;0;0;1.4383713210887;3.7618942243859;0;23.036069926975;0.15490152688648;9.9358265102899;0;4.5585306483735;8.895773401195;github.com/GreenCharge/PMC.gridmix
ALL;20220102T120221;20210202T130000;20210202T131500;11.354838709677;0.10752688172043;0;17.655913978495;17.462365591398;0;0;0;0;4.258064516129;3.9139784946237;0;22.322580645161;0.1505376344086;9.0967741935484;0;4.3870967741935;8.9677419354839;github.com/GreenCharge/PMC.gridmix
ALL;20220102T120221;20210202T131500;20210202T133000;11.362169141382;0.10759629868733;0;17.645792984721;17.172369270497;0;0;0;0;4.4975252851302;3.9380245319561;0;22.143318269852;0.15063481816226;8.4355498170863;0;4.6051215838175;9.6191091026469;github.com/GreenCharge/PMC.gridmix
