LOC;Time;Start;End;Biomass;Lignite;Coal;Gas;HardCoal;Oil;Shale;Peat;Geothermal;HydroPumped;Hydro;Marine;Nuclear;OtherRES;Solar;Waste;WindOffShore;WindOnShore;SwID
ALL;20220102T120221;20210401T000000;20210401T001500;23.819055244195;0.080064051240993;0;20.016012810248;8.2465972778223;0;0;0;0;0.56044835868695;8.4467574059247;0;27.822257806245;0.28022417934347;0;0;2.4819855884708;4.2834267413931;github.com/GreenCharge/PMC.gridmix
ALL;20220102T120221;20210401T001500;20210401T003000;24.334289225727;0.081933633756657;0;19.213437115936;6.6775911511676;0;0;0;0;0.5735354362966;8.4391642769357;0;28.471937730438;0.2867677181483;0;0;3.9737812371979;3.8918476034412;github.com/GreenCharge/PMC.gridmix
ALL;20220102T120221;20210401T003000;20210401T004500;24.292162494871;0.082068116536725;0;19.162905211325;6.2782109150595;0;0;0;0;0.57447681575708;8.4530160032827;0;28.518670496512;0.28723840787854;0;0;4.3906442347148;3.8982355354945;github.com/GreenCharge/PMC.gridmix
ALL;20220102T120221;20210401T004500;20210401T010000;24.434389140271;0.082270670505965;0;17.647058823529;5.8000822706705;0;0;0;0;0.49362402303579;8.4327437268614;0;28.589058000823;0.28794734677088;0;0;5.5121349238996;4.648292883587;github.com/GreenCharge/PMC.gridmix
ALL;20220102T120221;20210401T010000;20210401T011500;24.139327663021;0.081004455245038;0;17.537464560551;5.0627784528149;0;0;0;0;0;8.343458890239;0;28.189550425273;0.28351559335763;0;0;7.4929121101661;4.8602673147023;github.com/GreenCharge/PMC.gridmix
ALL;20220102T120221;20210401T011500;20210401T013000;23.613312202853;0.079239302694136;0;17.709984152139;4.4374009508716;0;0;0;0;0;8.2012678288431;0;27.614896988906;0.27733755942948;0;0;8.9936608557845;5.1505546751189;github.com/GreenCharge/PMC.gridmix
ALL;20220102T120221;20210401T013000;20210401T014500;22.952710495963;0.076893502499039;0;17.108804306036;3.3833141099577;0;0;0;0;0;7.920030757401;0;26.720492118416;0.26912725874664;0;0;12.0338331411;5.7285659361784;github.com/GreenCharge/PMC.gridmix
ALL;20220102T120221;20210401T014500;20210401T020000;22.568389057751;0.075987841945289;0;16.337386018237;3.3434650455927;0;0;0;0;0;7.7887537993921;0;26.44376899696;0.26595744680851;0;0;13.829787234043;5.5851063829787;github.com/GreenCharge/PMC.gridmix
ALL;20220102T120221;20210401T020000;20210401T021500;21.743889091572;0.10944910616563;0;15.870120394017;3.2105071141919;0;0;0;0;0;7.5519883254287;0;25.355709595038;0.25538124771981;0;0;16.125501641737;6.165632980664;github.com/GreenCharge/PMC.gridmix
ALL;20220102T120221;20210401T021500;20210401T023000;20.958083832335;0.10567101091934;0;15.287072912998;3.0644593166608;0;0;0;0;0;7.2912997534343;0;24.48045086298;0.24656569214512;0;0;18.175413878126;6.9038393800634;github.com/GreenCharge/PMC.gridmix
ALL;20220102T120221;20210401T023000;20210401T024500;19.906166219839;0.10053619302949;0;14.276139410188;2.9490616621984;0;0;0;0;0;6.8699731903485;0;23.290884718499;0.23458445040214;0;0;21.280160857909;7.7747989276139;github.com/GreenCharge/PMC.gridmix
ALL;20220102T120221;20210401T024500;20210401T030000;18.907697221335;0.095816033216225;0;13.158735228362;2.8744809964867;0;0;0;0;0;6.5154902587033;0;22.197381028425;0.22357074417119;0;0;23.922069626317;8.9428297668477;github.com/GreenCharge/PMC.gridmix
ALL;20220102T120221;20210401T030000;20210401T031500;18.288538770466;0.092678405931418;0;12.357120790856;2.8112449799197;0;0;0;0;0;6.2712388013593;0;21.470497374112;0.21624961383998;0;0;25.362990423231;10.071053444547;github.com/GreenCharge/PMC.gridmix
ALL;20220102T120221;20210401T031500;20210401T033000;17.645305514158;0.089418777943368;0;11.982116244411;2.7123695976155;0;0;0;0;0;6.080476900149;0;20.685543964232;0.20864381520119;0;0;26.438152011923;11.207153502235;github.com/GreenCharge/PMC.gridmix
ALL;20220102T120221;20210401T033000;20210401T034500;17.154447986091;0.086931324253839;0;11.503911909591;2.6369168356998;0;0;0;0;0;5.8823529411765;0;20.139090118806;0.20283975659229;0;0;27.789046653144;11.735728774268;github.com/GreenCharge/PMC.gridmix
ALL;20220102T120221;20210401T034500;20210401T040000;16.434927697442;0.083426028921023;0;10.789766407119;2.5027808676307;0;0;0;0;0;5.6173526140156;0;19.271412680756;0.19466073414905;0;0;29.866518353726;12.486095661846;github.com/GreenCharge/PMC.gridmix
ALL;20220102T120221;20210401T040000;20210401T041500;15.874294923449;0.10744023636852;0;11.22750470051;2.4442653773838;0;0;0;0;0;5.5063121138867;0;18.694601128122;0.18802041364491;0;0;30.163846360462;13.134568896052;github.com/GreenCharge/PMC.gridmix
ALL;20220102T120221;20210401T041500;20210401T043000;15.608465608466;0.10582010582011;0;11.349206349206;2.4074074074074;0;0;0;0;0;5.4761904761905;0;18.359788359788;0.18518518518519;0;0;29.656084656085;14.232804232804;github.com/GreenCharge/PMC.gridmix
ALL;20220102T120221;20210401T043000;20210401T044500;15.202267456841;0.10306622004638;0;11.388817315125;2.3447565060551;0;0;0;0;0;5.3336768874002;0;17.881989178047;0.18036588508116;0;0;30.095336253543;14.918835351713;github.com/GreenCharge/PMC.gridmix
ALL;20220102T120221;20210401T044500;20210401T050000;14.951849974658;0.10136847440446;0;11.12519006589;2.3314749113026;0;0;0;0;0;5.1951343132286;0;17.587430309174;0.17739483020781;0;0;31.018753167765;15.00253421186;github.com/GreenCharge/PMC.gridmix
ALL;20220102T120221;20210401T050000;20210401T051500;14.881253158161;0.12632642748863;0;11.697827185447;2.2738756947954;0;0;0;0;0.050530570995452;5.1793835270339;0;17.55937342092;0.17685699848408;0;0;30.21728145528;15.33602829712;github.com/GreenCharge/PMC.gridmix
ALL;20220102T120221;20210401T051500;20210401T053000;14.840010078105;0.12597631645251;0;12.118921642731;2.2927689594356;0;0;0;0;1.2849584278156;5.1650289745528;0;17.535903250189;0.17636684303351;0;0;28.848576467624;15.117157974301;github.com/GreenCharge/PMC.gridmix
ALL;20220102T120221;20210401T053000;20210401T054500;14.428955734899;0.12227928588897;0;11.983370017119;2.2254830031793;0;0;0;0;2.9347028613353;5.0134507214478;0;16.996820738567;0.17119100024456;0;0;28.662264612375;15.040352164343;github.com/GreenCharge/PMC.gridmix
ALL;20220102T120221;20210401T054500;20210401T060000;13.90462700661;0.1180358829084;0;12.086874409821;2.1718602455146;0;0;0;0;3.0925401322002;5.028328611898;0;16.406987724268;0.16525023607177;0;0;28.918791312559;15.769593956563;github.com/GreenCharge/PMC.gridmix
ALL;20220102T120221;20210401T060000;20210401T061500;14.026717557252;0.11927480916031;0;12.714694656489;2.0038167938931;0;0;0;0;1.6937022900763;4.9856870229008;0;16.55534351145;0.16698473282443;0;0;29.05534351145;16.412213740458;github.com/GreenCharge/PMC.gridmix
ALL;20220102T120221;20210401T061500;20210401T063000;14.083832335329;0.11976047904192;0;13.077844311377;2.2275449101796;0;0;0;0;2.3233532934132;5.0538922155689;0;16.646706586826;0.16766467065868;0;0;28.502994011976;15.520958083832;github.com/GreenCharge/PMC.gridmix
ALL;20220102T120221;20210401T063000;20210401T064500;13.598519888992;0.11563367252544;0;12.673450508788;2.3820536540241;0;0;0;0;5.6197964847364;4.6947271045328;0;16.073080481036;0.16188714153562;0;0;28.052728954672;14.431082331175;github.com/GreenCharge/PMC.gridmix
ALL;20220102T120221;20210401T064500;20210401T070000;13.322741715842;0.11348161597821;0;12.641852019973;2.5646845211076;0;0;0;0;5.7421697684975;4.6073536087154;0;15.72855197458;0.1588742623695;0.13617793917385;0;27.757603268271;15.070358601906;github.com/GreenCharge/PMC.gridmix
ALL;20220102T120221;20210401T070000;20210401T071500;13.04637230974;0.11093854004881;0;12.513867317506;2.5515864211227;0;0;0;0;4.7925449301087;4.5041047259818;0;15.353893942756;0.15531395606834;0.5325049922343;0;28.02307521633;16.307965387176;github.com/GreenCharge/PMC.gridmix
ALL;20220102T120221;20210401T071500;20210401T073000;12.798783137766;0.10864841373316;0;12.277270751847;2.6075619295958;0;0;0;0;3.9982616253803;4.4111255975663;0;15.058670143416;0.15210777922642;1.5428074750109;0;27.509778357236;17.470664928292;github.com/GreenCharge/PMC.gridmix
ALL;20220102T120221;20210401T073000;20210401T074500;12.785388127854;0.10871928680148;0;12.285279408567;2.6092628832355;0;0;0;0;3.2615786040444;4.4357469015003;0;15.068493150685;0.15220700152207;3.3485540334855;0;26.070884974995;17.808219178082;github.com/GreenCharge/PMC.gridmix
ALL;20220102T120221;20210401T074500;20210401T080000;12.598930481283;0.10695187165775;0;12.085561497326;2.5668449197861;0;0;0;0;2.8021390374332;4.3850267379679;0;14.844919786096;0.14973262032086;5.475935828877;0;24.449197860963;18.502673796791;github.com/GreenCharge/PMC.gridmix
ALL;20220102T120221;20210401T080000;20210401T081500;12.269047124766;0.10379904504879;0;11.667012663483;2.4704172721611;0;0;0;0;1.0172306414781;4.2557608470002;0;14.428067261781;0.1453186630683;8.0755657047955;0;23.271745899938;20.303093211542;github.com/GreenCharge/PMC.gridmix
ALL;20220102T120221;20210401T081500;20210401T083000;11.842368473695;0.1000200040008;0;11.26225245049;2.380476095219;0;0;0;0;0.82016403280656;4.1008201640328;0;13.882776555311;0.14002800560112;10.442088417684;0;22.764552910582;20.344068813763;github.com/GreenCharge/PMC.gridmix
ALL;20220102T120221;20210401T083000;20210401T084500;11.521992993383;0.097314130011678;0;10.957571039315;2.2382249902686;0;0;0;0;0.36979369404438;3.9704165044765;0;13.468275593616;0.13623978201635;12.942779291553;0;21.856753600623;20.572207084469;github.com/GreenCharge/PMC.gridmix
ALL;20220102T120221;20210401T084500;20210401T090000;11.212121212121;0.09469696969697;0;10.340909090909;2.0454545454545;0;0;0;0;0.34090909090909;3.8636363636364;0;13.011363636364;0.13257575757576;15.454545454545;0;21.098484848485;20.587121212121;github.com/GreenCharge/PMC.gridmix
ALL;20220102T120221;20210401T090000;20210401T091500;10.748595251042;0.09062896501722;0;9.8966829798804;1.8125793003444;0;0;0;0;2.084466195396;3.7520391517129;0;12.216784484321;0.12688055102411;17.382635490303;0;19.757114373754;20.391517128874;github.com/GreenCharge/PMC.gridmix
ALL;20220102T120221;20210401T091500;20210401T093000;10.465937169079;0.088245675961878;0;9.6893752206142;1.6590187080833;0;0;0;0;1.7119661136604;3.7239675255912;0;11.73667490293;0.12354394634663;19.661136604306;0;19.590540063537;19.855277091423;github.com/GreenCharge/PMC.gridmix
ALL;20220102T120221;20210401T093000;20210401T094500;10.394390885188;0.087642418930762;0;8.9395267309378;1.5950920245399;0;0;0;0;0.56091148115688;3.6108676599474;0;11.638913234005;0.12269938650307;22.208588957055;0;19.246275197195;19.912357581069;github.com/GreenCharge/PMC.gridmix
ALL;20220102T120221;20210401T094500;20210401T100000;10.062893081761;0.084990651028387;0;8.6180520142784;1.5468298487166;0;0;0;0;0.44195138534761;3.5186129525752;0;11.303756586775;0.11898691143974;24.273329933707;0;18.884922658508;19.513853476118;github.com/GreenCharge/PMC.gridmix
ALL;20220102T120221;20210401T100000;20210401T101500;9.549114331723;0.064412238325282;0;8.5668276972625;1.4653784219002;0;0;0;0;1.8196457326892;3.4782608695652;0;10.724637681159;0.11272141706924;25.394524959742;0;17.874396135266;19.371980676329;github.com/GreenCharge/PMC.gridmix
ALL;20220102T120221;20210401T101500;20210401T103000;9.1118623232944;0.061462814996927;0;8.3435771358328;1.3982790411801;0;0;0;0;3.2575291948371;3.2728948985864;0;10.218192993239;0.10755992624462;26.521204671174;0;17.224953902889;18.976644130301;github.com/GreenCharge/PMC.gridmix
ALL;20220102T120221;20210401T103000;20210401T104500;9.0450725744843;0.061115355233002;0;8.0366692131398;1.4056531703591;0;0;0;0;1.7112299465241;3.2543926661574;0;10.160427807487;0.10695187165775;28.449197860963;0;16.760886172651;19.511077158136;github.com/GreenCharge/PMC.gridmix
ALL;20220102T120221;20210401T104500;20210401T110000;8.9388001205909;0.060295447693699;0;7.5972264094061;1.4320168827254;0;0;0;0;0.58788061501357;3.2559541754598;0;10.009044317154;0.10551703346397;30.102502261079;0;16.294844739222;20.138679529696;github.com/GreenCharge/PMC.gridmix
ALL;20220102T120221;20210401T110000;20210401T111500;8.8;0.059259259259259;0;6.637037037037;1.362962962963;0;0;0;0;0.57777777777778;3.0962962962963;0;9.8518518518519;0.1037037037037;31.214814814815;0;16.059259259259;20.785185185185;github.com/GreenCharge/PMC.gridmix
ALL;20220102T120221;20210401T111500;20210401T113000;8.7461414082023;0.058797589298839;0;6.1590474790534;1.3523445538733;0;0;0;0;0.38218433044245;3.086873438189;0;9.7750992209319;0.10289578127297;32.221078935764;0;15.257974423049;21.417021902102;github.com/GreenCharge/PMC.gridmix
ALL;20220102T120221;20210401T113000;20210401T114500;8.6364295029706;0.057962614113897;0;5.5789016084625;1.3331401246196;0;0;0;0;0.62309810172439;3.057527894508;0;9.6073032893784;0.10143457469932;32.908274163165;0;14.563106796117;22.112737284452;github.com/GreenCharge/PMC.gridmix
ALL;20220102T120221;20210401T114500;20210401T120000;8.6109909130247;0.057695081494303;0;5.4954565123323;1.326986874369;0;0;0;0;0.20193278523006;3.0145680080773;0;9.5773835280542;0.10096639261503;33.650656281552;0;14.293956440213;22.255877686427;github.com/GreenCharge/PMC.gridmix
ALL;20220102T120221;20210401T120000;20210401T121500;8.4861407249467;0.042643923240938;0;5.3020611229566;1.3219616204691;0;0;0;0;0.58280028429282;2.999289267946;0;9.4953802416489;0.099502487562189;33.972992181947;0;13.702914001421;22.572850035537;github.com/GreenCharge/PMC.gridmix
ALL;20220102T120221;20210401T121500;20210401T123000;8.3976969526752;0.042128914478304;0;5.2239853953096;1.3059963488274;0;0;0;0;1.1655666338997;2.963066984974;0;9.3526190141834;0.098300800449375;34.19463558489;0;13.832326920376;22.01937930066;github.com/GreenCharge/PMC.gridmix
ALL;20220102T120221;20210401T123000;20210401T124500;8.4702549575071;0.042492917847025;0;5;1.3172804532578;0;0;0;0;0;2.9886685552408;0;9.4334277620397;0.099150141643059;34.900849858357;0;13.966005665722;22.365439093484;github.com/GreenCharge/PMC.gridmix
ALL;20220102T120221;20210401T124500;20210401T130000;8.4709868699704;0.042354934349852;0;5.2378935479317;1.3130029648454;0;0;0;0;0;2.9648454044896;0;9.4027954256671;0.098828180149654;34.872229281378;0;13.581815614852;22.603416631371;github.com/GreenCharge/PMC.gridmix
ALL;20220102T120221;20210401T130000;20210401T131500;8.4946996466431;0.042402826855124;0;4.9328621908127;1.9505300353357;0;0;0;0;0;2.982332155477;0;9.4134275618375;0.098939929328622;35.010600706714;0;13.342756183746;22.318021201413;github.com/GreenCharge/PMC.gridmix
ALL;20220102T120221;20210401T131500;20210401T133000;8.3785664578984;0.041753653444676;0;5.0382741823243;1.9206680584551;0;0;0;0;0;2.9366736256089;0;9.241475295755;0.097425191370912;34.516353514266;0;13.653444676409;22.783576896312;github.com/GreenCharge/PMC.gridmix
ALL;20220102T120221;20210401T133000;20210401T134500;8.3102876106195;0.041482300884956;0;5.0055309734513;1.8528761061947;0;0;0;0;0;2.9452433628319;0;9.1537610619469;0.09679203539823;34.12610619469;0;13.689159292035;23.396017699115;github.com/GreenCharge/PMC.gridmix
ALL;20220102T120221;20210401T134500;20210401T140000;8.2953761214631;0.041407867494824;0;4.9827467218772;1.8219461697723;0;0;0;0;0;2.8985507246377;0;9.0683229813665;0.096618357487923;33.664596273292;0;13.733609385783;24.016563146998;github.com/GreenCharge/PMC.gridmix
ALL;20220102T120221;20210401T140000;20210401T141500;8.3448657625242;0.041516745087185;0;4.8989759202878;1.8267367838361;0;0;0;0;0;2.9338499861611;0;8.8845834486576;0.096872405203432;32.922778854138;0;13.797398283975;24.868530307224;github.com/GreenCharge/PMC.gridmix
ALL;20220102T120221;20210401T141500;20210401T143000;8.4147362545353;0.0418643594753;0;4.9399944180854;1.8420318169132;0;0;0;0;0;2.9444599497628;0;8.9450181412224;0.097683505442367;32.375104660899;0;12.991906223835;26.011722020653;github.com/GreenCharge/PMC.gridmix
ALL;20220102T120221;20210401T143000;20210401T144500;8.6142857142857;0.042857142857143;0;5.0428571428571;1.8857142857143;0;0;0;0;0;3;0;9.1571428571429;0.1;32;0;11.871428571429;26.857142857143;github.com/GreenCharge/PMC.gridmix
ALL;20220102T120221;20210401T144500;20210401T150000;8.8395352257685;0.044124135902339;0;5.1919399911752;1.9414619797029;0;0;0;0;0;3.0886895131637;0;9.4131489924989;0.10295631710546;31.739961759082;0;10.766289160171;27.401088395352;github.com/GreenCharge/PMC.gridmix
ALL;20220102T120221;20210401T150000;20210401T151500;9.1671751067724;0.030506406345333;0;5.2013422818792;2.0591824283099;0;0;0;0;0;3.2031726662599;0;9.6552776082977;0.10677242220866;31.680902989628;0;9.2434411226358;28.126906650397;github.com/GreenCharge/PMC.gridmix
ALL;20220102T120221;20210401T151500;20210401T153000;9.452658068575;0.031456432840516;0;5.2217678515256;2.1233092167348;0;0;0;0;0;3.3029254482542;0;9.9874174268638;0.11009751494181;31.189053161372;0;7.9112928593897;29.097200377477;github.com/GreenCharge/PMC.gridmix
ALL;20220102T120221;20210401T153000;20210401T154500;9.7774890368686;0.032483352281956;0;5.3922364788046;2.16014292675;0;0;0;0;0;3.4107519896053;0;10.280980997239;0.11369173298684;30.030859184668;0;7.5036543771317;29.673542309566;github.com/GreenCharge/PMC.gridmix
ALL;20220102T120221;20210401T154500;20210401T160000;10.063737001006;0.033545790003355;0;5.5518282455552;2.2307950352231;0;0;0;0;0;3.5558537403556;0;10.60046964106;0.11741026501174;28.815833612882;0;7.4974840657497;29.855753102986;github.com/GreenCharge/PMC.gridmix
ALL;20220102T120221;20210401T160000;20210401T161500;10.386013501818;0.034620045006059;0;5.902717673533;2.4234031504241;0;0;0;0;0;3.6697247706422;0;11.02648433443;0.1211701575212;27.696036004847;0;7.9799203738965;29.02890773758;github.com/GreenCharge/PMC.gridmix
ALL;20220102T120221;20210401T161500;20210401T163000;10.838150289017;0.036127167630058;0;6.268063583815;2.528901734104;0;0;0;0;0;3.8294797687861;0;11.542630057803;0.1264450867052;26.282514450867;0;8.4718208092486;28.26950867052;github.com/GreenCharge/PMC.gridmix
ALL;20220102T120221;20210401T163000;20210401T164500;11.150475480142;0.037292560134253;0;6.7499533842998;2.5731866492635;0;0;0;0;0;3.9530113742308;0;11.952265523028;0.13052396046989;24.892783889614;0;8.6332276710796;28.062651501026;github.com/GreenCharge/PMC.gridmix
ALL;20220102T120221;20210401T164500;20210401T170000;11.296436694466;0.037907505686126;0;7.2971948445792;2.9188779378317;0;0;0;0;0;4.0181956027293;0;12.13040181956;0.13267626990144;23.218347232752;0;9.1167551175133;27.937831690675;github.com/GreenCharge/PMC.gridmix
ALL;20220102T120221;20210401T170000;20210401T171500;11.619307123394;0.038925652004671;0;7.7656675749319;3.0945893343714;0;0;0;0;0.038925652004671;4.1455819384975;0;12.592448423511;0.13623978201635;21.233943168548;0;9.5562475671467;27.83184118334;github.com/GreenCharge/PMC.gridmix
ALL;20220102T120221;20210401T171500;20210401T173000;11.859356376639;0.039729837107668;0;7.9261025029797;3.3571712355979;0;0;0;0;0.23837902264601;4.191497814859;0;13.2101708383;0.13905442987684;18.871672626142;0;10.270162892332;27.910210568137;github.com/GreenCharge/PMC.gridmix
ALL;20220102T120221;20210401T173000;20210401T174500;12.019327561909;0.040265753976243;0;8.0732836722368;3.7245822428025;0;0;0;0;0.18119589289309;4.2480370444937;0;13.791020736863;0.14093013891685;16.6096235152;0;11.475739883229;27.682705858667;github.com/GreenCharge/PMC.gridmix
ALL;20220102T120221;20210401T174500;20210401T180000;12.240706510577;0.041076196344219;0;8.2357773670158;4.0049291435613;0;0;0;0;0.20538098172109;4.3335387143151;0;14.089135346067;0.14376668720476;14.294516327788;0;12.836311357568;27.521051550626;github.com/GreenCharge/PMC.gridmix
ALL;20220102T120221;20210401T180000;20210401T181500;12.375415282392;0.041528239202658;0;9.0946843853821;4.4435215946844;0;0;0;0;0.20764119601329;4.3812292358804;0;13.891196013289;0.1453488372093;11.794019933555;0;13.808139534884;27.761627906977;github.com/GreenCharge/PMC.gridmix
ALL;20220102T120221;20210401T181500;20210401T183000;12.694355697551;0.042598509052183;0;9.3290734824281;5.0053248136315;0;0;0;0;0.12779552715655;4.4941427050053;0;14.44089456869;0.14909478168264;9.3290734824281;0;15.186368477103;27.092651757188;github.com/GreenCharge/PMC.gridmix
ALL;20220102T120221;20210401T183000;20210401T184500;12.95010845987;0.043383947939262;0;9.7180043383948;5.2711496746204;0;0;0;0;1.409978308026;4.5986984815618;0;14.70715835141;0.15184381778742;6.9631236442516;0;16.008676789588;26.030368763557;github.com/GreenCharge/PMC.gridmix
ALL;20220102T120221;20210401T184500;20210401T190000;12.939643942683;0.043421623968736;0;10.703430308294;5.3191489361702;0;0;0;0;2.6487190620929;4.5809813287017;0;14.785062961355;0.15197568389058;4.7112462006079;0;16.239687364307;25.727312201476;github.com/GreenCharge/PMC.gridmix
ALL;20220102T120221;20210401T190000;20210401T191500;13.149779735683;0.066079295154185;0;11.079295154185;5.4405286343612;0;0;0;0;2.7753303964758;4.647577092511;0;15.066079295154;0.15418502202643;2.8193832599119;0;16.607929515419;26.013215859031;github.com/GreenCharge/PMC.gridmix
ALL;20220102T120221;20210401T191500;20210401T193000;13.430493273543;0.067264573991031;0;11.300448430493;5.5829596412556;0;0;0;0;2.7354260089686;4.7309417040359;0;15.403587443946;0.15695067264574;1.3677130044843;0;16.233183856502;26.77130044843;github.com/GreenCharge/PMC.gridmix
ALL;20220102T120221;20210401T193000;20210401T194500;13.324450366422;0.066622251832112;0;11.192538307795;5.5296469020653;0;0;0;0;3.7086386853209;4.6857650455252;0;15.278703086831;0.15545192094159;0.46635576282478;0;15.434155007773;27.95913835221;github.com/GreenCharge/PMC.gridmix
ALL;20220102T120221;20210401T194500;20210401T200000;13.161942430235;0.0659195781147;0;11.096462315975;5.493298176225;0;0;0;0;4.9659415513074;4.6363436607339;0;15.095583388266;0.1538123489343;0.1098659635245;0;14.502307185234;28.543177323665;github.com/GreenCharge/PMC.gridmix
ALL;20220102T120221;20210401T200000;20210401T201500;13.425822331618;0.067129111658089;0;11.501454464086;5.6164690087268;0;0;0;0;4.3186395166704;4.7214141866189;0;15.372566569702;0.15663459386887;0;0;13.716715148803;28.887894383531;github.com/GreenCharge/PMC.gridmix
ALL;20220102T120221;20210401T201500;20210401T203000;13.656987295826;0.068058076225045;0;11.683303085299;5.6715063520871;0;0;0;0;3.7205081669691;4.8094373865699;0;15.607985480944;0.15880217785844;0;0;13.362068965517;29.015426497278;github.com/GreenCharge/PMC.gridmix
ALL;20220102T120221;20210401T203000;20210401T204500;13.782051282051;0.068681318681319;0;11.813186813187;5.6776556776557;0;0;0;0;3.7087912087912;4.8305860805861;0;15.750915750916;0.16025641025641;0;0;13.53021978022;28.411172161172;github.com/GreenCharge/PMC.gridmix
ALL;20220102T120221;20210401T204500;20210401T210000;14.177872139656;0.070771408351026;0;12.007548950224;5.8976173625855;0;0;0;0;1.2267044114178;4.9775890540222;0;16.230242981835;0.16513328615239;0;0;14.50813871196;28.402925218212;github.com/GreenCharge/PMC.gridmix
ALL;20220102T120221;20210401T210000;20210401T211500;14.016298020955;0.069848661233993;0;11.571594877765;5.8905704307334;0;0;0;0;3.0500582072177;4.9359720605355;0;16.018626309662;0.16298020954598;0;0;14.901047729919;27.077997671711;github.com/GreenCharge/PMC.gridmix
ALL;20220102T120221;20210401T211500;20210401T213000;14.346997140133;0.071496663489037;0;11.916110581506;6.0057197330791;0;0;0;0;2.4547187797903;5.0762631077216;0;16.420400381316;0.16682554814109;0;0;15.061963775024;26.120114394662;github.com/GreenCharge/PMC.gridmix
ALL;20220102T120221;20210401T213000;20210401T214500;14.682926829268;0.073170731707317;0;12.19512195122;6.0731707317073;0;0;0;0;1.8536585365854;5.1951219512195;0;16.780487804878;0.17073170731707;0;0;14.780487804878;25.780487804878;github.com/GreenCharge/PMC.gridmix
ALL;20220102T120221;20210401T214500;20210401T220000;15.038720959281;0.074943792155883;0;11.966025480889;6.1953534848863;0;0;0;0;1.3989507869098;5.3459905071197;0;17.212090931801;0.17486884836373;0;0;14.039470397202;26.080439670247;github.com/GreenCharge/PMC.gridmix
ALL;20220102T120221;20210401T220000;20210401T221500;14.729630535845;0.073403474431123;0;11.646684609738;6.0190849033521;0;0;0;0;4.2818693418155;5.2361145094201;0;16.882799119158;0.17127477367262;0;0;13.432835820896;25.103988255444;github.com/GreenCharge/PMC.gridmix
ALL;20220102T120221;20210401T221500;20210401T223000;15.244365662193;0.07596859964548;0;12.230944542922;6.1534565712839;0;0;0;0;1.797923524943;5.4190934413776;0;17.47277791846;0.17726006583945;0;0;14.231451000253;24.689794884781;github.com/GreenCharge/PMC.gridmix
ALL;20220102T120221;20210401T223000;20210401T224500;15.603939865215;0.077760497667185;0;11.845515811301;5.8320373250389;0;0;0;0;1.4256091238984;5.5469155002592;0;17.858994297564;0.18144116122343;0;0;14.515292897875;24.546397096941;github.com/GreenCharge/PMC.gridmix
ALL;20220102T120221;20210401T224500;20210401T230000;15.915119363395;0.079575596816976;0;11.087533156499;5.4111405835544;0;0;0;0;1.2466843501326;5.6763925729443;0;18.275862068966;0.18567639257294;0;0;15.066312997347;24.429708222812;github.com/GreenCharge/PMC.gridmix
ALL;20220102T120221;20210401T230000;20210401T231500;16.130760986066;0.080385852090032;0;11.173633440514;5.037513397642;0;0;0;0;1.9024651661308;5.7341907824223;0;18.461950696677;0.18756698821008;0;0;14.817792068596;23.82100750268;github.com/GreenCharge/PMC.gridmix
ALL;20220102T120221;20210401T231500;20210401T233000;16.474780701754;0.082236842105263;0;10.882675438596;4.6875;0;0;0;0;0.84978070175439;5.8936403508772;0;18.832236842105;0.19188596491228;0;0;15.487938596491;23.90350877193;github.com/GreenCharge/PMC.gridmix
ALL;20220102T120221;20210401T233000;20210401T234500;16.597624965479;0.082850041425021;0;10.107705053853;4.2805854736261;0;0;0;0;0.77326705330019;5.9652029826015;0;18.97265948633;0.19331676332505;0;0;16.680475006904;23.612261806131;github.com/GreenCharge/PMC.gridmix
ALL;20220102T120221;20210401T234500;20210402T000000;16.731517509728;0.083379655364091;0;9.6164535853252;4.0300166759311;0;0;0;0;1.556420233463;6.0311284046693;0;19.121734296832;0.19455252918288;0;0;16.898276820456;22.984991662034;github.com/GreenCharge/PMC.gridmix
ALL;20220102T120221;20210402T000000;20210402T001500;17.398843930636;0;0;8.6994219653179;3.4104046242775;0;0;0;0;1.5028901734104;6.3005780346821;0;19.85549132948;0.20231213872832;0;0;18.005780346821;22.514450867052;github.com/GreenCharge/PMC.gridmix
ALL;20220102T120221;20210402T001500;20210402T003000;17.645331767469;0;0;7.3399882560188;3.5525543159131;0;0;0;0;0.93951849677041;6.3711098062243;0;20.17028772754;0.20551967116853;0;0;19.37756899589;22.254844392249;github.com/GreenCharge/PMC.gridmix
ALL;20220102T120221;20210402T003000;20210402T004500;17.528483786152;0;0;6.7192521180251;3.5933391761613;0;0;0;0;0.52585451358457;6.3686824423021;0;19.95325737657;0.20449897750511;0;0;20.333041191937;22.64095822378;github.com/GreenCharge/PMC.gridmix
ALL;20220102T120221;20210402T004500;20210402T010000;17.629716981132;0;0;5.4834905660377;3.626179245283;0;0;0;0;0.26533018867925;6.4563679245283;0;20.283018867925;0.2063679245283;0;0;21.373820754717;22.52358490566;github.com/GreenCharge/PMC.gridmix
ALL;20220102T120221;20210402T010000;20210402T011500;17.742890995261;0.059241706161137;0;4.9763033175355;3.64336492891;0;0;0;0;0.50355450236967;6.7535545023697;0;20.438388625592;0.20734597156398;0;0;21.88981042654;21.623222748815;github.com/GreenCharge/PMC.gridmix
ALL;20220102T120221;20210402T011500;20210402T013000;17.837998808815;0.059559261465158;0;5.0029779630733;3.6926742108398;0;0;0;0;0.29779630732579;6.7599761762954;0;20.518165574747;0.20845741512805;0;0;22.215604526504;21.232876712329;github.com/GreenCharge/PMC.gridmix
ALL;20220102T120221;20210402T013000;20210402T014500;17.785035629454;0.05938242280285;0;4.958432304038;3.6520190023753;0;0;0;0;0.38598574821853;6.561757719715;0;20.249406175772;0.20783847980998;0;0;22.535629453682;21.437054631829;github.com/GreenCharge/PMC.gridmix
ALL;20220102T120221;20210402T014500;20210402T020000;17.671394799054;0.059101654846336;0;4.934988179669;3.6347517730496;0;0;0;0;0.26595744680851;6.5602836879433;0;20.24231678487;0.20685579196217;0;0;21.897163120567;22.369976359338;github.com/GreenCharge/PMC.gridmix
ALL;20220102T120221;20210402T020000;20210402T021500;17.622830244189;0.088261253309797;0;4.9132097675787;3.5304501323919;0;0;0;0;0.26478375992939;6.5901735804648;0;20.241247425713;0.20594292438953;0;0;22.624301265078;21.77110914975;github.com/GreenCharge/PMC.gridmix
ALL;20220102T120221;20210402T021500;20210402T023000;17.552098620487;0.088054006457294;0;4.9016730261227;3.5221602582918;0;0;0;0;0.35221602582918;6.6921044907543;0;20.223070149692;0.20545934840035;0;0;22.688582330496;21.631934253009;github.com/GreenCharge/PMC.gridmix
ALL;20220102T120221;20210402T023000;20210402T024500;17.615815874889;0.088521687813514;0;4.9277072882856;3.6293892003541;0;0;0;0;0.35408675125406;6.7866627323694;0;20.330480967837;0.2065506048982;0;0;22.218943641192;21.687813514311;github.com/GreenCharge/PMC.gridmix
ALL;20220102T120221;20210402T024500;20210402T030000;17.56876663709;0.088731144631766;0;4.9393670511683;3.6379769299024;0;0;0;0;0.35492457852706;6.6548358473824;0;20.378586217096;0.20703933747412;0;0;22.389825495416;21.62082224194;github.com/GreenCharge/PMC.gridmix
ALL;20220102T120221;20210402T030000;20210402T031500;17.626112759644;0.089020771513353;0;4.9554896142433;3.620178041543;0;0;0;0;0.32640949554896;6.7062314540059;0;20.445103857567;0.20771513353116;0;0;21.899109792285;21.958456973294;github.com/GreenCharge/PMC.gridmix
ALL;20220102T120221;20210402T031500;20210402T033000;17.633065715135;0.089206066012489;0;4.9658043413619;3.6277133511745;0;0;0;0;0.20814748736247;6.7201903062742;0;20.54713053821;0.20814748736247;0;0;21.468926553672;22.360987213797;github.com/GreenCharge/PMC.gridmix
ALL;20220102T120221;20210402T033000;20210402T034500;17.44630773757;0.088261253309797;0;4.9132097675787;3.5598705501618;0;0;0;0;0.20594292438953;6.6195939982348;0;20.329508679023;0.20594292438953;0;0;21.329802883201;23.153868784937;github.com/GreenCharge/PMC.gridmix
ALL;20220102T120221;20210402T034500;20210402T040000;17.239370995923;0.087361677344205;0;4.8631333721607;3.4944670937682;0;0;0;0;0.43680838672103;6.4647641234712;0;20.122306348282;0.20384391380315;0;0;21.345369831101;23.61677344205;github.com/GreenCharge/PMC.gridmix
ALL;20220102T120221;20210402T040000;20210402T041500;17.015781922525;0.11477761836442;0;4.7919655667145;3.3859397417504;0;0;0;0;0.97560975609756;6.5423242467719;0;19.856527977044;0.20086083213773;0;0;21.147776183644;23.873744619799;github.com/GreenCharge/PMC.gridmix
ALL;20220102T120221;20210402T041500;20210402T043000;16.982214572576;0.11474469305795;0;4.8192771084337;3.3562822719449;0;0;0;0;0.57372346528973;6.425702811245;0;19.936890418818;0.20080321285141;0;0;21.170395869191;24.325874928285;github.com/GreenCharge/PMC.gridmix
ALL;20220102T120221;20210402T043000;20210402T044500;16.690160699182;0.11277135607556;0;4.7082041161545;3.29856216521;0;0;0;0;0.70482097547223;6.3997744572878;0;19.565830279109;0.19734987313222;0;0;21.680293205526;24.584155624471;github.com/GreenCharge/PMC.gridmix
ALL;20220102T120221;20210402T044500;20210402T050000;16.452872281093;0.11154489682097;0;4.7406581148912;3.2348020078081;0;0;0;0;0.80870050195204;6.3580591187953;0;19.380925822644;0.1952035694367;0;0;22.030117122142;24.651422197434;github.com/GreenCharge/PMC.gridmix
ALL;20220102T120221;20210402T050000;20210402T051500;16.480446927374;0.13966480446927;0;5.195530726257;3.1284916201117;0;0;0;0;0.75418994413408;6.3687150837989;0;19.385474860335;0.19553072625698;0;0;22.234636871508;24.078212290503;github.com/GreenCharge/PMC.gridmix
ALL;20220102T120221;20210402T051500;20210402T053000;16.334440753045;0.13842746400886;0;5.2879291251384;3.1284606866002;0;0;0;0;0.8859357696567;6.2015503875969;0;19.21373200443;0.1937984496124;0;0;22.785160575858;23.809523809524;github.com/GreenCharge/PMC.gridmix
ALL;20220102T120221;20210402T053000;20210402T054500;16.271373414231;0.13789299503585;0;5.3502482073911;3.0060672917816;0;0;0;0;0.93767236624379;6.1224489795918;0;19.111969111969;0.19305019305019;0;0;23.166023166023;23.690016547159;github.com/GreenCharge/PMC.gridmix
ALL;20220102T120221;20210402T054500;20210402T060000;16.212496559317;0.13762730525736;0;5.1747866776769;3.3030553261767;0;0;0;0;0.93586567575007;6.1381778144784;0;19.075144508671;0.19267822736031;0;0;22.708505367465;24.11230388109;github.com/GreenCharge/PMC.gridmix
ALL;20220102T120221;20210402T060000;20210402T061500;16.006511123169;0.13564839934889;0;5.3988062940857;3.3912099837222;0;0;0;0;0.70537167661422;6.0227889310906;0;18.746608790016;0.18990775908844;0;0;22.544763971785;24.877916440586;github.com/GreenCharge/PMC.gridmix
ALL;20220102T120221;20210402T061500;20210402T063000;15.710856228328;0.1333688983729;0;5.334755934916;3.2808748999733;0;0;0;0;0.61349693251534;6.0282742064551;0;18.484929314484;0.18671645772206;0;0;23.419578554281;24.859962656708;github.com/GreenCharge/PMC.gridmix
ALL;20220102T120221;20210402T063000;20210402T064500;15.426925091671;0.130958617077;0;5.2383446830801;3.1691985332635;0;0;0;0;0.83813514929282;5.9717129387114;0;18.150864326873;0.18334206390781;0.026191723415401;0;24.017810371922;24.934520691461;github.com/GreenCharge/PMC.gridmix
ALL;20220102T120221;20210402T064500;20210402T070000;15.219638242894;0.12919896640827;0;5.1679586563307;3.1266149870801;0;0;0;0;0.98191214470284;5.8914728682171;0;17.906976744186;0.18087855297158;0.23255813953488;0;24.418604651163;24.857881136951;github.com/GreenCharge/PMC.gridmix
ALL;20220102T120221;20210402T070000;20210402T071500;15.080377647359;0.12758356723654;0;4.9757591222251;3.062005613677;0;0;0;0;0.61240112273539;5.8178106659862;0;17.657565705537;0.17861699413116;0.73998468997193;0;25.21051288594;24.674661903547;github.com/GreenCharge/PMC.gridmix
ALL;20220102T120221;20210402T071500;20210402T073000;14.719800747198;0.12453300124533;0;4.8567870485679;2.9887920298879;0;0;0;0;0.79701120797011;5.7285180572852;0;17.260273972603;0.17434620174346;1.6438356164384;0;24.782067247821;25.105853051059;github.com/GreenCharge/PMC.gridmix
ALL;20220102T120221;20210402T073000;20210402T074500;14.244396240058;0.12051096649795;0;4.6999276934201;2.8922631959508;0;0;0;0;0.7471679922873;5.5917088455049;0;16.702819956616;0.16871535309713;3.1091829356471;0;24.078091106291;25.88575560376;github.com/GreenCharge/PMC.gridmix
ALL;20220102T120221;20210402T074500;20210402T080000;13.972667295005;0.11781338360038;0;4.5947219604147;2.803958529689;0;0;0;0;0.49481621112158;5.4665409990575;0;16.328934967012;0.16493873704053;4.9010367577757;0;22.997172478794;26.437323279925;github.com/GreenCharge/PMC.gridmix
ALL;20220102T120221;20210402T080000;20210402T081500;13.659320477502;0.1147842056933;0;4.4306703397612;2.7089072543618;0;0;0;0;0.89531680440771;5.3489439853076;0;15.93204775023;0.16069788797062;6.9559228650138;0;21.900826446281;26.216712580349;github.com/GreenCharge/PMC.gridmix
ALL;20220102T120221;20210402T081500;20210402T083000;13.15207780725;0.1105216622458;0;4.2440318302387;2.6083112290009;0;0;0;0;2.2546419098143;5.1724137931034;0;15.362511052166;0.15473032714412;8.9522546419098;0;20.601237842617;25.773651635721;github.com/GreenCharge/PMC.gridmix
ALL;20220102T120221;20210402T083000;20210402T084500;12.856525496975;0.10803802938634;0;4.1486603284356;2.5280898876404;0;0;0;0;2.5496974935177;5.0777873811582;0;15.017286084702;0.15125324114088;11.171132238548;0;18.885047536733;25.929127052723;github.com/GreenCharge/PMC.gridmix
ALL;20220102T120221;20210402T084500;20210402T090000;12.419388391928;0.10401497815685;0;3.9733721655918;2.4339504888704;0;0;0;0;2.4755564801331;4.8887039733722;0;14.458081963803;0.1456209694196;13.105887247764;0;19.159558976493;25.317245683378;github.com/GreenCharge/PMC.gridmix
ALL;20220102T120221;20210402T090000;20210402T091500;11.645569620253;0.097370983446933;0;3.6027263875365;2.2784810126582;0;0;0;0;4.5180136319377;4.5764362220058;0;13.534566699124;0.13631937682571;14.27458617332;0;19.37682570594;24.537487828627;github.com/GreenCharge/PMC.gridmix
ALL;20220102T120221;20210402T091500;20210402T093000;11.094592083256;0.09291953168556;0;3.4194387660286;2.155733135105;0;0;0;0;5.4079167440996;4.3486340828842;0;12.93439881063;0.13008734435978;15.536145697826;0;19.587437279316;23.9360713622;github.com/GreenCharge/PMC.gridmix
ALL;20220102T120221;20210402T093000;20210402T094500;10.650464617584;0.089349535382416;0;3.2523230879199;2.0550393137956;0;0;0;0;3.8956397426733;4.1458184417441;0;12.401715511079;0.12508934953538;16.690493209435;0;20.729092208721;24.660471765547;github.com/GreenCharge/PMC.gridmix
ALL;20220102T120221;20210402T094500;20210402T100000;10.361613351878;0.08692628650904;0;3.0076495132128;1.9993045897079;0;0;0;0;2.8164116828929;3.9986091794159;0;12.082753824757;0.12169680111266;17.628650904033;0;21.296940194715;25.330319888734;github.com/GreenCharge/PMC.gridmix
ALL;20220102T120221;20210402T100000;20210402T101500;10.307851954341;0.086475268073331;0;2.7499135247319;1.9197509512279;0;0;0;0;0.60532687651332;4.0470425458319;0;12.002767208578;0.12106537530266;18.989968868903;0;21.722587340021;26.184711172605;github.com/GreenCharge/PMC.gridmix
ALL;20220102T120221;20210402T101500;20210402T103000;9.9416180150125;0.083402835696414;0;2.5688073394495;1.8348623853211;0;0;0;0;0.78398665554629;3.8698915763136;0;11.576313594662;0.11676396997498;19.582985821518;0;22.068390325271;26.355296080067;github.com/GreenCharge/PMC.gridmix
ALL;20220102T120221;20210402T103000;20210402T104500;9.6315449256626;0.080801551389787;0;2.4078862314156;1.7776341305753;0;0;0;0;1.131221719457;3.7330316742081;0;11.215255332902;0.1131221719457;20.378151260504;0;21.008403361345;27.343244990304;github.com/GreenCharge/PMC.gridmix
ALL;20220102T120221;20210402T104500;20210402T110000;9.4491927825261;0.079138968027857;0;2.2950300728079;1.7410572966129;0;0;0;0;1.1396011396011;3.6720481164926;0;11.000316555872;0.110794555239;21.399176954733;0;19.974675530231;27.98353909465;github.com/GreenCharge/PMC.gridmix
ALL;20220102T120221;20210402T110000;20210402T111500;9.1955787534541;0.061406202026405;0;2.1799201719374;1.6886705557261;0;0;0;0;1.1360147374885;3.5922628185447;0;10.669327602088;0.10746085354621;21.829904820387;0;19.527172244397;28.891618053423;github.com/GreenCharge/PMC.gridmix
ALL;20220102T120221;20210402T111500;20210402T113000;9.1366687004271;0.061012812690665;0;2.1507016473459;1.6778523489933;0;0;0;0;1.1134838316046;3.5234899328859;0;10.402684563758;0.10677242220866;22.803538743136;0;18.456375838926;29.453935326419;github.com/GreenCharge/PMC.gridmix
ALL;20220102T120221;20210402T113000;20210402T114500;9.0991672975019;0.060560181680545;0;2.1196063588191;1.6048448145344;0;0;0;0;1.0900832702498;3.4973504920515;0;10.068130204391;0.10598031794095;23.633610900833;0;17.577592732778;30.03785011355;github.com/GreenCharge/PMC.gridmix
ALL;20220102T120221;20210402T114500;20210402T120000;8.8971132494449;0.059215396002961;0;2.0577350111029;1.5099925980755;0;0;0;0;0.66617320503331;3.3900814211695;0;9.5040710584752;0.10362694300518;24.219096965211;0;17.735011102887;30.777202072539;github.com/GreenCharge/PMC.gridmix
ALL;20220102T120221;20210402T120000;20210402T121500;8.7538170713974;0.058164897484368;0;1.9485240657263;1.5122873345936;0;0;0;0;0.15995346808201;3.3299403809801;0;9.0882652319325;0.10178857059764;24.850952450196;0;17.943870873928;31.190926275992;github.com/GreenCharge/PMC.gridmix
ALL;20220102T120221;20210402T121500;20210402T123000;8.6975397973951;0.057887120115774;0;1.9392185238784;1.5050651230101;0;0;0;0;0.14471780028944;3.2995658465991;0;9.0303907380608;0.1013024602026;25.629522431259;0;17.67004341534;30.868306801737;github.com/GreenCharge/PMC.gridmix
ALL;20220102T120221;20210402T123000;20210402T124500;8.6066160675927;0.057281970499785;0;1.9189460117428;1.4750107403695;0;0;0;0;0;3.2650723184878;0;8.9503078905914;0.10024344837462;26.206501503652;0;17.098668194186;31.275955892883;github.com/GreenCharge/PMC.gridmix
ALL;20220102T120221;20210402T124500;20210402T130000;8.5341650127587;0.056705415367168;0;1.8996314148001;1.4459880918628;0;0;0;0;0;3.203855968245;0;8.8460447972781;0.099234476892543;26.566487099518;0;16.728097533314;31.584916359512;github.com/GreenCharge/PMC.gridmix
